--- multipoles on reference trajectory (rz > 0) ---
effective_length:                   435.93035095073424 mm
perpendicular_grid:                 41 points in [-10.000000,+10.000000] mm
max_fitting_error_normal            0.053/6417.524 G/G
max_fitting_error_skew              335.640/335.640 G/G
r0_for_relative_multipoles          12 mm
main_monomial                       n = 0, skew:False
                                       Nn(s=0)      Integ_Nn     Nn/N0(@r0)   |    Sn(s=0)      Integ_Sn     Sn/S0(@r0)  
<multipole_order n>                    [T/m^n]      [T.m/m^n]        []       |    [T/m^n]      [T.m/m^n]        []      
n=00:                                5.5402e-01    -2.4151e-01   +1.0000e+00  |      ---           ---           ---     
n=01:                                7.2586e+00    +3.2369e+00   -1.6083e-01  |      ---           ---           ---     
n=02:                                5.3794e+00    +1.1243e+00   -6.7037e-04  |      ---           ---           ---     
n=03:                                7.7917e+00    -2.6130e+01   +1.8696e-04  |      ---           ---           ---     
n=04:                                1.0194e+03    -3.6472e+03   +3.1314e-04  |      ---           ---           ---     
n=05:                                2.5547e+05    -5.1027e+04   +5.2573e-05  |      ---           ---           ---     
n=06:                                1.5302e+07    +2.2689e+07   -2.8052e-04  |      ---           ---           ---     
