--- multipoles on reference trajectory (rz > 0) ---
effective_length:                   436.2311543305098 mm
perpendicular_grid:                 41 points in [-10.000000,+10.000000] mm
max_fitting_error_normal            0.038/4887.086 G/G
max_fitting_error_skew              340.640/340.640 G/G
r0_for_relative_multipoles          12 mm
main_monomial                       n = 0, skew:False
                                       Nn(s=0)      Integ_Nn     Nn/N0(@r0)   |    Sn(s=0)      Integ_Sn     Sn/S0(@r0)  
<multipole_order n>                    [T/m^n]      [T.m/m^n]        []       |    [T/m^n]      [T.m/m^n]        []      
n=00:                                5.5308e-01    -2.4127e-01   +1.0000e+00  |      ---           ---           ---     
n=01:                                7.2115e+00    +3.2357e+00   -1.6093e-01  |      ---           ---           ---     
n=02:                                6.7407e+00    +1.1392e+00   -6.7994e-04  |      ---           ---           ---     
n=03:                                3.0615e+01    -1.7893e+01   +1.2815e-04  |      ---           ---           ---     
n=04:                                1.2060e+04    -2.7773e+03   +2.3870e-04  |      ---           ---           ---     
n=05:                                4.8256e+05    -3.4012e+04   +3.5078e-05  |      ---           ---           ---     
n=06:                                7.8028e+07    +1.5521e+07   -1.9208e-04  |      ---           ---           ---     
