--- multipoles on reference trajectory (rz > 0) ---
effective_length:                   436.9337412733823 mm
perpendicular_grid:                 41 points in [-10.000000,+10.000000] mm
max_fitting_error_normal            0.052/4901.971 G/G
max_fitting_error_skew              334.702/334.702 G/G
r0_for_relative_multipoles          12 mm
main_monomial                       n = 0, skew:False
                                       Nn(s=0)      Integ_Nn     Nn/N0(@r0)   |    Sn(s=0)      Integ_Sn     Sn/S0(@r0)  
<multipole_order n>                    [T/m^n]      [T.m/m^n]        []       |    [T/m^n]      [T.m/m^n]        []      
n=00:                                5.5306e-01    -2.4165e-01   +1.0000e+00  |      ---           ---           ---     
n=01:                                7.2167e+00    +3.2333e+00   -1.6056e-01  |      ---           ---           ---     
n=02:                                6.7008e+00    +9.6778e-01   -5.7671e-04  |      ---           ---           ---     
n=03:                                1.3795e+02    -3.1277e+01   +2.2366e-04  |      ---           ---           ---     
n=04:                                2.0989e+04    -1.8002e+03   +1.5448e-04  |      ---           ---           ---     
n=05:                                6.1887e+05    +3.1721e+04   -3.2664e-05  |      ---           ---           ---     
n=06:                                1.3741e+08    +9.2464e+06   -1.1426e-04  |      ---           ---           ---     
