--- multipoles on reference trajectory (rz > 0) ---
effective_length:                   434.64685166798466 mm
perpendicular_grid:                 41 points in [-10.000000,+10.000000] mm
max_fitting_error_normal            0.045/6379.094 G/G
max_fitting_error_skew              347.570/347.570 G/G
r0_for_relative_multipoles          12 mm
main_monomial                       n = 0, skew:False
                                       Nn(s=0)      Integ_Nn     Nn/N0(@r0)   |    Sn(s=0)      Integ_Sn     Sn/S0(@r0)  
<multipole_order n>                    [T/m^n]      [T.m/m^n]        []       |    [T/m^n]      [T.m/m^n]        []      
n=00:                                5.5036e-01    -2.3921e-01   +1.0000e+00  |      ---           ---           ---     
n=01:                                7.2123e+00    +3.2158e+00   -1.6132e-01  |      ---           ---           ---     
n=02:                                5.1925e+00    +9.0741e-01   -5.4623e-04  |      ---           ---           ---     
n=03:                                2.1179e+01    -2.9115e+01   +2.1031e-04  |      ---           ---           ---     
n=04:                                1.2850e+04    +2.8003e+03   -2.4274e-04  |      ---           ---           ---     
n=05:                                5.3767e+05    -1.0183e+04   +1.0592e-05  |      ---           ---           ---     
n=06:                                6.0971e+07    -1.8226e+07   +2.2751e-04  |      ---           ---           ---     
