--- multipoles on reference trajectory (rz > 0) ---
effective_length:                   435.9380777999666 mm
perpendicular_grid:                 41 points in [-10.000000,+10.000000] mm
max_fitting_error_normal            0.032/5074.795 G/G
max_fitting_error_skew              357.288/357.288 G/G
r0_for_relative_multipoles          12 mm
main_monomial                       n = 0, skew:False
                                       Nn(s=0)      Integ_Nn     Nn/N0(@r0)   |    Sn(s=0)      Integ_Sn     Sn/S0(@r0)  
<multipole_order n>                    [T/m^n]      [T.m/m^n]        []       |    [T/m^n]      [T.m/m^n]        []      
n=00:                                5.5389e-01    -2.4146e-01   +1.0000e+00  |      ---           ---           ---     
n=01:                                7.2332e+00    +3.2286e+00   -1.6045e-01  |      ---           ---           ---     
n=02:                                5.5571e+00    +7.9604e-01   -4.7473e-04  |      ---           ---           ---     
n=03:                                7.0901e+01    -4.2139e+01   +3.0156e-04  |      ---           ---           ---     
n=04:                                2.9653e+03    -1.3083e+03   +1.1235e-04  |      ---           ---           ---     
n=05:                                8.3961e+04    +6.3751e+04   -6.5696e-05  |      ---           ---           ---     
n=06:                                1.6990e+07    +4.6703e+06   -5.7754e-05  |      ---           ---           ---     
