--- multipoles on reference trajectory (rz > 0) ---
effective_length:                   435.077750888027 mm
perpendicular_grid:                 41 points in [-10.000000,+10.000000] mm
max_fitting_error_normal            0.043/4900.406 G/G
max_fitting_error_skew              343.141/343.141 G/G
r0_for_relative_multipoles          12 mm
main_monomial                       n = 0, skew:False
                                       Nn(s=0)      Integ_Nn     Nn/N0(@r0)   |    Sn(s=0)      Integ_Sn     Sn/S0(@r0)  
<multipole_order n>                    [T/m^n]      [T.m/m^n]        []       |    [T/m^n]      [T.m/m^n]        []      
n=00:                                5.5469e-01    -2.4133e-01   +1.0000e+00  |      ---           ---           ---     
n=01:                                7.2717e+00    +3.2337e+00   -1.6079e-01  |      ---           ---           ---     
n=02:                                5.5056e+00    +7.9161e-01   -4.7234e-04  |      ---           ---           ---     
n=03:                                5.7804e+01    -3.8296e+01   +2.7421e-04  |      ---           ---           ---     
n=04:                                3.4041e+03    +3.1338e+03   -2.6926e-04  |      ---           ---           ---     
n=05:                                1.1022e+05    +2.4584e+04   -2.5348e-05  |      ---           ---           ---     
n=06:                                1.3208e+07    -2.0663e+07   +2.5566e-04  |      ---           ---           ---     
