--- multipoles on reference trajectory (rz > 0) ---
effective_length:                   434.63360637094786 mm
perpendicular_grid:                 41 points in [-10.000000,+10.000000] mm
max_fitting_error_normal            0.049/6426.271 G/G
max_fitting_error_skew              348.954/348.954 G/G
r0_for_relative_multipoles          12 mm
main_monomial                       n = 0, skew:False
                                       Nn(s=0)      Integ_Nn     Nn/N0(@r0)   |    Sn(s=0)      Integ_Sn     Sn/S0(@r0)  
<multipole_order n>                    [T/m^n]      [T.m/m^n]        []       |    [T/m^n]      [T.m/m^n]        []      
n=00:                                5.5606e-01    -2.4168e-01   +1.0000e+00  |      ---           ---           ---     
n=01:                                7.2830e+00    +3.2330e+00   -1.6052e-01  |      ---           ---           ---     
n=02:                                5.8403e+00    +1.1424e+00   -6.8069e-04  |      ---           ---           ---     
n=03:                                8.8262e+01    -2.3266e+01   +1.6635e-04  |      ---           ---           ---     
n=04:                                2.7240e+03    -1.6107e+03   +1.3819e-04  |      ---           ---           ---     
n=05:                                3.2396e+05    +9.6002e+03   -9.8841e-06  |      ---           ---           ---     
n=06:                                2.8765e+06    +1.6482e+06   -2.0363e-05  |      ---           ---           ---     
