--- multipoles on reference trajectory (rz > 0) ---
effective_length:                   435.7552142535635 mm
perpendicular_grid:                 41 points in [-10.000000,+10.000000] mm
max_fitting_error_normal            0.052/6686.794 G/G
max_fitting_error_skew              351.750/351.750 G/G
r0_for_relative_multipoles          12 mm
main_monomial                       n = 0, skew:False
                                       Nn(s=0)      Integ_Nn     Nn/N0(@r0)   |    Sn(s=0)      Integ_Sn     Sn/S0(@r0)  
<multipole_order n>                    [T/m^n]      [T.m/m^n]        []       |    [T/m^n]      [T.m/m^n]        []      
n=00:                                5.7745e-01    -2.5163e-01   +1.0000e+00  |      ---           ---           ---     
n=01:                                7.5933e+00    +3.3799e+00   -1.6119e-01  |      ---           ---           ---     
n=02:                                5.2583e+00    +9.9769e-01   -5.7095e-04  |      ---           ---           ---     
n=03:                                5.2603e+01    -3.2188e+01   +2.2105e-04  |      ---           ---           ---     
n=04:                                5.2388e+03    -1.4044e+03   +1.1574e-04  |      ---           ---           ---     
n=05:                                1.3509e+05    -4.3773e+04   +4.3287e-05  |      ---           ---           ---     
n=06:                                3.4645e+07    +8.2496e+06   -9.7895e-05  |      ---           ---           ---     
