--- multipoles on reference trajectory (rz > 0) ---
effective_length:                   435.2778686934919 mm
perpendicular_grid:                 41 points in [-10.000000,+10.000000] mm
max_fitting_error_normal            0.050/6065.979 G/G
max_fitting_error_skew              325.089/325.089 G/G
r0_for_relative_multipoles          12 mm
main_monomial                       n = 0, skew:False
                                       Nn(s=0)      Integ_Nn     Nn/N0(@r0)   |    Sn(s=0)      Integ_Sn     Sn/S0(@r0)  
<multipole_order n>                    [T/m^n]      [T.m/m^n]        []       |    [T/m^n]      [T.m/m^n]        []      
n=00:                                5.2373e-01    -2.2797e-01   +1.0000e+00  |      ---           ---           ---     
n=01:                                6.8834e+00    +3.0649e+00   -1.6133e-01  |      ---           ---           ---     
n=02:                                3.8808e+00    +7.8305e-01   -4.9462e-04  |      ---           ---           ---     
n=03:                                2.8362e+01    -3.5073e+01   +2.6585e-04  |      ---           ---           ---     
n=04:                                2.7483e+04    +2.8557e+03   -2.5975e-04  |      ---           ---           ---     
n=05:                                1.5207e+05    +8.6898e+04   -9.4850e-05  |      ---           ---           ---     
n=06:                                1.5467e+08    -1.8901e+07   +2.4757e-04  |      ---           ---           ---     
