--- multipoles on reference trajectory (rz > 0) ---
effective_length:                   435.99070744038613 mm
perpendicular_grid:                 41 points in [-10.000000,+10.000000] mm
max_fitting_error_normal            0.032/6385.327 G/G
max_fitting_error_skew              351.321/351.321 G/G
r0_for_relative_multipoles          12 mm
main_monomial                       n = 0, skew:False
                                       Nn(s=0)      Integ_Nn     Nn/N0(@r0)   |    Sn(s=0)      Integ_Sn     Sn/S0(@r0)  
<multipole_order n>                    [T/m^n]      [T.m/m^n]        []       |    [T/m^n]      [T.m/m^n]        []      
n=00:                                5.5079e-01    -2.4014e-01   +1.0000e+00  |      ---           ---           ---     
n=01:                                7.2167e+00    +3.2201e+00   -1.6091e-01  |      ---           ---           ---     
n=02:                                5.8656e+00    +9.1165e-01   -5.4667e-04  |      ---           ---           ---     
n=03:                                2.6782e+00    -1.3216e+01   +9.5102e-05  |      ---           ---           ---     
n=04:                                4.7511e+03    -1.2525e+03   +1.0815e-04  |      ---           ---           ---     
n=05:                                2.1843e+05    -6.1765e+04   +6.4000e-05  |      ---           ---           ---     
n=06:                                2.2114e+07    +4.7075e+06   -5.8535e-05  |      ---           ---           ---     
