--- multipoles on reference trajectory (rz > 0) ---
effective_length:                   435.80116959706726 mm
perpendicular_grid:                 41 points in [-10.000000,+10.000000] mm
max_fitting_error_normal            0.056/4898.331 G/G
max_fitting_error_skew              339.400/339.400 G/G
r0_for_relative_multipoles          12 mm
main_monomial                       n = 0, skew:False
                                       Nn(s=0)      Integ_Nn     Nn/N0(@r0)   |    Sn(s=0)      Integ_Sn     Sn/S0(@r0)  
<multipole_order n>                    [T/m^n]      [T.m/m^n]        []       |    [T/m^n]      [T.m/m^n]        []      
n=00:                                5.5309e-01    -2.4104e-01   +1.0000e+00  |      ---           ---           ---     
n=01:                                7.2436e+00    +3.2344e+00   -1.6102e-01  |      ---           ---           ---     
n=02:                                6.2153e+00    +1.1662e+00   -6.9668e-04  |      ---           ---           ---     
n=03:                                1.8268e+02    -3.4758e+01   +2.4918e-04  |      ---           ---           ---     
n=04:                                1.3997e+04    -3.5852e+03   +3.0843e-04  |      ---           ---           ---     
n=05:                                9.1412e+05    +4.0564e+04   -4.1876e-05  |      ---           ---           ---     
n=06:                                1.0260e+08    +1.9228e+07   -2.3820e-04  |      ---           ---           ---     
