--- multipoles on reference trajectory (rz > 0) ---
effective_length:                   435.5426388244026 mm
perpendicular_grid:                 41 points in [-10.000000,+10.000000] mm
max_fitting_error_normal            0.044/6702.120 G/G
max_fitting_error_skew              362.079/362.079 G/G
r0_for_relative_multipoles          12 mm
main_monomial                       n = 0, skew:False
                                       Nn(s=0)      Integ_Nn     Nn/N0(@r0)   |    Sn(s=0)      Integ_Sn     Sn/S0(@r0)  
<multipole_order n>                    [T/m^n]      [T.m/m^n]        []       |    [T/m^n]      [T.m/m^n]        []      
n=00:                                5.7796e-01    -2.5173e-01   +1.0000e+00  |      ---           ---           ---     
n=01:                                7.6028e+00    +3.3765e+00   -1.6096e-01  |      ---           ---           ---     
n=02:                                5.8737e+00    +1.2062e+00   -6.8999e-04  |      ---           ---           ---     
n=03:                                5.1583e+01    -3.0750e+01   +2.1109e-04  |      ---           ---           ---     
n=04:                                8.7956e+03    -4.1216e+02   +3.3952e-05  |      ---           ---           ---     
n=05:                                1.0293e+05    +4.9794e+04   -4.9221e-05  |      ---           ---           ---     
n=06:                                5.6475e+07    -2.9227e+06   +3.4670e-05  |      ---           ---           ---     
