--- multipoles on reference trajectory (rz > 0) ---
effective_length:                   435.1404880429183 mm
perpendicular_grid:                 41 points in [-10.000000,+10.000000] mm
max_fitting_error_normal            0.042/4889.046 G/G
max_fitting_error_skew              351.638/351.638 G/G
r0_for_relative_multipoles          12 mm
main_monomial                       n = 0, skew:False
                                       Nn(s=0)      Integ_Nn     Nn/N0(@r0)   |    Sn(s=0)      Integ_Sn     Sn/S0(@r0)  
<multipole_order n>                    [T/m^n]      [T.m/m^n]        []       |    [T/m^n]      [T.m/m^n]        []      
n=00:                                5.5453e-01    -2.4130e-01   +1.0000e+00  |      ---           ---           ---     
n=01:                                7.2556e+00    +3.2331e+00   -1.6079e-01  |      ---           ---           ---     
n=02:                                5.3586e+00    +9.0549e-01   -5.4037e-04  |      ---           ---           ---     
n=03:                                3.0047e+01    -2.9676e+01   +2.1252e-04  |      ---           ---           ---     
n=04:                                1.0253e+04    +1.1559e+02   -9.9335e-06  |      ---           ---           ---     
n=05:                                2.0077e+05    -1.8898e+04   +1.9488e-05  |      ---           ---           ---     
n=06:                                7.0496e+07    -2.1154e+06   +2.6177e-05  |      ---           ---           ---     
