--- multipoles on reference trajectory (rz > 0) ---
effective_length:                   435.2997264517396 mm
perpendicular_grid:                 41 points in [-10.000000,+10.000000] mm
max_fitting_error_normal            0.033/6689.031 G/G
max_fitting_error_skew              354.421/354.421 G/G
r0_for_relative_multipoles          12 mm
main_monomial                       n = 0, skew:False
                                       Nn(s=0)      Integ_Nn     Nn/N0(@r0)   |    Sn(s=0)      Integ_Sn     Sn/S0(@r0)  
<multipole_order n>                    [T/m^n]      [T.m/m^n]        []       |    [T/m^n]      [T.m/m^n]        []      
n=00:                                5.7638e-01    -2.5090e-01   +1.0000e+00  |      ---           ---           ---     
n=01:                                7.5562e+00    +3.3659e+00   -1.6098e-01  |      ---           ---           ---     
n=02:                                5.4136e+00    +8.7413e-01   -5.0170e-04  |      ---           ---           ---     
n=03:                                2.9753e+01    -3.3604e+01   +2.3144e-04  |      ---           ---           ---     
n=04:                                1.2855e+04    -6.7925e+02   +5.6138e-05  |      ---           ---           ---     
n=05:                                1.5739e+05    +2.3892e+03   -2.3696e-06  |      ---           ---           ---     
n=06:                                7.7947e+07    +1.0772e+05   -1.2820e-06  |      ---           ---           ---     
