--- multipoles on reference trajectory (rz > 0) ---
effective_length:                   435.98442632575643 mm
perpendicular_grid:                 41 points in [-10.000000,+10.000000] mm
max_fitting_error_normal            0.031/3184.539 G/G
max_fitting_error_skew              341.673/341.673 G/G
r0_for_relative_multipoles          12 mm
main_monomial                       n = 0, skew:False
                                       Nn(s=0)      Integ_Nn     Nn/N0(@r0)   |    Sn(s=0)      Integ_Sn     Sn/S0(@r0)  
<multipole_order n>                    [T/m^n]      [T.m/m^n]        []       |    [T/m^n]      [T.m/m^n]        []      
n=00:                                5.4996e-01    -2.3978e-01   +1.0000e+00  |      ---           ---           ---     
n=01:                                7.2001e+00    +3.2170e+00   -1.6100e-01  |      ---           ---           ---     
n=02:                                5.5642e+00    +9.5190e-01   -5.7167e-04  |      ---           ---           ---     
n=03:                                5.8148e+01    -5.2085e+01   +3.7537e-04  |      ---           ---           ---     
n=04:                                2.6798e+03    -6.5915e+02   +5.7004e-05  |      ---           ---           ---     
n=05:                                2.4592e+02    +1.0885e+05   -1.1296e-04  |      ---           ---           ---     
n=06:                                3.5680e+07    +2.3548e+06   -2.9325e-05  |      ---           ---           ---     
