--- multipoles on reference trajectory (rz > 0) ---
effective_length:                   434.57845359381884 mm
perpendicular_grid:                 41 points in [-10.000000,+10.000000] mm
max_fitting_error_normal            0.057/4636.818 G/G
max_fitting_error_skew              329.043/329.043 G/G
r0_for_relative_multipoles          12 mm
main_monomial                       n = 0, skew:False
                                       Nn(s=0)      Integ_Nn     Nn/N0(@r0)   |    Sn(s=0)      Integ_Sn     Sn/S0(@r0)  
<multipole_order n>                    [T/m^n]      [T.m/m^n]        []       |    [T/m^n]      [T.m/m^n]        []      
n=00:                                5.2473e-01    -2.2804e-01   +1.0000e+00  |      ---           ---           ---     
n=01:                                6.9045e+00    +3.0638e+00   -1.6123e-01  |      ---           ---           ---     
n=02:                                3.8095e+00    +8.1386e-01   -5.1393e-04  |      ---           ---           ---     
n=03:                                1.9501e+01    -3.3767e+01   +2.5588e-04  |      ---           ---           ---     
n=04:                                2.9599e+04    +2.0406e+03   -1.8555e-04  |      ---           ---           ---     
n=05:                                3.2894e+05    +3.4990e+04   -3.8180e-05  |      ---           ---           ---     
n=06:                                1.9219e+08    -1.6537e+07   +2.1654e-04  |      ---           ---           ---     
