--- multipoles on reference trajectory (rz > 0) ---
effective_length:                   434.7365067399476 mm
perpendicular_grid:                 41 points in [-10.000000,+10.000000] mm
max_fitting_error_normal            0.053/4668.313 G/G
max_fitting_error_skew              357.532/357.532 G/G
r0_for_relative_multipoles          12 mm
main_monomial                       n = 0, skew:False
                                       Nn(s=0)      Integ_Nn     Nn/N0(@r0)   |    Sn(s=0)      Integ_Sn     Sn/S0(@r0)  
<multipole_order n>                    [T/m^n]      [T.m/m^n]        []       |    [T/m^n]      [T.m/m^n]        []      
n=00:                                5.8123e-01    -2.5268e-01   +1.0000e+00  |      ---           ---           ---     
n=01:                                7.6059e+00    +3.3720e+00   -1.6014e-01  |      ---           ---           ---     
n=02:                                6.4278e+00    +1.2281e+00   -6.9990e-04  |      ---           ---           ---     
n=03:                                1.4591e+02    -3.8203e+01   +2.6126e-04  |      ---           ---           ---     
n=04:                                2.3927e+04    -4.3988e+03   +3.6098e-04  |      ---           ---           ---     
n=05:                                5.1743e+05    +4.7561e+04   -4.6837e-05  |      ---           ---           ---     
n=06:                                1.7117e+08    +2.1404e+07   -2.5293e-04  |      ---           ---           ---     
