--- multipoles on reference trajectory (rz > 0) ---
effective_length:                   434.7172111464397 mm
perpendicular_grid:                 41 points in [-10.000000,+10.000000] mm
max_fitting_error_normal            0.021/5988.435 G/G
max_fitting_error_skew              325.388/325.388 G/G
r0_for_relative_multipoles          12 mm
main_monomial                       n = 0, skew:False
                                       Nn(s=0)      Integ_Nn     Nn/N0(@r0)   |    Sn(s=0)      Integ_Sn     Sn/S0(@r0)  
<multipole_order n>                    [T/m^n]      [T.m/m^n]        []       |    [T/m^n]      [T.m/m^n]        []      
n=00:                                5.2292e-01    -2.2732e-01   +1.0000e+00  |      ---           ---           ---     
n=01:                                6.8561e+00    +3.0529e+00   -1.6116e-01  |      ---           ---           ---     
n=02:                                5.0035e+00    +6.7358e-01   -4.2668e-04  |      ---           ---           ---     
n=03:                                4.7791e+00    -1.6256e+01   +1.2357e-04  |      ---           ---           ---     
n=04:                                3.1961e+03    -5.5070e+02   +5.0233e-05  |      ---           ---           ---     
n=05:                                3.1503e+05    -7.8018e+04   +8.5400e-05  |      ---           ---           ---     
n=06:                                1.4636e+07    -4.0588e+05   +5.3314e-06  |      ---           ---           ---     
