--- multipoles on reference trajectory (rz > 0) ---
effective_length:                   435.17045749210575 mm
perpendicular_grid:                 41 points in [-10.000000,+10.000000] mm
max_fitting_error_normal            0.038/4625.488 G/G
max_fitting_error_skew              317.014/317.014 G/G
r0_for_relative_multipoles          12 mm
main_monomial                       n = 0, skew:False
                                       Nn(s=0)      Integ_Nn     Nn/N0(@r0)   |    Sn(s=0)      Integ_Sn     Sn/S0(@r0)  
<multipole_order n>                    [T/m^n]      [T.m/m^n]        []       |    [T/m^n]      [T.m/m^n]        []      
n=00:                                5.2474e-01    -2.2835e-01   +1.0000e+00  |      ---           ---           ---     
n=01:                                6.9101e+00    +3.0704e+00   -1.6135e-01  |      ---           ---           ---     
n=02:                                4.0667e+00    +9.4471e-01   -5.9574e-04  |      ---           ---           ---     
n=03:                                4.2356e+01    -4.3801e+01   +3.3145e-04  |      ---           ---           ---     
n=04:                                1.6113e+04    -3.7560e+02   +3.4107e-05  |      ---           ---           ---     
n=05:                                1.5257e+04    +1.0881e+05   -1.1857e-04  |      ---           ---           ---     
n=06:                                8.2499e+07    +1.1546e+05   -1.5098e-06  |      ---           ---           ---     
