--- multipoles on reference trajectory (rz > 0) ---
effective_length:                   434.1641538470475 mm
perpendicular_grid:                 41 points in [-10.000000,+10.000000] mm
max_fitting_error_normal            0.044/4382.726 G/G
max_fitting_error_skew              338.307/338.307 G/G
r0_for_relative_multipoles          12 mm
main_monomial                       n = 0, skew:False
                                       Nn(s=0)      Integ_Nn     Nn/N0(@r0)   |    Sn(s=0)      Integ_Sn     Sn/S0(@r0)  
<multipole_order n>                    [T/m^n]      [T.m/m^n]        []       |    [T/m^n]      [T.m/m^n]        []      
n=00:                                5.5461e-01    -2.4079e-01   +1.0000e+00  |      ---           ---           ---     
n=01:                                7.2931e+00    +3.2349e+00   -1.6121e-01  |      ---           ---           ---     
n=02:                                5.6780e+00    +1.0622e+00   -6.3523e-04  |      ---           ---           ---     
n=03:                                1.0231e+02    -2.8200e+01   +2.0237e-04  |      ---           ---           ---     
n=04:                                6.3437e+03    -1.6507e+03   +1.4215e-04  |      ---           ---           ---     
n=05:                                2.8605e+05    -5.2672e+04   +5.4431e-05  |      ---           ---           ---     
n=06:                                4.0932e+07    +8.2328e+06   -1.0209e-04  |      ---           ---           ---     
