--- multipoles on reference trajectory (rz > 0) ---
effective_length:                   434.39829325935347 mm
perpendicular_grid:                 41 points in [-10.000000,+10.000000] mm
max_fitting_error_normal            0.055/4846.287 G/G
max_fitting_error_skew              332.213/332.213 G/G
r0_for_relative_multipoles          12 mm
main_monomial                       n = 0, skew:False
                                       Nn(s=0)      Integ_Nn     Nn/N0(@r0)   |    Sn(s=0)      Integ_Sn     Sn/S0(@r0)  
<multipole_order n>                    [T/m^n]      [T.m/m^n]        []       |    [T/m^n]      [T.m/m^n]        []      
n=00:                                5.5074e-01    -2.3924e-01   +1.0000e+00  |      ---           ---           ---     
n=01:                                7.2483e+00    +3.2189e+00   -1.6146e-01  |      ---           ---           ---     
n=02:                                5.2422e+00    +1.0126e+00   -6.0948e-04  |      ---           ---           ---     
n=03:                                8.5316e+01    -2.5382e+01   +1.8333e-04  |      ---           ---           ---     
n=04:                                3.1540e+02    -2.2019e+03   +1.9084e-04  |      ---           ---           ---     
n=05:                                2.0726e+05    -5.5388e+04   +5.7609e-05  |      ---           ---           ---     
n=06:                                1.9158e+07    +1.2238e+07   -1.5274e-04  |      ---           ---           ---     
