--- multipoles on reference trajectory (rz > 0) ---
effective_length:                   434.714166369593 mm
perpendicular_grid:                 41 points in [-10.000000,+10.000000] mm
max_fitting_error_normal            0.032/4853.507 G/G
max_fitting_error_skew              342.487/342.487 G/G
r0_for_relative_multipoles          12 mm
main_monomial                       n = 0, skew:False
                                       Nn(s=0)      Integ_Nn     Nn/N0(@r0)   |    Sn(s=0)      Integ_Sn     Sn/S0(@r0)  
<multipole_order n>                    [T/m^n]      [T.m/m^n]        []       |    [T/m^n]      [T.m/m^n]        []      
n=00:                                5.5081e-01    -2.3944e-01   +1.0000e+00  |      ---           ---           ---     
n=01:                                7.2343e+00    +3.2174e+00   -1.6125e-01  |      ---           ---           ---     
n=02:                                5.7723e+00    +1.1966e+00   -7.1964e-04  |      ---           ---           ---     
n=03:                                8.3273e+01    -3.2828e+01   +2.3691e-04  |      ---           ---           ---     
n=04:                                2.1796e+01    -2.8582e+03   +2.4753e-04  |      ---           ---           ---     
n=05:                                2.9697e+05    +7.7680e+04   -8.0726e-05  |      ---           ---           ---     
n=06:                                1.1708e+06    +1.0674e+07   -1.3311e-04  |      ---           ---           ---     
