--- multipoles on reference trajectory (rz > 0) ---
effective_length:                   435.8001683573661 mm
perpendicular_grid:                 41 points in [-10.000000,+10.000000] mm
max_fitting_error_normal            0.042/4633.342 G/G
max_fitting_error_skew              322.996/322.996 G/G
r0_for_relative_multipoles          12 mm
main_monomial                       n = 0, skew:False
                                       Nn(s=0)      Integ_Nn     Nn/N0(@r0)   |    Sn(s=0)      Integ_Sn     Sn/S0(@r0)  
<multipole_order n>                    [T/m^n]      [T.m/m^n]        []       |    [T/m^n]      [T.m/m^n]        []      
n=00:                                5.2410e-01    -2.2840e-01   +1.0000e+00  |      ---           ---           ---     
n=01:                                6.8491e+00    +3.0614e+00   -1.6084e-01  |      ---           ---           ---     
n=02:                                5.8655e+00    +8.8351e-01   -5.5702e-04  |      ---           ---           ---     
n=03:                                1.3635e+01    -1.0914e+01   +8.2570e-05  |      ---           ---           ---     
n=04:                                1.3656e+04    -1.7768e+03   +1.6131e-04  |      ---           ---           ---     
n=05:                                3.0727e+05    -1.3198e+05   +1.4379e-04  |      ---           ---           ---     
n=06:                                8.3753e+07    +9.9836e+06   -1.3052e-04  |      ---           ---           ---     
