--- multipoles on reference trajectory (rz > 0) ---
effective_length:                   433.4306794805784 mm
perpendicular_grid:                 41 points in [-10.000000,+10.000000] mm
max_fitting_error_normal            0.048/6713.334 G/G
max_fitting_error_skew              358.928/358.928 G/G
r0_for_relative_multipoles          12 mm
main_monomial                       n = 0, skew:False
                                       Nn(s=0)      Integ_Nn     Nn/N0(@r0)   |    Sn(s=0)      Integ_Sn     Sn/S0(@r0)  
<multipole_order n>                    [T/m^n]      [T.m/m^n]        []       |    [T/m^n]      [T.m/m^n]        []      
n=00:                                5.8217e-01    -2.5233e-01   +1.0000e+00  |      ---           ---           ---     
n=01:                                7.6618e+00    +3.3728e+00   -1.6040e-01  |      ---           ---           ---     
n=02:                                3.5278e+00    +7.4313e-01   -4.2409e-04  |      ---           ---           ---     
n=03:                                1.9510e+01    -3.9609e+01   +2.7125e-04  |      ---           ---           ---     
n=04:                                1.8084e+04    +2.8039e+03   -2.3042e-04  |      ---           ---           ---     
n=05:                                4.4458e+05    +3.5740e+04   -3.5244e-05  |      ---           ---           ---     
n=06:                                9.1538e+07    -1.4061e+07   +1.6639e-04  |      ---           ---           ---     
