--- multipoles on reference trajectory (rz > 0) ---
effective_length:                   436.5857267594191 mm
perpendicular_grid:                 41 points in [-10.000000,+10.000000] mm
max_fitting_error_normal            0.271/4324.869 G/G
max_fitting_error_skew              7.004/7.004 G/G
r0_for_relative_multipoles          12 mm
main_monomial                       n = 0, skew:False
                                       Nn(s=0)      Integ_Nn     Nn/N0(@r0)   |    Sn(s=0)      Integ_Sn     Sn/S0(@r0)  
<multipole_order n>                    [T/m^n]      [T.m/m^n]        []       |    [T/m^n]      [T.m/m^n]        []      
n=00:                                5.5851e-01    -2.4384e-01   +1.0000e+00  |      ---           ---           ---     
n=01:                                7.3256e+00    +3.2805e+00   -1.6144e-01  |      ---           ---           ---     
n=02:                                5.1624e+00    +5.9515e-01   -3.5147e-04  |      ---           ---           ---     
n=03:                                8.5979e+01    -3.4685e+01   +2.4580e-04  |      ---           ---           ---     
n=04:                                6.6325e+03    +1.2782e+03   -1.0870e-04  |      ---           ---           ---     
n=05:                                8.4037e+04    -3.3019e+04   +3.3695e-05  |      ---           ---           ---     
n=06:                                5.7326e+07    -8.5872e+06   +1.0516e-04  |      ---           ---           ---     
