--- multipoles on reference trajectory (rz > 0) ---
effective_length:                   434.4314437384385 mm
perpendicular_grid:                 41 points in [-10.000000,+10.000000] mm
max_fitting_error_normal            0.050/4870.579 G/G
max_fitting_error_skew              333.524/333.524 G/G
r0_for_relative_multipoles          12 mm
main_monomial                       n = 0, skew:False
                                       Nn(s=0)      Integ_Nn     Nn/N0(@r0)   |    Sn(s=0)      Integ_Sn     Sn/S0(@r0)  
<multipole_order n>                    [T/m^n]      [T.m/m^n]        []       |    [T/m^n]      [T.m/m^n]        []      
n=00:                                5.5301e-01    -2.4025e-01   +1.0000e+00  |      ---           ---           ---     
n=01:                                7.2450e+00    +3.2182e+00   -1.6075e-01  |      ---           ---           ---     
n=02:                                5.3483e+00    +1.0286e+00   -6.1652e-04  |      ---           ---           ---     
n=03:                                8.7344e+01    -2.3820e+01   +1.7133e-04  |      ---           ---           ---     
n=04:                                1.5114e+03    -1.8582e+03   +1.6038e-04  |      ---           ---           ---     
n=05:                                1.9793e+05    -6.6064e+04   +6.8425e-05  |      ---           ---           ---     
n=06:                                2.6450e+07    +1.0177e+07   -1.2649e-04  |      ---           ---           ---     
