--- multipoles on reference trajectory (rz > 0) ---
effective_length:                   435.9287791758663 mm
perpendicular_grid:                 41 points in [-10.000000,+10.000000] mm
max_fitting_error_normal            0.052/6723.765 G/G
max_fitting_error_skew              357.570/357.570 G/G
r0_for_relative_multipoles          12 mm
main_monomial                       n = 0, skew:False
                                       Nn(s=0)      Integ_Nn     Nn/N0(@r0)   |    Sn(s=0)      Integ_Sn     Sn/S0(@r0)  
<multipole_order n>                    [T/m^n]      [T.m/m^n]        []       |    [T/m^n]      [T.m/m^n]        []      
n=00:                                5.7880e-01    -2.5231e-01   +1.0000e+00  |      ---           ---           ---     
n=01:                                7.5417e+00    +3.3744e+00   -1.6049e-01  |      ---           ---           ---     
n=02:                                6.7785e+00    +1.1184e+00   -6.3831e-04  |      ---           ---           ---     
n=03:                                5.5172e+01    -3.6735e+01   +2.5158e-04  |      ---           ---           ---     
n=04:                                1.5812e+04    -3.4022e+03   +2.7960e-04  |      ---           ---           ---     
n=05:                                6.2435e+04    -1.0915e+04   +1.0764e-05  |      ---           ---           ---     
n=06:                                1.1397e+08    +2.3555e+07   -2.7876e-04  |      ---           ---           ---     
