--- multipoles on reference trajectory (rz > 0) ---
effective_length:                   435.41965796776987 mm
perpendicular_grid:                 41 points in [-10.000000,+10.000000] mm
max_fitting_error_normal            0.055/5765.747 G/G
max_fitting_error_skew              336.214/336.214 G/G
r0_for_relative_multipoles          12 mm
main_monomial                       n = 0, skew:False
                                       Nn(s=0)      Integ_Nn     Nn/N0(@r0)   |    Sn(s=0)      Integ_Sn     Sn/S0(@r0)  
<multipole_order n>                    [T/m^n]      [T.m/m^n]        []       |    [T/m^n]      [T.m/m^n]        []      
n=00:                                5.5057e-01    -2.3973e-01   +1.0000e+00  |      ---           ---           ---     
n=01:                                7.2049e+00    +3.2160e+00   -1.6099e-01  |      ---           ---           ---     
n=02:                                5.9275e+00    +9.1078e-01   -5.4709e-04  |      ---           ---           ---     
n=03:                                5.5376e+01    -8.3192e+00   +5.9967e-05  |      ---           ---           ---     
n=04:                                2.0704e+03    +5.3117e+02   -4.5945e-05  |      ---           ---           ---     
n=05:                                7.8322e+05    -1.8992e+05   +1.9714e-04  |      ---           ---           ---     
n=06:                                7.2886e+06    -3.7233e+06   +4.6376e-05  |      ---           ---           ---     
