--- multipoles on reference trajectory (rz > 0) ---
effective_length:                   435.8492278135086 mm
perpendicular_grid:                 41 points in [-10.000000,+10.000000] mm
max_fitting_error_normal            0.039/6717.786 G/G
max_fitting_error_skew              365.449/365.449 G/G
r0_for_relative_multipoles          12 mm
main_monomial                       n = 0, skew:False
                                       Nn(s=0)      Integ_Nn     Nn/N0(@r0)   |    Sn(s=0)      Integ_Sn     Sn/S0(@r0)  
<multipole_order n>                    [T/m^n]      [T.m/m^n]        []       |    [T/m^n]      [T.m/m^n]        []      
n=00:                                5.7982e-01    -2.5271e-01   +1.0000e+00  |      ---           ---           ---     
n=01:                                7.5702e+00    +3.3774e+00   -1.6037e-01  |      ---           ---           ---     
n=02:                                6.4238e+00    +1.2696e+00   -7.2343e-04  |      ---           ---           ---     
n=03:                                3.5028e+01    -1.3429e+01   +9.1823e-05  |      ---           ---           ---     
n=04:                                7.8392e+03    -3.1197e+03   +2.5598e-04  |      ---           ---           ---     
n=05:                                2.1535e+05    -1.1075e+05   +1.0905e-04  |      ---           ---           ---     
n=06:                                5.1732e+07    +1.3916e+07   -1.6443e-04  |      ---           ---           ---     
