--- multipoles on reference trajectory (rz > 0) ---
effective_length:                   435.5147319473416 mm
perpendicular_grid:                 41 points in [-10.000000,+10.000000] mm
max_fitting_error_normal            0.031/4876.004 G/G
max_fitting_error_skew              342.939/342.939 G/G
r0_for_relative_multipoles          12 mm
main_monomial                       n = 0, skew:False
                                       Nn(s=0)      Integ_Nn     Nn/N0(@r0)   |    Sn(s=0)      Integ_Sn     Sn/S0(@r0)  
<multipole_order n>                    [T/m^n]      [T.m/m^n]        []       |    [T/m^n]      [T.m/m^n]        []      
n=00:                                5.5096e-01    -2.3995e-01   +1.0000e+00  |      ---           ---           ---     
n=01:                                7.2262e+00    +3.2191e+00   -1.6098e-01  |      ---           ---           ---     
n=02:                                5.6097e+00    +1.0112e+00   -6.0682e-04  |      ---           ---           ---     
n=03:                                3.9973e+01    -2.8933e+01   +2.0835e-04  |      ---           ---           ---     
n=04:                                1.6841e+03    -2.1868e+03   +1.8898e-04  |      ---           ---           ---     
n=05:                                5.1066e+03    -1.9690e+04   +2.0419e-05  |      ---           ---           ---     
n=06:                                1.5369e+07    +1.0326e+07   -1.2850e-04  |      ---           ---           ---     
