--- multipoles on reference trajectory (rz > 0) ---
effective_length:                   435.3387666520317 mm
perpendicular_grid:                 41 points in [-10.000000,+10.000000] mm
max_fitting_error_normal            0.047/6085.142 G/G
max_fitting_error_skew              326.087/326.087 G/G
r0_for_relative_multipoles          12 mm
main_monomial                       n = 0, skew:False
                                       Nn(s=0)      Integ_Nn     Nn/N0(@r0)   |    Sn(s=0)      Integ_Sn     Sn/S0(@r0)  
<multipole_order n>                    [T/m^n]      [T.m/m^n]        []       |    [T/m^n]      [T.m/m^n]        []      
n=00:                                5.2548e-01    -2.2876e-01   +1.0000e+00  |      ---           ---           ---     
n=01:                                6.8813e+00    +3.0645e+00   -1.6075e-01  |      ---           ---           ---     
n=02:                                3.8966e+00    +8.2166e-01   -5.1721e-04  |      ---           ---           ---     
n=03:                                4.8285e+01    -3.6641e+01   +2.7678e-04  |      ---           ---           ---     
n=04:                                2.8048e+04    +2.3516e+03   -2.1316e-04  |      ---           ---           ---     
n=05:                                1.1265e+03    +1.0195e+05   -1.1089e-04  |      ---           ---           ---     
n=06:                                1.5855e+08    -1.5757e+07   +2.0567e-04  |      ---           ---           ---     
