--- multipoles on reference trajectory (rz > 0) ---
effective_length:                   435.4726270444094 mm
perpendicular_grid:                 41 points in [-10.000000,+10.000000] mm
max_fitting_error_normal            0.059/3937.307 G/G
max_fitting_error_skew              354.146/354.146 G/G
r0_for_relative_multipoles          12 mm
main_monomial                       n = 0, skew:False
                                       Nn(s=0)      Integ_Nn     Nn/N0(@r0)   |    Sn(s=0)      Integ_Sn     Sn/S0(@r0)  
<multipole_order n>                    [T/m^n]      [T.m/m^n]        []       |    [T/m^n]      [T.m/m^n]        []      
n=00:                                5.7888e-01    -2.5208e-01   +1.0000e+00  |      ---           ---           ---     
n=01:                                7.5481e+00    +3.3707e+00   -1.6045e-01  |      ---           ---           ---     
n=02:                                7.1222e+00    +1.1196e+00   -6.3955e-04  |      ---           ---           ---     
n=03:                                5.2898e+01    -8.1515e+00   +5.5877e-05  |      ---           ---           ---     
n=04:                                1.9056e+04    -2.2988e+03   +1.8910e-04  |      ---           ---           ---     
n=05:                                6.7763e+05    -1.5097e+05   +1.4902e-04  |      ---           ---           ---     
n=06:                                1.1713e+08    +1.5033e+07   -1.7807e-04  |      ---           ---           ---     
