--- multipoles on reference trajectory (rz > 0) ---
effective_length:                   434.77682456663524 mm
perpendicular_grid:                 41 points in [-10.000000,+10.000000] mm
max_fitting_error_normal            0.043/6386.654 G/G
max_fitting_error_skew              356.145/356.145 G/G
r0_for_relative_multipoles          12 mm
main_monomial                       n = 0, skew:False
                                       Nn(s=0)      Integ_Nn     Nn/N0(@r0)   |    Sn(s=0)      Integ_Sn     Sn/S0(@r0)  
<multipole_order n>                    [T/m^n]      [T.m/m^n]        []       |    [T/m^n]      [T.m/m^n]        []      
n=00:                                5.5095e-01    -2.3954e-01   +1.0000e+00  |      ---           ---           ---     
n=01:                                7.2503e+00    +3.2166e+00   -1.6114e-01  |      ---           ---           ---     
n=02:                                4.1961e+00    +5.3284e-01   -3.2032e-04  |      ---           ---           ---     
n=03:                                3.9880e+01    -4.1101e+01   +2.9650e-04  |      ---           ---           ---     
n=04:                                1.4987e+04    +6.7068e+03   -5.8057e-04  |      ---           ---           ---     
n=05:                                5.9334e+05    +7.4483e+04   -7.7372e-05  |      ---           ---           ---     
n=06:                                8.2802e+07    -3.7916e+07   +4.7263e-04  |      ---           ---           ---     
