--- multipoles on reference trajectory (rz > 0) ---
effective_length:                   434.7261285969838 mm
perpendicular_grid:                 41 points in [-10.000000,+10.000000] mm
max_fitting_error_normal            0.042/4562.091 G/G
max_fitting_error_skew              338.163/338.163 G/G
r0_for_relative_multipoles          12 mm
main_monomial                       n = 0, skew:False
                                       Nn(s=0)      Integ_Nn     Nn/N0(@r0)   |    Sn(s=0)      Integ_Sn     Sn/S0(@r0)  
<multipole_order n>                    [T/m^n]      [T.m/m^n]        []       |    [T/m^n]      [T.m/m^n]        []      
n=00:                                5.2391e-01    -2.2776e-01   +1.0000e+00  |      ---           ---           ---     
n=01:                                6.9011e+00    +3.0594e+00   -1.6119e-01  |      ---           ---           ---     
n=02:                                4.7057e+00    +7.0769e-01   -4.4744e-04  |      ---           ---           ---     
n=03:                                4.1950e+01    -2.4262e+01   +1.8408e-04  |      ---           ---           ---     
n=04:                                1.0890e+04    -6.0226e+02   +5.4832e-05  |      ---           ---           ---     
n=05:                                1.1847e+05    -4.3934e+04   +4.8000e-05  |      ---           ---           ---     
n=06:                                7.8912e+07    +6.9499e+06   -9.1115e-05  |      ---           ---           ---     
