--- multipoles on reference trajectory (rz > 0) ---
effective_length:                   436.2368336407923 mm
perpendicular_grid:                 41 points in [-10.000000,+10.000000] mm
max_fitting_error_normal            0.061/4789.624 G/G
max_fitting_error_skew              336.884/336.884 G/G
r0_for_relative_multipoles          12 mm
main_monomial                       n = 0, skew:False
                                       Nn(s=0)      Integ_Nn     Nn/N0(@r0)   |    Sn(s=0)      Integ_Sn     Sn/S0(@r0)  
<multipole_order n>                    [T/m^n]      [T.m/m^n]        []       |    [T/m^n]      [T.m/m^n]        []      
n=00:                                5.5137e-01    -2.4053e-01   +1.0000e+00  |      ---           ---           ---     
n=01:                                7.2196e+00    +3.2331e+00   -1.6130e-01  |      ---           ---           ---     
n=02:                                6.5404e+00    +1.0497e+00   -6.2846e-04  |      ---           ---           ---     
n=03:                                1.4748e+02    -2.7646e+01   +1.9861e-04  |      ---           ---           ---     
n=04:                                1.8088e+04    -3.6156e+03   +3.1170e-04  |      ---           ---           ---     
n=05:                                7.0686e+05    -4.9093e+03   +5.0788e-06  |      ---           ---           ---     
n=06:                                1.1974e+08    +1.9735e+07   -2.4499e-04  |      ---           ---           ---     
