--- multipoles on reference trajectory (rz > 0) ---
effective_length:                   434.1938163847812 mm
perpendicular_grid:                 41 points in [-10.000000,+10.000000] mm
max_fitting_error_normal            0.059/6057.109 G/G
max_fitting_error_skew              310.194/310.194 G/G
r0_for_relative_multipoles          12 mm
main_monomial                       n = 0, skew:False
                                       Nn(s=0)      Integ_Nn     Nn/N0(@r0)   |    Sn(s=0)      Integ_Sn     Sn/S0(@r0)  
<multipole_order n>                    [T/m^n]      [T.m/m^n]        []       |    [T/m^n]      [T.m/m^n]        []      
n=00:                                5.2421e-01    -2.2761e-01   +1.0000e+00  |      ---           ---           ---     
n=01:                                6.8928e+00    +3.0564e+00   -1.6114e-01  |      ---           ---           ---     
n=02:                                4.8683e+00    +6.6699e-01   -4.2198e-04  |      ---           ---           ---     
n=03:                                3.5141e+01    -5.9559e+00   +4.5217e-05  |      ---           ---           ---     
n=04:                                1.4071e+04    -1.0871e+03   +9.9041e-05  |      ---           ---           ---     
n=05:                                4.0159e+04    -2.1826e+05   +2.3861e-04  |      ---           ---           ---     
n=06:                                9.5982e+07    +9.5423e+06   -1.2519e-04  |      ---           ---           ---     
