--- multipoles on reference trajectory (rz > 0) ---
effective_length:                   435.616380719802 mm
perpendicular_grid:                 41 points in [-10.000000,+10.000000] mm
max_fitting_error_normal            0.045/4804.666 G/G
max_fitting_error_skew              336.021/336.021 G/G
r0_for_relative_multipoles          12 mm
main_monomial                       n = 0, skew:False
                                       Nn(s=0)      Integ_Nn     Nn/N0(@r0)   |    Sn(s=0)      Integ_Sn     Sn/S0(@r0)  
<multipole_order n>                    [T/m^n]      [T.m/m^n]        []       |    [T/m^n]      [T.m/m^n]        []      
n=00:                                5.5370e-01    -2.4120e-01   +1.0000e+00  |      ---           ---           ---     
n=01:                                7.2796e+00    +3.2391e+00   -1.6115e-01  |      ---           ---           ---     
n=02:                                6.2995e+00    +1.1515e+00   -6.8743e-04  |      ---           ---           ---     
n=03:                                1.8181e+02    -3.3414e+01   +2.3939e-04  |      ---           ---           ---     
n=04:                                1.5974e+04    -3.3046e+03   +2.8410e-04  |      ---           ---           ---     
n=05:                                9.2867e+05    +2.3930e+04   -2.4687e-05  |      ---           ---           ---     
n=06:                                9.6059e+07    +1.7557e+07   -2.1735e-04  |      ---           ---           ---     
