--- multipoles on reference trajectory (rz > 0) ---
effective_length:                   434.758616533955 mm
perpendicular_grid:                 41 points in [-10.000000,+10.000000] mm
max_fitting_error_normal            0.040/6372.791 G/G
max_fitting_error_skew              342.385/342.385 G/G
r0_for_relative_multipoles          12 mm
main_monomial                       n = 0, skew:False
                                       Nn(s=0)      Integ_Nn     Nn/N0(@r0)   |    Sn(s=0)      Integ_Sn     Sn/S0(@r0)  
<multipole_order n>                    [T/m^n]      [T.m/m^n]        []       |    [T/m^n]      [T.m/m^n]        []      
n=00:                                5.4999e-01    -2.3911e-01   +1.0000e+00  |      ---           ---           ---     
n=01:                                7.2076e+00    +3.2101e+00   -1.6110e-01  |      ---           ---           ---     
n=02:                                5.1888e+00    +7.6954e-01   -4.6344e-04  |      ---           ---           ---     
n=03:                                1.0155e+02    -4.3291e+01   +3.1286e-04  |      ---           ---           ---     
n=04:                                3.3381e+03    +6.7834e+02   -5.8826e-05  |      ---           ---           ---     
n=05:                                1.6810e+05    +5.3834e+04   -5.6023e-05  |      ---           ---           ---     
n=06:                                1.8112e+07    -7.9762e+06   +9.9605e-05  |      ---           ---           ---     
