--- multipoles on reference trajectory (rz > 0) ---
effective_length:                   436.64327779730434 mm
perpendicular_grid:                 41 points in [-10.000000,+10.000000] mm
max_fitting_error_normal            0.033/4847.335 G/G
max_fitting_error_skew              328.683/328.683 G/G
r0_for_relative_multipoles          12 mm
main_monomial                       n = 0, skew:False
                                       Nn(s=0)      Integ_Nn     Nn/N0(@r0)   |    Sn(s=0)      Integ_Sn     Sn/S0(@r0)  
<multipole_order n>                    [T/m^n]      [T.m/m^n]        []       |    [T/m^n]      [T.m/m^n]        []      
n=00:                                5.4969e-01    -2.4002e-01   +1.0000e+00  |      ---           ---           ---     
n=01:                                7.1945e+00    +3.2197e+00   -1.6097e-01  |      ---           ---           ---     
n=02:                                5.4368e+00    +8.7338e-01   -5.2399e-04  |      ---           ---           ---     
n=03:                                6.3465e+01    -3.1756e+01   +2.2863e-04  |      ---           ---           ---     
n=04:                                4.5632e+03    -2.6041e+03   +2.2498e-04  |      ---           ---           ---     
n=05:                                9.1185e+04    +8.8605e+03   -9.1860e-06  |      ---           ---           ---     
n=06:                                5.0285e+07    +1.7890e+07   -2.2257e-04  |      ---           ---           ---     
