--- multipoles on reference trajectory (rz > 0) ---
effective_length:                   435.0550240385162 mm
perpendicular_grid:                 41 points in [-10.000000,+10.000000] mm
max_fitting_error_normal            0.049/4540.789 G/G
max_fitting_error_skew              324.861/324.861 G/G
r0_for_relative_multipoles          12 mm
main_monomial                       n = 0, skew:False
                                       Nn(s=0)      Integ_Nn     Nn/N0(@r0)   |    Sn(s=0)      Integ_Sn     Sn/S0(@r0)  
<multipole_order n>                    [T/m^n]      [T.m/m^n]        []       |    [T/m^n]      [T.m/m^n]        []      
n=00:                                5.2345e-01    -2.2773e-01   +1.0000e+00  |      ---           ---           ---     
n=01:                                6.8914e+00    +3.0656e+00   -1.6154e-01  |      ---           ---           ---     
n=02:                                3.8618e+00    +7.3504e-01   -4.6479e-04  |      ---           ---           ---     
n=03:                                6.6161e+00    -2.9530e+01   +2.2407e-04  |      ---           ---           ---     
n=04:                                2.7622e+04    +3.8492e+03   -3.5049e-04  |      ---           ---           ---     
n=05:                                5.2176e+05    +1.7737e+03   -1.9381e-06  |      ---           ---           ---     
n=06:                                1.6920e+08    -2.4982e+07   +3.2757e-04  |      ---           ---           ---     
