--- multipoles on reference trajectory (rz > 0) ---
effective_length:                   435.9161873679566 mm
perpendicular_grid:                 41 points in [-10.000000,+10.000000] mm
max_fitting_error_normal            0.044/6071.835 G/G
max_fitting_error_skew              315.253/315.253 G/G
r0_for_relative_multipoles          12 mm
main_monomial                       n = 0, skew:False
                                       Nn(s=0)      Integ_Nn     Nn/N0(@r0)   |    Sn(s=0)      Integ_Sn     Sn/S0(@r0)  
<multipole_order n>                    [T/m^n]      [T.m/m^n]        []       |    [T/m^n]      [T.m/m^n]        []      
n=00:                                5.2328e-01    -2.2810e-01   +1.0000e+00  |      ---           ---           ---     
n=01:                                6.8598e+00    +3.0629e+00   -1.6113e-01  |      ---           ---           ---     
n=02:                                5.2072e+00    +7.5850e-01   -4.7883e-04  |      ---           ---           ---     
n=03:                                6.8551e+01    -1.3854e+01   +1.0495e-04  |      ---           ---           ---     
n=04:                                3.6166e+03    -9.4768e+01   +8.6150e-06  |      ---           ---           ---     
n=05:                                1.2975e+05    -9.0253e+04   +9.8454e-05  |      ---           ---           ---     
n=06:                                3.0669e+07    -6.9267e+05   +9.0673e-06  |      ---           ---           ---     
