--- multipoles on reference trajectory (rz > 0) ---
effective_length:                   436.4817410286843 mm
perpendicular_grid:                 41 points in [-10.000000,+10.000000] mm
max_fitting_error_normal            0.058/5114.131 G/G
max_fitting_error_skew              340.470/340.470 G/G
r0_for_relative_multipoles          12 mm
main_monomial                       n = 0, skew:False
                                       Nn(s=0)      Integ_Nn     Nn/N0(@r0)   |    Sn(s=0)      Integ_Sn     Sn/S0(@r0)  
<multipole_order n>                    [T/m^n]      [T.m/m^n]        []       |    [T/m^n]      [T.m/m^n]        []      
n=00:                                5.5185e-01    -2.4087e-01   +1.0000e+00  |      ---           ---           ---     
n=01:                                7.2055e+00    +3.2193e+00   -1.6038e-01  |      ---           ---           ---     
n=02:                                6.0028e+00    +9.8877e-01   -5.9111e-04  |      ---           ---           ---     
n=03:                                4.4632e+01    -2.7575e+01   +1.9782e-04  |      ---           ---           ---     
n=04:                                1.0991e+04    -2.3102e+03   +1.9888e-04  |      ---           ---           ---     
n=05:                                5.9424e+04    -1.5766e+04   +1.6287e-05  |      ---           ---           ---     
n=06:                                7.9460e+07    +1.1502e+07   -1.4259e-04  |      ---           ---           ---     
