--- multipoles on reference trajectory (rz > 0) ---
effective_length:                   435.2399877158639 mm
perpendicular_grid:                 41 points in [-10.000000,+10.000000] mm
max_fitting_error_normal            0.022/6374.527 G/G
max_fitting_error_skew              343.896/343.896 G/G
r0_for_relative_multipoles          12 mm
main_monomial                       n = 0, skew:False
                                       Nn(s=0)      Integ_Nn     Nn/N0(@r0)   |    Sn(s=0)      Integ_Sn     Sn/S0(@r0)  
<multipole_order n>                    [T/m^n]      [T.m/m^n]        []       |    [T/m^n]      [T.m/m^n]        []      
n=00:                                5.5014e-01    -2.3944e-01   +1.0000e+00  |      ---           ---           ---     
n=01:                                7.2302e+00    +3.2239e+00   -1.6157e-01  |      ---           ---           ---     
n=02:                                5.1659e+00    +1.0411e+00   -6.2608e-04  |      ---           ---           ---     
n=03:                                4.1918e+00    -2.9378e+01   +2.1201e-04  |      ---           ---           ---     
n=04:                                3.7348e+03    -2.3409e+03   +2.0273e-04  |      ---           ---           ---     
n=05:                                4.7174e+05    -5.3781e+04   +5.5889e-05  |      ---           ---           ---     
n=06:                                1.0028e+07    +1.1267e+07   -1.4050e-04  |      ---           ---           ---     
