--- multipoles on reference trajectory (rz > 0) ---
effective_length:                   434.4247191301413 mm
perpendicular_grid:                 41 points in [-10.000000,+10.000000] mm
max_fitting_error_normal            0.036/4881.670 G/G
max_fitting_error_skew              338.032/338.032 G/G
r0_for_relative_multipoles          12 mm
main_monomial                       n = 0, skew:False
                                       Nn(s=0)      Integ_Nn     Nn/N0(@r0)   |    Sn(s=0)      Integ_Sn     Sn/S0(@r0)  
<multipole_order n>                    [T/m^n]      [T.m/m^n]        []       |    [T/m^n]      [T.m/m^n]        []      
n=00:                                5.5470e-01    -2.4097e-01   +1.0000e+00  |      ---           ---           ---     
n=01:                                7.2929e+00    +3.2361e+00   -1.6115e-01  |      ---           ---           ---     
n=02:                                5.6827e+00    +9.1098e-01   -5.4438e-04  |      ---           ---           ---     
n=03:                                1.0211e+02    -3.7721e+01   +2.7049e-04  |      ---           ---           ---     
n=04:                                6.3954e+03    +1.4706e+03   -1.2654e-04  |      ---           ---           ---     
n=05:                                2.8428e+05    -3.8323e+03   +3.9572e-06  |      ---           ---           ---     
n=06:                                4.1219e+07    -9.6421e+06   +1.1948e-04  |      ---           ---           ---     
