--- multipoles on reference trajectory (rz > 0) ---
effective_length:                   436.00079542274216 mm
perpendicular_grid:                 41 points in [-10.000000,+10.000000] mm
max_fitting_error_normal            0.036/6067.453 G/G
max_fitting_error_skew              312.148/312.148 G/G
r0_for_relative_multipoles          12 mm
main_monomial                       n = 0, skew:False
                                       Nn(s=0)      Integ_Nn     Nn/N0(@r0)   |    Sn(s=0)      Integ_Sn     Sn/S0(@r0)  
<multipole_order n>                    [T/m^n]      [T.m/m^n]        []       |    [T/m^n]      [T.m/m^n]        []      
n=00:                                5.2268e-01    -2.2789e-01   +1.0000e+00  |      ---           ---           ---     
n=01:                                6.8483e+00    +3.0588e+00   -1.6107e-01  |      ---           ---           ---     
n=02:                                4.7023e+00    +8.6656e-01   -5.4756e-04  |      ---           ---           ---     
n=03:                                8.3231e+01    -4.0790e+01   +3.0930e-04  |      ---           ---           ---     
n=04:                                7.5974e+03    -1.6776e+03   +1.5264e-04  |      ---           ---           ---     
n=05:                                1.5402e+05    +4.8821e+04   -5.3307e-05  |      ---           ---           ---     
n=06:                                4.3269e+07    +6.5573e+06   -8.5918e-05  |      ---           ---           ---     
