--- multipoles on reference trajectory (rz > 0) ---
effective_length:                   436.56180297098234 mm
perpendicular_grid:                 41 points in [-10.000000,+10.000000] mm
max_fitting_error_normal            0.049/6393.876 G/G
max_fitting_error_skew              357.577/357.577 G/G
r0_for_relative_multipoles          12 mm
main_monomial                       n = 0, skew:False
                                       Nn(s=0)      Integ_Nn     Nn/N0(@r0)   |    Sn(s=0)      Integ_Sn     Sn/S0(@r0)  
<multipole_order n>                    [T/m^n]      [T.m/m^n]        []       |    [T/m^n]      [T.m/m^n]        []      
n=00:                                5.5088e-01    -2.4049e-01   +1.0000e+00  |      ---           ---           ---     
n=01:                                7.1943e+00    +3.2227e+00   -1.6080e-01  |      ---           ---           ---     
n=02:                                5.0626e+00    +1.0235e+00   -6.1281e-04  |      ---           ---           ---     
n=03:                                8.7507e+01    -3.0446e+01   +2.1876e-04  |      ---           ---           ---     
n=04:                                2.0151e+04    +2.2316e+03   -1.9241e-04  |      ---           ---           ---     
n=05:                                2.1383e+05    +4.1440e+04   -4.2877e-05  |      ---           ---           ---     
n=06:                                1.1269e+08    -1.9190e+07   +2.3826e-04  |      ---           ---           ---     
