--- multipoles on reference trajectory (rz > 0) ---
effective_length:                   436.600596976747 mm
perpendicular_grid:                 41 points in [-10.000000,+10.000000] mm
max_fitting_error_normal            0.051/4438.118 G/G
max_fitting_error_skew              338.265/338.265 G/G
r0_for_relative_multipoles          12 mm
main_monomial                       n = 0, skew:False
                                       Nn(s=0)      Integ_Nn     Nn/N0(@r0)   |    Sn(s=0)      Integ_Sn     Sn/S0(@r0)  
<multipole_order n>                    [T/m^n]      [T.m/m^n]        []       |    [T/m^n]      [T.m/m^n]        []      
n=00:                                5.2251e-01    -2.2813e-01   +1.0000e+00  |      ---           ---           ---     
n=01:                                6.8497e+00    +3.0649e+00   -1.6122e-01  |      ---           ---           ---     
n=02:                                6.0399e+00    +1.0975e+00   -6.9277e-04  |      ---           ---           ---     
n=03:                                1.9996e+02    -3.0713e+01   +2.3264e-04  |      ---           ---           ---     
n=04:                                3.4419e+03    -2.7872e+03   +2.5335e-04  |      ---           ---           ---     
n=05:                                1.0864e+06    +3.2946e+04   -3.5936e-05  |      ---           ---           ---     
n=06:                                4.2354e+06    +9.3867e+06   -1.2286e-04  |      ---           ---           ---     
