--- multipoles on reference trajectory (rz > 0) ---
effective_length:                   435.3030129542076 mm
perpendicular_grid:                 41 points in [-10.000000,+10.000000] mm
max_fitting_error_normal            0.046/4883.111 G/G
max_fitting_error_skew              342.527/342.527 G/G
r0_for_relative_multipoles          12 mm
main_monomial                       n = 0, skew:False
                                       Nn(s=0)      Integ_Nn     Nn/N0(@r0)   |    Sn(s=0)      Integ_Sn     Sn/S0(@r0)  
<multipole_order n>                    [T/m^n]      [T.m/m^n]        []       |    [T/m^n]      [T.m/m^n]        []      
n=00:                                5.5469e-01    -2.4146e-01   +1.0000e+00  |      ---           ---           ---     
n=01:                                7.2717e+00    +3.2383e+00   -1.6094e-01  |      ---           ---           ---     
n=02:                                5.5056e+00    +9.4019e-01   -5.6071e-04  |      ---           ---           ---     
n=03:                                5.7804e+01    -3.0712e+01   +2.1979e-04  |      ---           ---           ---     
n=04:                                3.4041e+03    +4.1132e+03   -3.5324e-04  |      ---           ---           ---     
n=05:                                1.1022e+05    -7.7928e+02   +8.0308e-07  |      ---           ---           ---     
n=06:                                1.3208e+07    -2.5857e+07   +3.1977e-04  |      ---           ---           ---     
