--- multipoles on reference trajectory (rz > 0) ---
effective_length:                   435.666242659865 mm
perpendicular_grid:                 41 points in [-10.000000,+10.000000] mm
max_fitting_error_normal            0.039/6693.452 G/G
max_fitting_error_skew              360.435/360.435 G/G
r0_for_relative_multipoles          12 mm
main_monomial                       n = 0, skew:False
                                       Nn(s=0)      Integ_Nn     Nn/N0(@r0)   |    Sn(s=0)      Integ_Sn     Sn/S0(@r0)  
<multipole_order n>                    [T/m^n]      [T.m/m^n]        []       |    [T/m^n]      [T.m/m^n]        []      
n=00:                                5.7720e-01    -2.5147e-01   +1.0000e+00  |      ---           ---           ---     
n=01:                                7.5802e+00    +3.3792e+00   -1.6126e-01  |      ---           ---           ---     
n=02:                                6.6293e+00    +1.0495e+00   -6.0099e-04  |      ---           ---           ---     
n=03:                                7.5955e+01    -4.1059e+01   +2.8214e-04  |      ---           ---           ---     
n=04:                                1.2773e+04    -2.4012e+02   +1.9801e-05  |      ---           ---           ---     
n=05:                                3.9740e+04    -1.4697e+04   +1.4543e-05  |      ---           ---           ---     
n=06:                                8.4570e+07    -5.3321e+05   +6.3314e-06  |      ---           ---           ---     
