--- multipoles on reference trajectory (rz > 0) ---
effective_length:                   434.54844201470905 mm
perpendicular_grid:                 41 points in [-10.000000,+10.000000] mm
max_fitting_error_normal            0.044/6065.384 G/G
max_fitting_error_skew              325.934/325.934 G/G
r0_for_relative_multipoles          12 mm
main_monomial                       n = 0, skew:False
                                       Nn(s=0)      Integ_Nn     Nn/N0(@r0)   |    Sn(s=0)      Integ_Sn     Sn/S0(@r0)  
<multipole_order n>                    [T/m^n]      [T.m/m^n]        []       |    [T/m^n]      [T.m/m^n]        []      
n=00:                                5.2480e-01    -2.2805e-01   +1.0000e+00  |      ---           ---           ---     
n=01:                                6.9141e+00    +3.0673e+00   -1.6140e-01  |      ---           ---           ---     
n=02:                                4.6080e+00    +9.8890e-01   -6.2443e-04  |      ---           ---           ---     
n=03:                                7.6282e+01    -3.8491e+01   +2.9166e-04  |      ---           ---           ---     
n=04:                                8.7336e+03    -3.3800e+01   +3.0734e-06  |      ---           ---           ---     
n=05:                                2.3510e+05    +1.1563e+05   -1.2617e-04  |      ---           ---           ---     
n=06:                                6.0519e+07    -5.7889e+06   +7.5797e-05  |      ---           ---           ---     
