--- multipoles on reference trajectory (rz > 0) ---
effective_length:                   437.2446120722383 mm
perpendicular_grid:                 41 points in [-10.000000,+10.000000] mm
max_fitting_error_normal            0.029/6398.052 G/G
max_fitting_error_skew              341.679/341.679 G/G
r0_for_relative_multipoles          12 mm
main_monomial                       n = 0, skew:False
                                       Nn(s=0)      Integ_Nn     Nn/N0(@r0)   |    Sn(s=0)      Integ_Sn     Sn/S0(@r0)  
<multipole_order n>                    [T/m^n]      [T.m/m^n]        []       |    [T/m^n]      [T.m/m^n]        []      
n=00:                                5.5182e-01    -2.4128e-01   +1.0000e+00  |      ---           ---           ---     
n=01:                                7.2049e+00    +3.2250e+00   -1.6040e-01  |      ---           ---           ---     
n=02:                                5.2773e+00    +9.7674e-01   -5.8294e-04  |      ---           ---           ---     
n=03:                                1.0360e+02    -3.4091e+01   +2.4415e-04  |      ---           ---           ---     
n=04:                                2.7531e+03    -2.4594e+03   +2.1137e-04  |      ---           ---           ---     
n=05:                                1.8237e+05    +1.1090e+04   -1.1437e-05  |      ---           ---           ---     
n=06:                                1.5099e+07    +9.2382e+06   -1.1433e-04  |      ---           ---           ---     
