--- multipoles on reference trajectory (rz > 0) ---
effective_length:                   435.51702239110347 mm
perpendicular_grid:                 41 points in [-10.000000,+10.000000] mm
max_fitting_error_normal            0.036/6421.378 G/G
max_fitting_error_skew              347.116/347.116 G/G
r0_for_relative_multipoles          12 mm
main_monomial                       n = 0, skew:False
                                       Nn(s=0)      Integ_Nn     Nn/N0(@r0)   |    Sn(s=0)      Integ_Sn     Sn/S0(@r0)  
<multipole_order n>                    [T/m^n]      [T.m/m^n]        []       |    [T/m^n]      [T.m/m^n]        []      
n=00:                                5.5460e-01    -2.4154e-01   +1.0000e+00  |      ---           ---           ---     
n=01:                                7.2892e+00    +3.2353e+00   -1.6073e-01  |      ---           ---           ---     
n=02:                                6.5060e+00    +1.1409e+00   -6.8017e-04  |      ---           ---           ---     
n=03:                                6.5562e+01    -1.6493e+01   +1.1799e-04  |      ---           ---           ---     
n=04:                                2.1148e+04    -1.8477e+03   +1.5862e-04  |      ---           ---           ---     
n=05:                                5.9542e+04    -1.0877e+05   +1.1206e-04  |      ---           ---           ---     
n=06:                                1.2990e+08    +1.0194e+07   -1.2602e-04  |      ---           ---           ---     
