--- multipoles on reference trajectory (rz > 0) ---
effective_length:                   434.3928820774418 mm
perpendicular_grid:                 41 points in [-10.000000,+10.000000] mm
max_fitting_error_normal            0.037/2919.416 G/G
max_fitting_error_skew              319.585/319.585 G/G
r0_for_relative_multipoles          12 mm
main_monomial                       n = 0, skew:False
                                       Nn(s=0)      Integ_Nn     Nn/N0(@r0)   |    Sn(s=0)      Integ_Sn     Sn/S0(@r0)  
<multipole_order n>                    [T/m^n]      [T.m/m^n]        []       |    [T/m^n]      [T.m/m^n]        []      
n=00:                                5.2515e-01    -2.2812e-01   +1.0000e+00  |      ---           ---           ---     
n=01:                                6.9079e+00    +3.0638e+00   -1.6117e-01  |      ---           ---           ---     
n=02:                                4.3466e+00    +9.5707e-01   -6.0415e-04  |      ---           ---           ---     
n=03:                                4.8752e+01    -2.2240e+01   +1.6847e-04  |      ---           ---           ---     
n=04:                                1.4044e+04    -1.1107e+03   +1.0096e-04  |      ---           ---           ---     
n=05:                                6.2983e+04    -4.1181e+04   +4.4920e-05  |      ---           ---           ---     
n=06:                                7.4506e+07    +5.7339e+06   -7.5054e-05  |      ---           ---           ---     
