--- multipoles on reference trajectory (rz > 0) ---
effective_length:                   436.0340802518675 mm
perpendicular_grid:                 41 points in [-10.000000,+10.000000] mm
max_fitting_error_normal            0.041/3798.969 G/G
max_fitting_error_skew              354.729/354.729 G/G
r0_for_relative_multipoles          12 mm
main_monomial                       n = 0, skew:False
                                       Nn(s=0)      Integ_Nn     Nn/N0(@r0)   |    Sn(s=0)      Integ_Sn     Sn/S0(@r0)  
<multipole_order n>                    [T/m^n]      [T.m/m^n]        []       |    [T/m^n]      [T.m/m^n]        []      
n=00:                                5.5149e-01    -2.4047e-01   +1.0000e+00  |      ---           ---           ---     
n=01:                                7.2071e+00    +3.2206e+00   -1.6072e-01  |      ---           ---           ---     
n=02:                                5.2033e+00    +8.0699e-01   -4.8325e-04  |      ---           ---           ---     
n=03:                                1.1607e+02    -4.0057e+01   +2.8785e-04  |      ---           ---           ---     
n=04:                                3.7712e+03    -1.0780e+03   +9.2961e-05  |      ---           ---           ---     
n=05:                                2.2901e+05    +3.5382e+04   -3.6612e-05  |      ---           ---           ---     
n=06:                                1.9295e+07    +7.5601e+06   -9.3877e-05  |      ---           ---           ---     
