--- multipoles on reference trajectory (rz > 0) ---
effective_length:                   435.4491452974596 mm
perpendicular_grid:                 41 points in [-10.000000,+10.000000] mm
max_fitting_error_normal            0.057/4025.750 G/G
max_fitting_error_skew              320.319/320.319 G/G
r0_for_relative_multipoles          12 mm
main_monomial                       n = 0, skew:False
                                       Nn(s=0)      Integ_Nn     Nn/N0(@r0)   |    Sn(s=0)      Integ_Sn     Sn/S0(@r0)  
<multipole_order n>                    [T/m^n]      [T.m/m^n]        []       |    [T/m^n]      [T.m/m^n]        []      
n=00:                                5.2531e-01    -2.2875e-01   +1.0000e+00  |      ---           ---           ---     
n=01:                                6.8599e+00    +3.0604e+00   -1.6055e-01  |      ---           ---           ---     
n=02:                                5.2553e+00    +1.0014e+00   -6.3039e-04  |      ---           ---           ---     
n=03:                                7.8365e+01    -3.4571e+01   +2.6115e-04  |      ---           ---           ---     
n=04:                                6.1977e+02    -2.8887e+03   +2.6186e-04  |      ---           ---           ---     
n=05:                                2.1769e+05    +5.1510e+04   -5.6033e-05  |      ---           ---           ---     
n=06:                                4.2113e+06    +1.5108e+07   -1.9721e-04  |      ---           ---           ---     
