--- multipoles on reference trajectory (rz > 0) ---
effective_length:                   433.8011289427623 mm
perpendicular_grid:                 41 points in [-10.000000,+10.000000] mm
max_fitting_error_normal            0.054/4851.912 G/G
max_fitting_error_skew              332.513/332.513 G/G
r0_for_relative_multipoles          12 mm
main_monomial                       n = 0, skew:False
                                       Nn(s=0)      Integ_Nn     Nn/N0(@r0)   |    Sn(s=0)      Integ_Sn     Sn/S0(@r0)  
<multipole_order n>                    [T/m^n]      [T.m/m^n]        []       |    [T/m^n]      [T.m/m^n]        []      
n=00:                                5.5126e-01    -2.3914e-01   +1.0000e+00  |      ---           ---           ---     
n=01:                                7.2475e+00    +3.2143e+00   -1.6130e-01  |      ---           ---           ---     
n=02:                                5.2667e+00    +1.0142e+00   -6.1074e-04  |      ---           ---           ---     
n=03:                                8.5879e+01    -2.4961e+01   +1.8037e-04  |      ---           ---           ---     
n=04:                                6.0870e+02    -2.1301e+03   +1.8470e-04  |      ---           ---           ---     
n=05:                                2.0604e+05    -5.7963e+04   +6.0313e-05  |      ---           ---           ---     
n=06:                                2.0985e+07    +1.1808e+07   -1.4744e-04  |      ---           ---           ---     
