--- multipoles on reference trajectory (rz > 0) ---
effective_length:                   434.34222446136266 mm
perpendicular_grid:                 41 points in [-10.000000,+10.000000] mm
max_fitting_error_normal            0.030/3777.094 G/G
max_fitting_error_skew              315.689/315.689 G/G
r0_for_relative_multipoles          12 mm
main_monomial                       n = 0, skew:False
                                       Nn(s=0)      Integ_Nn     Nn/N0(@r0)   |    Sn(s=0)      Integ_Sn     Sn/S0(@r0)  
<multipole_order n>                    [T/m^n]      [T.m/m^n]        []       |    [T/m^n]      [T.m/m^n]        []      
n=00:                                5.2411e-01    -2.2764e-01   +1.0000e+00  |      ---           ---           ---     
n=01:                                6.8973e+00    +3.0620e+00   -1.6141e-01  |      ---           ---           ---     
n=02:                                4.6989e+00    +7.5091e-01   -4.7500e-04  |      ---           ---           ---     
n=03:                                7.5637e+01    -4.0808e+01   +3.0977e-04  |      ---           ---           ---     
n=04:                                7.1324e+02    +1.5111e+03   -1.3765e-04  |      ---           ---           ---     
n=05:                                1.7077e+05    +4.3889e+04   -4.7974e-05  |      ---           ---           ---     
n=06:                                1.4611e+07    -7.0015e+06   +9.1839e-05  |      ---           ---           ---     
