--- multipoles on reference trajectory (rz > 0) ---
effective_length:                   434.0311184089436 mm
perpendicular_grid:                 41 points in [-10.000000,+10.000000] mm
max_fitting_error_normal            0.024/6404.640 G/G
max_fitting_error_skew              335.855/335.855 G/G
r0_for_relative_multipoles          12 mm
main_monomial                       n = 0, skew:False
                                       Nn(s=0)      Integ_Nn     Nn/N0(@r0)   |    Sn(s=0)      Integ_Sn     Sn/S0(@r0)  
<multipole_order n>                    [T/m^n]      [T.m/m^n]        []       |    [T/m^n]      [T.m/m^n]        []      
n=00:                                5.5424e-01    -2.4056e-01   +1.0000e+00  |      ---           ---           ---     
n=01:                                7.2889e+00    +3.2310e+00   -1.6117e-01  |      ---           ---           ---     
n=02:                                6.0684e+00    +1.1137e+00   -6.6664e-04  |      ---           ---           ---     
n=03:                                1.7738e+01    -2.2689e+01   +1.6298e-04  |      ---           ---           ---     
n=04:                                1.2589e+04    -3.5178e+03   +3.0324e-04  |      ---           ---           ---     
n=05:                                4.2788e+05    -4.6782e+04   +4.8391e-05  |      ---           ---           ---     
n=06:                                7.2935e+07    +1.6207e+07   -2.0118e-04  |      ---           ---           ---     
