--- multipoles on reference trajectory (rz > 0) ---
effective_length:                   436.074951376053 mm
perpendicular_grid:                 41 points in [-10.000000,+10.000000] mm
max_fitting_error_normal            0.039/6058.062 G/G
max_fitting_error_skew              374.551/374.551 G/G
r0_for_relative_multipoles          12 mm
main_monomial                       n = 0, skew:False
                                       Nn(s=0)      Integ_Nn     Nn/N0(@r0)   |    Sn(s=0)      Integ_Sn     Sn/S0(@r0)  
<multipole_order n>                    [T/m^n]      [T.m/m^n]        []       |    [T/m^n]      [T.m/m^n]        []      
n=00:                                5.7643e-01    -2.5137e-01   +1.0000e+00  |      ---           ---           ---     
n=01:                                7.5392e+00    +3.3733e+00   -1.6104e-01  |      ---           ---           ---     
n=02:                                5.7899e+00    +1.0676e+00   -6.1157e-04  |      ---           ---           ---     
n=03:                                9.4753e+01    -4.9181e+01   +3.3809e-04  |      ---           ---           ---     
n=04:                                1.3672e+04    +1.0608e+03   -8.7511e-05  |      ---           ---           ---     
n=05:                                1.4961e+05    +1.2631e+05   -1.2503e-04  |      ---           ---           ---     
n=06:                                6.0864e+07    -9.3536e+06   +1.1111e-04  |      ---           ---           ---     
