--- multipoles on reference trajectory (rz > 0) ---
effective_length:                   435.91767870076 mm
perpendicular_grid:                 41 points in [-10.000000,+10.000000] mm
max_fitting_error_normal            0.031/4878.203 G/G
max_fitting_error_skew              356.604/356.604 G/G
r0_for_relative_multipoles          12 mm
main_monomial                       n = 0, skew:False
                                       Nn(s=0)      Integ_Nn     Nn/N0(@r0)   |    Sn(s=0)      Integ_Sn     Sn/S0(@r0)  
<multipole_order n>                    [T/m^n]      [T.m/m^n]        []       |    [T/m^n]      [T.m/m^n]        []      
n=00:                                5.5272e-01    -2.4094e-01   +1.0000e+00  |      ---           ---           ---     
n=01:                                7.2350e+00    +3.2288e+00   -1.6081e-01  |      ---           ---           ---     
n=02:                                5.5088e+00    +7.7090e-01   -4.6073e-04  |      ---           ---           ---     
n=03:                                7.1852e+01    -4.2835e+01   +3.0721e-04  |      ---           ---           ---     
n=04:                                2.4178e+03    -1.0901e+03   +9.3815e-05  |      ---           ---           ---     
n=05:                                9.0174e+04    +6.6772e+04   -6.8958e-05  |      ---           ---           ---     
n=06:                                1.3025e+07    +3.2965e+06   -4.0853e-05  |      ---           ---           ---     
