--- multipoles on reference trajectory (rz > 0) ---
effective_length:                   434.3350457178958 mm
perpendicular_grid:                 41 points in [-10.000000,+10.000000] mm
max_fitting_error_normal            0.032/3769.741 G/G
max_fitting_error_skew              315.452/315.452 G/G
r0_for_relative_multipoles          12 mm
main_monomial                       n = 0, skew:False
                                       Nn(s=0)      Integ_Nn     Nn/N0(@r0)   |    Sn(s=0)      Integ_Sn     Sn/S0(@r0)  
<multipole_order n>                    [T/m^n]      [T.m/m^n]        []       |    [T/m^n]      [T.m/m^n]        []      
n=00:                                5.2370e-01    -2.2746e-01   +1.0000e+00  |      ---           ---           ---     
n=01:                                6.8978e+00    +3.0621e+00   -1.6154e-01  |      ---           ---           ---     
n=02:                                4.6806e+00    +7.4404e-01   -4.7103e-04  |      ---           ---           ---     
n=03:                                7.4881e+01    -4.0440e+01   +3.0721e-04  |      ---           ---           ---     
n=04:                                9.3786e+02    +1.5119e+03   -1.3782e-04  |      ---           ---           ---     
n=05:                                1.6975e+05    +4.1302e+04   -4.5182e-05  |      ---           ---           ---     
n=06:                                1.3163e+07    -6.9030e+06   +9.0618e-05  |      ---           ---           ---     
