--- multipoles on reference trajectory (rz > 0) ---
effective_length:                   435.65860083918835 mm
perpendicular_grid:                 41 points in [-10.000000,+10.000000] mm
max_fitting_error_normal            0.058/5101.141 G/G
max_fitting_error_skew              352.085/352.085 G/G
r0_for_relative_multipoles          12 mm
main_monomial                       n = 0, skew:False
                                       Nn(s=0)      Integ_Nn     Nn/N0(@r0)   |    Sn(s=0)      Integ_Sn     Sn/S0(@r0)  
<multipole_order n>                    [T/m^n]      [T.m/m^n]        []       |    [T/m^n]      [T.m/m^n]        []      
n=00:                                5.7807e-01    -2.5184e-01   +1.0000e+00  |      ---           ---           ---     
n=01:                                7.5869e+00    +3.3785e+00   -1.6098e-01  |      ---           ---           ---     
n=02:                                4.9786e+00    +8.4696e-01   -4.8429e-04  |      ---           ---           ---     
n=03:                                4.4789e+00    -3.6808e+01   +2.5255e-04  |      ---           ---           ---     
n=04:                                2.5264e+04    +6.7857e+03   -5.5872e-04  |      ---           ---           ---     
n=05:                                3.5794e+05    +5.3742e+04   -5.3100e-05  |      ---           ---           ---     
n=06:                                1.5620e+08    -4.5715e+07   +5.4203e-04  |      ---           ---           ---     
