--- multipoles on reference trajectory (rz > 0) ---
effective_length:                   434.463335377856 mm
perpendicular_grid:                 41 points in [-10.000000,+10.000000] mm
max_fitting_error_normal            0.033/4311.653 G/G
max_fitting_error_skew              353.462/353.462 G/G
r0_for_relative_multipoles          12 mm
main_monomial                       n = 0, skew:False
                                       Nn(s=0)      Integ_Nn     Nn/N0(@r0)   |    Sn(s=0)      Integ_Sn     Sn/S0(@r0)  
<multipole_order n>                    [T/m^n]      [T.m/m^n]        []       |    [T/m^n]      [T.m/m^n]        []      
n=00:                                5.7928e-01    -2.5168e-01   +1.0000e+00  |      ---           ---           ---     
n=01:                                7.6066e+00    +3.3765e+00   -1.6099e-01  |      ---           ---           ---     
n=02:                                5.9002e+00    +1.2243e+00   -7.0047e-04  |      ---           ---           ---     
n=03:                                3.4124e+01    -4.4941e+01   +3.0856e-04  |      ---           ---           ---     
n=04:                                7.0072e+03    -1.6173e+03   +1.3325e-04  |      ---           ---           ---     
n=05:                                2.1284e+05    +1.0032e+05   -9.9182e-05  |      ---           ---           ---     
n=06:                                5.1473e+07    +5.5002e+06   -6.5256e-05  |      ---           ---           ---     
