--- multipoles on reference trajectory (rz > 0) ---
effective_length:                   435.165965886479 mm
perpendicular_grid:                 41 points in [-10.000000,+10.000000] mm
max_fitting_error_normal            0.031/5788.218 G/G
max_fitting_error_skew              343.551/343.551 G/G
r0_for_relative_multipoles          12 mm
main_monomial                       n = 0, skew:False
                                       Nn(s=0)      Integ_Nn     Nn/N0(@r0)   |    Sn(s=0)      Integ_Sn     Sn/S0(@r0)  
<multipole_order n>                    [T/m^n]      [T.m/m^n]        []       |    [T/m^n]      [T.m/m^n]        []      
n=00:                                5.5284e-01    -2.4058e-01   +1.0000e+00  |      ---           ---           ---     
n=01:                                7.2394e+00    +3.2224e+00   -1.6073e-01  |      ---           ---           ---     
n=02:                                4.4512e+00    +9.1225e-01   -5.4603e-04  |      ---           ---           ---     
n=03:                                8.1083e+00    -2.2025e+01   +1.5820e-04  |      ---           ---           ---     
n=04:                                2.2070e+04    +2.0662e+03   -1.7809e-04  |      ---           ---           ---     
n=05:                                3.7985e+05    -7.0344e+04   +7.2757e-05  |      ---           ---           ---     
n=06:                                1.2351e+08    -1.2023e+07   +1.4922e-04  |      ---           ---           ---     
