--- multipoles on reference trajectory (rz > 0) ---
effective_length:                   435.703199801492 mm
perpendicular_grid:                 41 points in [-10.000000,+10.000000] mm
max_fitting_error_normal            0.061/4625.651 G/G
max_fitting_error_skew              329.488/329.488 G/G
r0_for_relative_multipoles          12 mm
main_monomial                       n = 0, skew:False
                                       Nn(s=0)      Integ_Nn     Nn/N0(@r0)   |    Sn(s=0)      Integ_Sn     Sn/S0(@r0)  
<multipole_order n>                    [T/m^n]      [T.m/m^n]        []       |    [T/m^n]      [T.m/m^n]        []      
n=00:                                5.2384e-01    -2.2824e-01   +1.0000e+00  |      ---           ---           ---     
n=01:                                6.8762e+00    +3.0654e+00   -1.6117e-01  |      ---           ---           ---     
n=02:                                4.4299e+00    +8.1390e-01   -5.1351e-04  |      ---           ---           ---     
n=03:                                5.1198e+01    -3.3327e+01   +2.5232e-04  |      ---           ---           ---     
n=04:                                1.3689e+04    +1.2879e+03   -1.1701e-04  |      ---           ---           ---     
n=05:                                2.9170e+03    +4.7489e+04   -5.1775e-05  |      ---           ---           ---     
n=06:                                7.0827e+07    -7.6851e+06   +1.0054e-04  |      ---           ---           ---     
