--- multipoles on reference trajectory (rz > 0) ---
effective_length:                   435.5999821865313 mm
perpendicular_grid:                 41 points in [-10.000000,+10.000000] mm
max_fitting_error_normal            0.048/4614.513 G/G
max_fitting_error_skew              318.048/318.048 G/G
r0_for_relative_multipoles          12 mm
main_monomial                       n = 0, skew:False
                                       Nn(s=0)      Integ_Nn     Nn/N0(@r0)   |    Sn(s=0)      Integ_Sn     Sn/S0(@r0)  
<multipole_order n>                    [T/m^n]      [T.m/m^n]        []       |    [T/m^n]      [T.m/m^n]        []      
n=00:                                5.2393e-01    -2.2823e-01   +1.0000e+00  |      ---           ---           ---     
n=01:                                6.8908e+00    +3.0660e+00   -1.6121e-01  |      ---           ---           ---     
n=02:                                3.8460e+00    +6.6781e-01   -4.2136e-04  |      ---           ---           ---     
n=03:                                1.6767e+00    -2.9191e+01   +2.2102e-04  |      ---           ---           ---     
n=04:                                2.8323e+04    +4.6208e+03   -4.1984e-04  |      ---           ---           ---     
n=05:                                4.8054e+05    -8.3162e+03   +9.0671e-06  |      ---           ---           ---     
n=06:                                1.7354e+08    -2.7322e+07   +3.5747e-04  |      ---           ---           ---     
