--- multipoles on reference trajectory (rz > 0) ---
effective_length:                   436.23823634751994 mm
perpendicular_grid:                 41 points in [-10.000000,+10.000000] mm
max_fitting_error_normal            0.066/6375.939 G/G
max_fitting_error_skew              335.727/335.727 G/G
r0_for_relative_multipoles          12 mm
main_monomial                       n = 0, skew:False
                                       Nn(s=0)      Integ_Nn     Nn/N0(@r0)   |    Sn(s=0)      Integ_Sn     Sn/S0(@r0)  
<multipole_order n>                    [T/m^n]      [T.m/m^n]        []       |    [T/m^n]      [T.m/m^n]        []      
n=00:                                5.4943e-01    -2.3968e-01   +1.0000e+00  |      ---           ---           ---     
n=01:                                7.1884e+00    +3.2197e+00   -1.6120e-01  |      ---           ---           ---     
n=02:                                6.1430e+00    +9.6409e-01   -5.7922e-04  |      ---           ---           ---     
n=03:                                8.2494e+01    -9.9535e+00   +7.1760e-05  |      ---           ---           ---     
n=04:                                1.2681e+04    -3.3927e+03   +2.9352e-04  |      ---           ---           ---     
n=05:                                1.6170e+05    -1.6809e+05   +1.7450e-04  |      ---           ---           ---     
n=06:                                8.2724e+07    +2.1509e+07   -2.6796e-04  |      ---           ---           ---     
