--- multipoles on reference trajectory (rz > 0) ---
effective_length:                   435.66578318728114 mm
perpendicular_grid:                 41 points in [-10.000000,+10.000000] mm
max_fitting_error_normal            0.058/5100.185 G/G
max_fitting_error_skew              352.033/352.033 G/G
r0_for_relative_multipoles          12 mm
main_monomial                       n = 0, skew:False
                                       Nn(s=0)      Integ_Nn     Nn/N0(@r0)   |    Sn(s=0)      Integ_Sn     Sn/S0(@r0)  
<multipole_order n>                    [T/m^n]      [T.m/m^n]        []       |    [T/m^n]      [T.m/m^n]        []      
n=00:                                5.7798e-01    -2.5181e-01   +1.0000e+00  |      ---           ---           ---     
n=01:                                7.5870e+00    +3.3785e+00   -1.6101e-01  |      ---           ---           ---     
n=02:                                4.9801e+00    +8.4535e-01   -4.8343e-04  |      ---           ---           ---     
n=03:                                3.7328e+00    -3.6618e+01   +2.5129e-04  |      ---           ---           ---     
n=04:                                2.5184e+04    +6.7950e+03   -5.5957e-04  |      ---           ---           ---     
n=05:                                3.6425e+05    +5.1889e+04   -5.1277e-05  |      ---           ---           ---     
n=06:                                1.5572e+08    -4.5779e+07   +5.4286e-04  |      ---           ---           ---     
