--- multipoles on reference trajectory (rz > 0) ---
effective_length:                   434.6733227455848 mm
perpendicular_grid:                 41 points in [-10.000000,+10.000000] mm
max_fitting_error_normal            0.046/5095.525 G/G
max_fitting_error_skew              361.588/361.588 G/G
r0_for_relative_multipoles          12 mm
main_monomial                       n = 0, skew:False
                                       Nn(s=0)      Integ_Nn     Nn/N0(@r0)   |    Sn(s=0)      Integ_Sn     Sn/S0(@r0)  
<multipole_order n>                    [T/m^n]      [T.m/m^n]        []       |    [T/m^n]      [T.m/m^n]        []      
n=00:                                5.7774e-01    -2.5113e-01   +1.0000e+00  |      ---           ---           ---     
n=01:                                7.5793e+00    +3.3748e+00   -1.6126e-01  |      ---           ---           ---     
n=02:                                6.6476e+00    +1.0619e+00   -6.0893e-04  |      ---           ---           ---     
n=03:                                7.3604e+01    -2.0767e+01   +1.4289e-04  |      ---           ---           ---     
n=04:                                1.2840e+04    +1.3643e+01   -1.1265e-06  |      ---           ---           ---     
n=05:                                6.2317e+04    -1.0120e+05   +1.0027e-04  |      ---           ---           ---     
n=06:                                8.5275e+07    -5.5480e+05   +6.5967e-06  |      ---           ---           ---     
