--- multipoles on reference trajectory (rz > 0) ---
effective_length:                   436.214146553502 mm
perpendicular_grid:                 41 points in [-10.000000,+10.000000] mm
max_fitting_error_normal            0.048/4895.254 G/G
max_fitting_error_skew              357.314/357.314 G/G
r0_for_relative_multipoles          12 mm
main_monomial                       n = 0, skew:False
                                       Nn(s=0)      Integ_Nn     Nn/N0(@r0)   |    Sn(s=0)      Integ_Sn     Sn/S0(@r0)  
<multipole_order n>                    [T/m^n]      [T.m/m^n]        []       |    [T/m^n]      [T.m/m^n]        []      
n=00:                                5.5309e-01    -2.4127e-01   +1.0000e+00  |      ---           ---           ---     
n=01:                                7.2247e+00    +3.2365e+00   -1.6098e-01  |      ---           ---           ---     
n=02:                                6.6273e+00    +1.1578e+00   -6.9105e-04  |      ---           ---           ---     
n=03:                                1.0202e+02    -3.8578e+01   +2.7630e-04  |      ---           ---           ---     
n=04:                                1.4593e+04    -3.8893e+03   +3.3427e-04  |      ---           ---           ---     
n=05:                                2.0650e+05    +4.5966e+04   -4.7407e-05  |      ---           ---           ---     
n=06:                                1.0096e+08    +2.1609e+07   -2.6744e-04  |      ---           ---           ---     
