--- multipoles on reference trajectory (rz > 0) ---
effective_length:                   435.3146345864712 mm
perpendicular_grid:                 41 points in [-10.000000,+10.000000] mm
max_fitting_error_normal            0.046/5095.657 G/G
max_fitting_error_skew              357.564/357.564 G/G
r0_for_relative_multipoles          12 mm
main_monomial                       n = 0, skew:False
                                       Nn(s=0)      Integ_Nn     Nn/N0(@r0)   |    Sn(s=0)      Integ_Sn     Sn/S0(@r0)  
<multipole_order n>                    [T/m^n]      [T.m/m^n]        []       |    [T/m^n]      [T.m/m^n]        []      
n=00:                                5.7814e-01    -2.5167e-01   +1.0000e+00  |      ---           ---           ---     
n=01:                                7.5862e+00    +3.3791e+00   -1.6112e-01  |      ---           ---           ---     
n=02:                                5.3752e+00    +1.0600e+00   -6.0649e-04  |      ---           ---           ---     
n=03:                                7.8812e+01    -2.8183e+01   +1.9351e-04  |      ---           ---           ---     
n=04:                                1.9521e+04    +2.1367e+03   -1.7605e-04  |      ---           ---           ---     
n=05:                                2.5060e+05    +5.0334e+04   -4.9767e-05  |      ---           ---           ---     
n=06:                                1.2330e+08    -1.4609e+07   +1.7333e-04  |      ---           ---           ---     
