--- multipoles on reference trajectory (rz > 0) ---
effective_length:                   435.6596718581113 mm
perpendicular_grid:                 41 points in [-10.000000,+10.000000] mm
max_fitting_error_normal            0.033/4840.578 G/G
max_fitting_error_skew              344.110/344.110 G/G
r0_for_relative_multipoles          12 mm
main_monomial                       n = 0, skew:False
                                       Nn(s=0)      Integ_Nn     Nn/N0(@r0)   |    Sn(s=0)      Integ_Sn     Sn/S0(@r0)  
<multipole_order n>                    [T/m^n]      [T.m/m^n]        []       |    [T/m^n]      [T.m/m^n]        []      
n=00:                                5.5183e-01    -2.4041e-01   +1.0000e+00  |      ---           ---           ---     
n=01:                                7.2278e+00    +3.2226e+00   -1.6085e-01  |      ---           ---           ---     
n=02:                                5.1468e+00    +9.8285e-01   -5.8871e-04  |      ---           ---           ---     
n=03:                                6.9563e+00    -4.5044e+01   +3.2376e-04  |      ---           ---           ---     
n=04:                                5.0898e+03    -1.2344e+03   +1.0647e-04  |      ---           ---           ---     
n=05:                                4.6726e+05    +1.9734e+04   -2.0425e-05  |      ---           ---           ---     
n=06:                                1.6739e+07    +6.4255e+06   -7.9808e-05  |      ---           ---           ---     
