--- multipoles on reference trajectory (rz > 0) ---
effective_length:                   435.67017343498526 mm
perpendicular_grid:                 41 points in [-10.000000,+10.000000] mm
max_fitting_error_normal            0.038/4881.929 G/G
max_fitting_error_skew              339.206/339.206 G/G
r0_for_relative_multipoles          12 mm
main_monomial                       n = 0, skew:False
                                       Nn(s=0)      Integ_Nn     Nn/N0(@r0)   |    Sn(s=0)      Integ_Sn     Sn/S0(@r0)  
<multipole_order n>                    [T/m^n]      [T.m/m^n]        []       |    [T/m^n]      [T.m/m^n]        []      
n=00:                                5.5244e-01    -2.4068e-01   +1.0000e+00  |      ---           ---           ---     
n=01:                                7.2414e+00    +3.2348e+00   -1.6128e-01  |      ---           ---           ---     
n=02:                                5.7090e+00    +9.2245e-01   -5.5190e-04  |      ---           ---           ---     
n=03:                                3.6270e+01    -3.8494e+01   +2.7637e-04  |      ---           ---           ---     
n=04:                                4.3360e+03    -4.2781e+02   +3.6858e-05  |      ---           ---           ---     
n=05:                                3.0385e+05    +1.3420e+04   -1.3875e-05  |      ---           ---           ---     
n=06:                                4.4519e+07    +3.1531e+06   -3.9119e-05  |      ---           ---           ---     
