--- multipoles on reference trajectory (rz > 0) ---
effective_length:                   436.0436583756873 mm
perpendicular_grid:                 41 points in [-10.000000,+10.000000] mm
max_fitting_error_normal            0.043/4890.387 G/G
max_fitting_error_skew              355.062/355.062 G/G
r0_for_relative_multipoles          12 mm
main_monomial                       n = 0, skew:False
                                       Nn(s=0)      Integ_Nn     Nn/N0(@r0)   |    Sn(s=0)      Integ_Sn     Sn/S0(@r0)  
<multipole_order n>                    [T/m^n]      [T.m/m^n]        []       |    [T/m^n]      [T.m/m^n]        []      
n=00:                                5.5207e-01    -2.4072e-01   +1.0000e+00  |      ---           ---           ---     
n=01:                                7.2062e+00    +3.2204e+00   -1.6054e-01  |      ---           ---           ---     
n=02:                                5.2370e+00    +8.1782e-01   -4.8921e-04  |      ---           ---           ---     
n=03:                                1.1716e+02    -3.9846e+01   +2.8603e-04  |      ---           ---           ---     
n=04:                                3.4778e+03    -1.1352e+03   +9.7786e-05  |      ---           ---           ---     
n=05:                                2.3720e+05    +3.3181e+04   -3.4298e-05  |      ---           ---           ---     
n=06:                                1.7631e+07    +7.9213e+06   -9.8257e-05  |      ---           ---           ---     
