--- multipoles on reference trajectory (rz > 0) ---
effective_length:                   435.6736475200975 mm
perpendicular_grid:                 41 points in [-10.000000,+10.000000] mm
max_fitting_error_normal            0.044/4862.627 G/G
max_fitting_error_skew              337.736/337.736 G/G
r0_for_relative_multipoles          12 mm
main_monomial                       n = 0, skew:False
                                       Nn(s=0)      Integ_Nn     Nn/N0(@r0)   |    Sn(s=0)      Integ_Sn     Sn/S0(@r0)  
<multipole_order n>                    [T/m^n]      [T.m/m^n]        []       |    [T/m^n]      [T.m/m^n]        []      
n=00:                                5.5011e-01    -2.3967e-01   +1.0000e+00  |      ---           ---           ---     
n=01:                                7.2083e+00    +3.2194e+00   -1.6119e-01  |      ---           ---           ---     
n=02:                                5.9477e+00    +1.0078e+00   -6.0549e-04  |      ---           ---           ---     
n=03:                                4.9802e+01    -1.3949e+01   +1.0057e-04  |      ---           ---           ---     
n=04:                                1.0296e+04    -3.3472e+03   +2.8960e-04  |      ---           ---           ---     
n=05:                                2.7550e+03    -1.0458e+05   +1.0858e-04  |      ---           ---           ---     
n=06:                                7.3385e+07    +2.1035e+07   -2.6207e-04  |      ---           ---           ---     
