--- multipoles on reference trajectory (rz > 0) ---
effective_length:                   433.47138222414435 mm
perpendicular_grid:                 41 points in [-10.000000,+10.000000] mm
max_fitting_error_normal            0.038/3632.099 G/G
max_fitting_error_skew              321.987/321.987 G/G
r0_for_relative_multipoles          12 mm
main_monomial                       n = 0, skew:False
                                       Nn(s=0)      Integ_Nn     Nn/N0(@r0)   |    Sn(s=0)      Integ_Sn     Sn/S0(@r0)  
<multipole_order n>                    [T/m^n]      [T.m/m^n]        []       |    [T/m^n]      [T.m/m^n]        []      
n=00:                                5.2513e-01    -2.2763e-01   +1.0000e+00  |      ---           ---           ---     
n=01:                                6.9077e+00    +3.0556e+00   -1.6108e-01  |      ---           ---           ---     
n=02:                                5.0259e+00    +8.2846e-01   -5.2409e-04  |      ---           ---           ---     
n=03:                                3.6688e+01    -2.7992e+01   +2.1249e-04  |      ---           ---           ---     
n=04:                                1.1137e+04    -3.9665e+03   +3.6133e-04  |      ---           ---           ---     
n=05:                                1.6674e+05    -4.4332e+04   +4.8461e-05  |      ---           ---           ---     
n=06:                                6.9764e+07    +2.2219e+07   -2.9146e-04  |      ---           ---           ---     
