--- multipoles on reference trajectory (rz > 0) ---
effective_length:                   435.0840963131154 mm
perpendicular_grid:                 41 points in [-10.000000,+10.000000] mm
max_fitting_error_normal            0.038/5497.581 G/G
max_fitting_error_skew              332.648/332.648 G/G
r0_for_relative_multipoles          12 mm
main_monomial                       n = 0, skew:False
                                       Nn(s=0)      Integ_Nn     Nn/N0(@r0)   |    Sn(s=0)      Integ_Sn     Sn/S0(@r0)  
<multipole_order n>                    [T/m^n]      [T.m/m^n]        []       |    [T/m^n]      [T.m/m^n]        []      
n=00:                                5.2550e-01    -2.2864e-01   +1.0000e+00  |      ---           ---           ---     
n=01:                                6.8740e+00    +3.0612e+00   -1.6066e-01  |      ---           ---           ---     
n=02:                                4.4774e+00    +7.9955e-01   -5.0358e-04  |      ---           ---           ---     
n=03:                                6.1444e+01    -2.5695e+01   +1.9420e-04  |      ---           ---           ---     
n=04:                                1.3408e+04    +5.8323e+02   -5.2896e-05  |      ---           ---           ---     
n=05:                                7.3949e+04    -3.4825e+04   +3.7901e-05  |      ---           ---           ---     
n=06:                                6.8874e+07    -4.1112e+06   +5.3692e-05  |      ---           ---           ---     
