--- multipoles on reference trajectory (rz > 0) ---
effective_length:                   434.86084735607113 mm
perpendicular_grid:                 41 points in [-10.000000,+10.000000] mm
max_fitting_error_normal            0.060/4611.234 G/G
max_fitting_error_skew              325.645/325.645 G/G
r0_for_relative_multipoles          12 mm
main_monomial                       n = 0, skew:False
                                       Nn(s=0)      Integ_Nn     Nn/N0(@r0)   |    Sn(s=0)      Integ_Sn     Sn/S0(@r0)  
<multipole_order n>                    [T/m^n]      [T.m/m^n]        []       |    [T/m^n]      [T.m/m^n]        []      
n=00:                                5.2384e-01    -2.2780e-01   +1.0000e+00  |      ---           ---           ---     
n=01:                                6.8794e+00    +3.0577e+00   -1.6107e-01  |      ---           ---           ---     
n=02:                                4.7868e+00    +1.0606e+00   -6.7043e-04  |      ---           ---           ---     
n=03:                                1.4325e+02    -3.1999e+01   +2.4273e-04  |      ---           ---           ---     
n=04:                                4.2554e+03    -8.2720e+03   +7.5298e-04  |      ---           ---           ---     
n=05:                                7.6694e+05    +1.3968e+04   -1.5258e-05  |      ---           ---           ---     
n=06:                                5.5473e+07    +5.0121e+07   -6.5699e-04  |      ---           ---           ---     
