--- multipoles on reference trajectory (rz > 0) ---
effective_length:                   436.1058624974614 mm
perpendicular_grid:                 41 points in [-10.000000,+10.000000] mm
max_fitting_error_normal            0.044/4618.979 G/G
max_fitting_error_skew              336.778/336.778 G/G
r0_for_relative_multipoles          12 mm
main_monomial                       n = 0, skew:False
                                       Nn(s=0)      Integ_Nn     Nn/N0(@r0)   |    Sn(s=0)      Integ_Sn     Sn/S0(@r0)  
<multipole_order n>                    [T/m^n]      [T.m/m^n]        []       |    [T/m^n]      [T.m/m^n]        []      
n=00:                                5.2210e-01    -2.2769e-01   +1.0000e+00  |      ---           ---           ---     
n=01:                                6.8504e+00    +3.0659e+00   -1.6158e-01  |      ---           ---           ---     
n=02:                                5.9892e+00    +1.0485e+00   -6.6309e-04  |      ---           ---           ---     
n=03:                                2.0055e+02    -4.0555e+01   +3.0778e-04  |      ---           ---           ---     
n=04:                                2.5848e+03    -3.8244e+03   +3.4829e-04  |      ---           ---           ---     
n=05:                                1.0858e+06    +9.0944e+04   -9.9388e-05  |      ---           ---           ---     
n=06:                                2.2936e+05    +1.8638e+07   -2.4442e-04  |      ---           ---           ---     
