--- multipoles on reference trajectory (rz > 0) ---
effective_length:                   436.29291021586243 mm
perpendicular_grid:                 41 points in [-10.000000,+10.000000] mm
max_fitting_error_normal            0.041/6392.086 G/G
max_fitting_error_skew              340.712/340.712 G/G
r0_for_relative_multipoles          12 mm
main_monomial                       n = 0, skew:False
                                       Nn(s=0)      Integ_Nn     Nn/N0(@r0)   |    Sn(s=0)      Integ_Sn     Sn/S0(@r0)  
<multipole_order n>                    [T/m^n]      [T.m/m^n]        []       |    [T/m^n]      [T.m/m^n]        []      
n=00:                                5.5091e-01    -2.4036e-01   +1.0000e+00  |      ---           ---           ---     
n=01:                                7.1937e+00    +3.2221e+00   -1.6087e-01  |      ---           ---           ---     
n=02:                                5.3799e+00    +9.6894e-01   -5.8050e-04  |      ---           ---           ---     
n=03:                                7.9760e+01    -3.9280e+01   +2.8240e-04  |      ---           ---           ---     
n=04:                                9.4108e+03    -1.2511e+03   +1.0793e-04  |      ---           ---           ---     
n=05:                                9.4733e+04    +2.5052e+04   -2.5935e-05  |      ---           ---           ---     
n=06:                                3.5292e+07    +8.0266e+06   -9.9716e-05  |      ---           ---           ---     
