--- multipoles on reference trajectory (rz > 0) ---
effective_length:                   436.46079881505966 mm
perpendicular_grid:                 41 points in [-10.000000,+10.000000] mm
max_fitting_error_normal            0.066/4528.018 G/G
max_fitting_error_skew              340.969/340.969 G/G
r0_for_relative_multipoles          12 mm
main_monomial                       n = 0, skew:False
                                       Nn(s=0)      Integ_Nn     Nn/N0(@r0)   |    Sn(s=0)      Integ_Sn     Sn/S0(@r0)  
<multipole_order n>                    [T/m^n]      [T.m/m^n]        []       |    [T/m^n]      [T.m/m^n]        []      
n=00:                                5.5244e-01    -2.4112e-01   +1.0000e+00  |      ---           ---           ---     
n=01:                                7.2414e+00    +3.2346e+00   -1.6098e-01  |      ---           ---           ---     
n=02:                                5.7090e+00    +9.0830e-01   -5.4246e-04  |      ---           ---           ---     
n=03:                                3.6270e+01    -2.0259e+01   +1.4519e-04  |      ---           ---           ---     
n=04:                                4.3360e+03    -4.7966e+02   +4.1250e-05  |      ---           ---           ---     
n=05:                                3.0385e+05    -1.5442e+05   +1.5936e-04  |      ---           ---           ---     
n=06:                                4.4519e+07    +3.4581e+06   -4.2824e-05  |      ---           ---           ---     
