--- multipoles on reference trajectory (rz > 0) ---
effective_length:                   437.2091520661784 mm
perpendicular_grid:                 41 points in [-10.000000,+10.000000] mm
max_fitting_error_normal            0.027/4852.166 G/G
max_fitting_error_skew              340.404/340.404 G/G
r0_for_relative_multipoles          12 mm
main_monomial                       n = 0, skew:False
                                       Nn(s=0)      Integ_Nn     Nn/N0(@r0)   |    Sn(s=0)      Integ_Sn     Sn/S0(@r0)  
<multipole_order n>                    [T/m^n]      [T.m/m^n]        []       |    [T/m^n]      [T.m/m^n]        []      
n=00:                                5.4956e-01    -2.4027e-01   +1.0000e+00  |      ---           ---           ---     
n=01:                                7.2082e+00    +3.2257e+00   -1.6110e-01  |      ---           ---           ---     
n=02:                                5.1689e+00    +9.3871e-01   -5.6259e-04  |      ---           ---           ---     
n=03:                                1.0098e+02    -3.6917e+01   +2.6550e-04  |      ---           ---           ---     
n=04:                                3.4584e+03    -2.2657e+03   +1.9554e-04  |      ---           ---           ---     
n=05:                                1.6404e+05    +2.5720e+04   -2.6636e-05  |      ---           ---           ---     
n=06:                                1.8705e+07    +7.8693e+06   -9.7795e-05  |      ---           ---           ---     
