--- multipoles on reference trajectory (rz > 0) ---
effective_length:                   435.15863931235305 mm
perpendicular_grid:                 41 points in [-10.000000,+10.000000] mm
max_fitting_error_normal            0.029/2770.161 G/G
max_fitting_error_skew              337.336/337.336 G/G
r0_for_relative_multipoles          12 mm
main_monomial                       n = 0, skew:False
                                       Nn(s=0)      Integ_Nn     Nn/N0(@r0)   |    Sn(s=0)      Integ_Sn     Sn/S0(@r0)  
<multipole_order n>                    [T/m^n]      [T.m/m^n]        []       |    [T/m^n]      [T.m/m^n]        []      
n=00:                                5.5085e-01    -2.3971e-01   +1.0000e+00  |      ---           ---           ---     
n=01:                                7.2344e+00    +3.2178e+00   -1.6108e-01  |      ---           ---           ---     
n=02:                                5.1665e+00    +7.5475e-01   -4.5340e-04  |      ---           ---           ---     
n=03:                                5.5504e+01    -1.5530e+01   +1.1195e-04  |      ---           ---           ---     
n=04:                                4.5241e+03    -1.0969e+03   +9.4888e-05  |      ---           ---           ---     
n=05:                                1.3459e+05    -1.0219e+05   +1.0608e-04  |      ---           ---           ---     
n=06:                                3.3974e+07    +7.6831e+06   -9.5707e-05  |      ---           ---           ---     
