--- multipoles on reference trajectory (rz > 0) ---
effective_length:                   435.8544789638837 mm
perpendicular_grid:                 41 points in [-10.000000,+10.000000] mm
max_fitting_error_normal            0.040/4878.459 G/G
max_fitting_error_skew              342.505/342.505 G/G
r0_for_relative_multipoles          12 mm
main_monomial                       n = 0, skew:False
                                       Nn(s=0)      Integ_Nn     Nn/N0(@r0)   |    Sn(s=0)      Integ_Sn     Sn/S0(@r0)  
<multipole_order n>                    [T/m^n]      [T.m/m^n]        []       |    [T/m^n]      [T.m/m^n]        []      
n=00:                                5.5214e-01    -2.4065e-01   +1.0000e+00  |      ---           ---           ---     
n=01:                                7.2198e+00    +3.2231e+00   -1.6072e-01  |      ---           ---           ---     
n=02:                                5.8987e+00    +9.3713e-01   -5.6076e-04  |      ---           ---           ---     
n=03:                                4.4064e+01    -1.7142e+00   +1.2309e-05  |      ---           ---           ---     
n=04:                                1.2263e+04    -8.5323e+02   +7.3520e-05  |      ---           ---           ---     
n=05:                                5.4403e+05    -1.4511e+05   +1.5004e-04  |      ---           ---           ---     
n=06:                                6.9879e+07    +4.8815e+06   -6.0569e-05  |      ---           ---           ---     
