--- multipoles on reference trajectory (rz > 0) ---
effective_length:                   436.4057015029739 mm
perpendicular_grid:                 41 points in [-10.000000,+10.000000] mm
max_fitting_error_normal            0.043/3200.990 G/G
max_fitting_error_skew              322.428/322.428 G/G
r0_for_relative_multipoles          12 mm
main_monomial                       n = 0, skew:False
                                       Nn(s=0)      Integ_Nn     Nn/N0(@r0)   |    Sn(s=0)      Integ_Sn     Sn/S0(@r0)  
<multipole_order n>                    [T/m^n]      [T.m/m^n]        []       |    [T/m^n]      [T.m/m^n]        []      
n=00:                                5.2308e-01    -2.2827e-01   +1.0000e+00  |      ---           ---           ---     
n=01:                                6.8589e+00    +3.0632e+00   -1.6103e-01  |      ---           ---           ---     
n=02:                                5.0343e+00    +6.7842e-01   -4.2796e-04  |      ---           ---           ---     
n=03:                                2.0734e+01    -2.5133e+01   +1.9025e-04  |      ---           ---           ---     
n=04:                                1.6001e+03    +2.1116e+03   -1.9182e-04  |      ---           ---           ---     
n=05:                                5.1481e+05    -4.7639e+04   +5.1929e-05  |      ---           ---           ---     
n=06:                                1.1850e+06    -1.3464e+07   +1.7612e-04  |      ---           ---           ---     
