--- multipoles on reference trajectory (rz > 0) ---
effective_length:                   435.6645934313316 mm
perpendicular_grid:                 41 points in [-10.000000,+10.000000] mm
max_fitting_error_normal            0.045/4817.792 G/G
max_fitting_error_skew              345.932/345.932 G/G
r0_for_relative_multipoles          12 mm
main_monomial                       n = 0, skew:False
                                       Nn(s=0)      Integ_Nn     Nn/N0(@r0)   |    Sn(s=0)      Integ_Sn     Sn/S0(@r0)  
<multipole_order n>                    [T/m^n]      [T.m/m^n]        []       |    [T/m^n]      [T.m/m^n]        []      
n=00:                                5.5488e-01    -2.4174e-01   +1.0000e+00  |      ---           ---           ---     
n=01:                                7.2535e+00    +3.2349e+00   -1.6058e-01  |      ---           ---           ---     
n=02:                                4.9107e+00    +7.9637e-01   -4.7438e-04  |      ---           ---           ---     
n=03:                                7.8879e+01    -1.8061e+01   +1.2910e-04  |      ---           ---           ---     
n=04:                                2.5766e+04    +3.1615e+03   -2.7119e-04  |      ---           ---           ---     
n=05:                                8.2307e+05    -3.1249e+04   +3.2165e-05  |      ---           ---           ---     
n=06:                                1.6920e+08    -2.1102e+07   +2.6065e-04  |      ---           ---           ---     
