--- multipoles on reference trajectory (rz > 0) ---
effective_length:                   436.2268659548463 mm
perpendicular_grid:                 41 points in [-10.000000,+10.000000] mm
max_fitting_error_normal            0.207/4079.759 G/G
max_fitting_error_skew              4.885/4.885 G/G
r0_for_relative_multipoles          12 mm
main_monomial                       n = 0, skew:False
                                       Nn(s=0)      Integ_Nn     Nn/N0(@r0)   |    Sn(s=0)      Integ_Sn     Sn/S0(@r0)  
<multipole_order n>                    [T/m^n]      [T.m/m^n]        []       |    [T/m^n]      [T.m/m^n]        []      
n=00:                                5.3821e-01    -2.3478e-01   +1.0000e+00  |      ---           ---           ---     
n=01:                                7.0621e+00    +3.1566e+00   -1.6134e-01  |      ---           ---           ---     
n=02:                                6.1030e+00    +1.0786e+00   -6.6154e-04  |      ---           ---           ---     
n=03:                                1.4657e+02    -4.0867e+00   +3.0078e-05  |      ---           ---           ---     
n=04:                                1.8973e+04    -1.0415e+04   +9.1991e-04  |      ---           ---           ---     
n=05:                                8.4634e+05    -1.3490e+05   +1.4298e-04  |      ---           ---           ---     
n=06:                                7.6376e+07    +5.5288e+07   -7.0317e-04  |      ---           ---           ---     
