--- multipoles on reference trajectory (rz > 0) ---
effective_length:                   434.5794408483377 mm
perpendicular_grid:                 41 points in [-10.000000,+10.000000] mm
max_fitting_error_normal            0.063/6381.564 G/G
max_fitting_error_skew              342.921/342.921 G/G
r0_for_relative_multipoles          12 mm
main_monomial                       n = 0, skew:False
                                       Nn(s=0)      Integ_Nn     Nn/N0(@r0)   |    Sn(s=0)      Integ_Sn     Sn/S0(@r0)  
<multipole_order n>                    [T/m^n]      [T.m/m^n]        []       |    [T/m^n]      [T.m/m^n]        []      
n=00:                                5.5177e-01    -2.3979e-01   +1.0000e+00  |      ---           ---           ---     
n=01:                                7.2625e+00    +3.2243e+00   -1.6135e-01  |      ---           ---           ---     
n=02:                                4.7616e+00    +8.9660e-01   -5.3843e-04  |      ---           ---           ---     
n=03:                                4.0533e+00    -4.1144e+01   +2.9650e-04  |      ---           ---           ---     
n=04:                                1.7345e+04    +3.3806e+03   -2.9234e-04  |      ---           ---           ---     
n=05:                                4.2700e+05    +1.0154e+05   -1.0537e-04  |      ---           ---           ---     
n=06:                                1.2621e+08    -2.6654e+07   +3.3191e-04  |      ---           ---           ---     
