--- multipoles on reference trajectory (rz > 0) ---
effective_length:                   433.3943085396029 mm
perpendicular_grid:                 41 points in [-10.000000,+10.000000] mm
max_fitting_error_normal            0.033/3932.044 G/G
max_fitting_error_skew              342.208/342.208 G/G
r0_for_relative_multipoles          12 mm
main_monomial                       n = 0, skew:False
                                       Nn(s=0)      Integ_Nn     Nn/N0(@r0)   |    Sn(s=0)      Integ_Sn     Sn/S0(@r0)  
<multipole_order n>                    [T/m^n]      [T.m/m^n]        []       |    [T/m^n]      [T.m/m^n]        []      
n=00:                                5.5565e-01    -2.4081e-01   +1.0000e+00  |      ---           ---           ---     
n=01:                                7.3518e+00    +3.2321e+00   -1.6106e-01  |      ---           ---           ---     
n=02:                                3.4693e+00    +8.6946e-01   -5.1992e-04  |      ---           ---           ---     
n=03:                                1.8871e+02    -5.3492e+01   +3.8384e-04  |      ---           ---           ---     
n=04:                                1.6776e+04    -1.4771e+02   +1.2719e-05  |      ---           ---           ---     
n=05:                                7.9992e+05    +1.0011e+05   -1.0344e-04  |      ---           ---           ---     
n=06:                                9.8044e+07    -7.9226e+05   +9.8236e-06  |      ---           ---           ---     
