--- multipoles on reference trajectory (rz > 0) ---
effective_length:                   434.7627964754785 mm
perpendicular_grid:                 41 points in [-10.000000,+10.000000] mm
max_fitting_error_normal            0.037/6374.718 G/G
max_fitting_error_skew              343.942/343.942 G/G
r0_for_relative_multipoles          12 mm
main_monomial                       n = 0, skew:False
                                       Nn(s=0)      Integ_Nn     Nn/N0(@r0)   |    Sn(s=0)      Integ_Sn     Sn/S0(@r0)  
<multipole_order n>                    [T/m^n]      [T.m/m^n]        []       |    [T/m^n]      [T.m/m^n]        []      
n=00:                                5.5081e-01    -2.3947e-01   +1.0000e+00  |      ---           ---           ---     
n=01:                                7.2343e+00    +3.2163e+00   -1.6117e-01  |      ---           ---           ---     
n=02:                                5.7723e+00    +9.3563e-01   -5.6262e-04  |      ---           ---           ---     
n=03:                                8.3273e+01    -2.1849e+01   +1.5766e-04  |      ---           ---           ---     
n=04:                                2.1796e+01    +9.7793e+02   -8.4680e-05  |      ---           ---           ---     
n=05:                                2.9697e+05    +9.5359e+03   -9.9087e-06  |      ---           ---           ---     
n=06:                                1.1708e+06    -7.3067e+06   +9.1108e-05  |      ---           ---           ---     
