--- multipoles on reference trajectory (rz > 0) ---
effective_length:                   435.36989797554344 mm
perpendicular_grid:                 41 points in [-10.000000,+10.000000] mm
max_fitting_error_normal            0.037/6374.719 G/G
max_fitting_error_skew              343.942/343.942 G/G
r0_for_relative_multipoles          12 mm
main_monomial                       n = 0, skew:False
                                       Nn(s=0)      Integ_Nn     Nn/N0(@r0)   |    Sn(s=0)      Integ_Sn     Sn/S0(@r0)  
<multipole_order n>                    [T/m^n]      [T.m/m^n]        []       |    [T/m^n]      [T.m/m^n]        []      
n=00:                                5.5081e-01    -2.3980e-01   +1.0000e+00  |      ---           ---           ---     
n=01:                                7.2343e+00    +3.2207e+00   -1.6117e-01  |      ---           ---           ---     
n=02:                                5.7723e+00    +9.3818e-01   -5.6337e-04  |      ---           ---           ---     
n=03:                                8.3273e+01    -2.1890e+01   +1.5773e-04  |      ---           ---           ---     
n=04:                                2.1796e+01    +9.7811e+02   -8.4577e-05  |      ---           ---           ---     
n=05:                                2.9697e+05    +9.5832e+03   -9.9439e-06  |      ---           ---           ---     
n=06:                                1.1708e+06    -7.3086e+06   +9.1005e-05  |      ---           ---           ---     
