--- multipoles on reference trajectory (rz > 0) ---
effective_length:                   436.6511183640167 mm
perpendicular_grid:                 41 points in [-10.000000,+10.000000] mm
max_fitting_error_normal            0.055/4057.523 G/G
max_fitting_error_skew              359.646/359.646 G/G
r0_for_relative_multipoles          12 mm
main_monomial                       n = 0, skew:False
                                       Nn(s=0)      Integ_Nn     Nn/N0(@r0)   |    Sn(s=0)      Integ_Sn     Sn/S0(@r0)  
<multipole_order n>                    [T/m^n]      [T.m/m^n]        []       |    [T/m^n]      [T.m/m^n]        []      
n=00:                                5.7819e-01    -2.5247e-01   +1.0000e+00  |      ---           ---           ---     
n=01:                                7.5427e+00    +3.3762e+00   -1.6047e-01  |      ---           ---           ---     
n=02:                                6.7591e+00    +9.7633e-01   -5.5686e-04  |      ---           ---           ---     
n=03:                                5.7801e+01    -3.9830e+01   +2.7261e-04  |      ---           ---           ---     
n=04:                                1.5627e+04    +1.2247e+03   -1.0058e-04  |      ---           ---           ---     
n=05:                                3.3532e+04    +3.1928e+04   -3.1468e-05  |      ---           ---           ---     
n=06:                                1.1227e+08    -6.3707e+06   +7.5347e-05  |      ---           ---           ---     
