--- multipoles on reference trajectory (rz > 0) ---
effective_length:                   435.42487311587286 mm
perpendicular_grid:                 41 points in [-10.000000,+10.000000] mm
max_fitting_error_normal            0.039/6393.788 G/G
max_fitting_error_skew              344.939/344.939 G/G
r0_for_relative_multipoles          12 mm
main_monomial                       n = 0, skew:False
                                       Nn(s=0)      Integ_Nn     Nn/N0(@r0)   |    Sn(s=0)      Integ_Sn     Sn/S0(@r0)  
<multipole_order n>                    [T/m^n]      [T.m/m^n]        []       |    [T/m^n]      [T.m/m^n]        []      
n=00:                                5.5256e-01    -2.4060e-01   +1.0000e+00  |      ---           ---           ---     
n=01:                                7.2315e+00    +3.2202e+00   -1.6061e-01  |      ---           ---           ---     
n=02:                                5.8610e+00    +9.6098e-01   -5.7516e-04  |      ---           ---           ---     
n=03:                                8.3677e+01    -2.2521e+01   +1.6175e-04  |      ---           ---           ---     
n=04:                                1.3316e+03    +7.1521e+02   -6.1641e-05  |      ---           ---           ---     
n=05:                                3.0365e+05    +1.6572e+04   -1.7139e-05  |      ---           ---           ---     
n=06:                                7.0539e+06    -5.2373e+06   +6.4999e-05  |      ---           ---           ---     
