--- multipoles on reference trajectory (rz > 0) ---
effective_length:                   434.93820618729535 mm
perpendicular_grid:                 41 points in [-10.000000,+10.000000] mm
max_fitting_error_normal            0.031/6718.457 G/G
max_fitting_error_skew              361.495/361.495 G/G
r0_for_relative_multipoles          12 mm
main_monomial                       n = 0, skew:False
                                       Nn(s=0)      Integ_Nn     Nn/N0(@r0)   |    Sn(s=0)      Integ_Sn     Sn/S0(@r0)  
<multipole_order n>                    [T/m^n]      [T.m/m^n]        []       |    [T/m^n]      [T.m/m^n]        []      
n=00:                                5.7980e-01    -2.5218e-01   +1.0000e+00  |      ---           ---           ---     
n=01:                                7.5999e+00    +3.3759e+00   -1.6064e-01  |      ---           ---           ---     
n=02:                                5.9223e+00    +1.2572e+00   -7.1792e-04  |      ---           ---           ---     
n=03:                                5.6485e+01    -3.0273e+01   +2.0744e-04  |      ---           ---           ---     
n=04:                                8.3160e+03    -1.5987e+03   +1.3146e-04  |      ---           ---           ---     
n=05:                                1.4718e+05    +3.8038e+04   -3.7533e-05  |      ---           ---           ---     
n=06:                                5.3740e+07    +5.6960e+06   -6.7446e-05  |      ---           ---           ---     
