--- multipoles on reference trajectory (rz > 0) ---
effective_length:                   434.3327792219835 mm
perpendicular_grid:                 41 points in [-10.000000,+10.000000] mm
max_fitting_error_normal            0.076/4874.982 G/G
max_fitting_error_skew              344.086/344.086 G/G
r0_for_relative_multipoles          12 mm
main_monomial                       n = 0, skew:False
                                       Nn(s=0)      Integ_Nn     Nn/N0(@r0)   |    Sn(s=0)      Integ_Sn     Sn/S0(@r0)  
<multipole_order n>                    [T/m^n]      [T.m/m^n]        []       |    [T/m^n]      [T.m/m^n]        []      
n=00:                                5.5362e-01    -2.4045e-01   +1.0000e+00  |      ---           ---           ---     
n=01:                                7.2600e+00    +3.2190e+00   -1.6065e-01  |      ---           ---           ---     
n=02:                                4.7253e+00    +9.1530e-01   -5.4814e-04  |      ---           ---           ---     
n=03:                                4.7394e+00    -2.2196e+01   +1.5951e-04  |      ---           ---           ---     
n=04:                                1.9108e+04    +5.1835e+02   -4.4701e-05  |      ---           ---           ---     
n=05:                                3.2942e+05    -1.6230e+04   +1.6795e-05  |      ---           ---           ---     
n=06:                                1.3684e+08    -5.4858e+06   +6.8124e-05  |      ---           ---           ---     
