--- multipoles on reference trajectory (rz > 0) ---
effective_length:                   435.91458026494473 mm
perpendicular_grid:                 41 points in [-10.000000,+10.000000] mm
max_fitting_error_normal            0.059/6377.151 G/G
max_fitting_error_skew              355.049/355.049 G/G
r0_for_relative_multipoles          12 mm
main_monomial                       n = 0, skew:False
                                       Nn(s=0)      Integ_Nn     Nn/N0(@r0)   |    Sn(s=0)      Integ_Sn     Sn/S0(@r0)  
<multipole_order n>                    [T/m^n]      [T.m/m^n]        []       |    [T/m^n]      [T.m/m^n]        []      
n=00:                                5.5024e-01    -2.3986e-01   +1.0000e+00  |      ---           ---           ---     
n=01:                                7.2089e+00    +3.2163e+00   -1.6091e-01  |      ---           ---           ---     
n=02:                                5.1314e+00    +6.3190e-01   -3.7937e-04  |      ---           ---           ---     
n=03:                                1.1337e+02    -5.0230e+01   +3.6187e-04  |      ---           ---           ---     
n=04:                                4.3857e+03    +2.1380e+03   -1.8483e-04  |      ---           ---           ---     
n=05:                                2.0853e+05    +8.9053e+04   -9.2386e-05  |      ---           ---           ---     
n=06:                                2.2822e+07    -1.5596e+07   +1.9416e-04  |      ---           ---           ---     
