--- multipoles on reference trajectory (rz > 0) ---
effective_length:                   433.74782789381857 mm
perpendicular_grid:                 41 points in [-10.000000,+10.000000] mm
max_fitting_error_normal            0.048/5466.979 G/G
max_fitting_error_skew              338.402/338.402 G/G
r0_for_relative_multipoles          12 mm
main_monomial                       n = 0, skew:False
                                       Nn(s=0)      Integ_Nn     Nn/N0(@r0)   |    Sn(s=0)      Integ_Sn     Sn/S0(@r0)  
<multipole_order n>                    [T/m^n]      [T.m/m^n]        []       |    [T/m^n]      [T.m/m^n]        []      
n=00:                                5.5292e-01    -2.3983e-01   +1.0000e+00  |      ---           ---           ---     
n=01:                                7.2872e+00    +3.2211e+00   -1.6117e-01  |      ---           ---           ---     
n=02:                                3.2359e+00    +8.1954e-01   -4.9208e-04  |      ---           ---           ---     
n=03:                                8.4414e+01    -6.3415e+01   +4.5692e-04  |      ---           ---           ---     
n=04:                                2.4875e+04    +7.0440e+02   -6.0905e-05  |      ---           ---           ---     
n=05:                                9.0110e+04    +1.9454e+05   -2.0184e-04  |      ---           ---           ---     
n=06:                                1.4195e+08    -5.7950e+06   +7.2151e-05  |      ---           ---           ---     
