--- multipoles on reference trajectory (rz > 0) ---
effective_length:                   435.2478543084865 mm
perpendicular_grid:                 41 points in [-10.000000,+10.000000] mm
max_fitting_error_normal            0.061/4880.850 G/G
max_fitting_error_skew              345.687/345.687 G/G
r0_for_relative_multipoles          12 mm
main_monomial                       n = 0, skew:False
                                       Nn(s=0)      Integ_Nn     Nn/N0(@r0)   |    Sn(s=0)      Integ_Sn     Sn/S0(@r0)  
<multipole_order n>                    [T/m^n]      [T.m/m^n]        []       |    [T/m^n]      [T.m/m^n]        []      
n=00:                                5.5312e-01    -2.4075e-01   +1.0000e+00  |      ---           ---           ---     
n=01:                                7.2560e+00    +3.2364e+00   -1.6132e-01  |      ---           ---           ---     
n=02:                                5.0243e+00    +1.0592e+00   -6.3358e-04  |      ---           ---           ---     
n=03:                                9.2143e+01    -9.3737e+00   +6.7281e-05  |      ---           ---           ---     
n=04:                                2.2885e+04    -1.0912e+03   +9.3984e-05  |      ---           ---           ---     
n=05:                                9.4907e+05    -7.3736e+04   +7.6213e-05  |      ---           ---           ---     
n=06:                                1.5419e+08    +7.9618e+05   -9.8750e-06  |      ---           ---           ---     
