--- multipoles on reference trajectory (rz > 0) ---
effective_length:                   435.49293377637497 mm
perpendicular_grid:                 41 points in [-10.000000,+10.000000] mm
max_fitting_error_normal            0.038/6061.385 G/G
max_fitting_error_skew              315.753/315.753 G/G
r0_for_relative_multipoles          12 mm
main_monomial                       n = 0, skew:False
                                       Nn(s=0)      Integ_Nn     Nn/N0(@r0)   |    Sn(s=0)      Integ_Sn     Sn/S0(@r0)  
<multipole_order n>                    [T/m^n]      [T.m/m^n]        []       |    [T/m^n]      [T.m/m^n]        []      
n=00:                                5.2334e-01    -2.2791e-01   +1.0000e+00  |      ---           ---           ---     
n=01:                                6.8837e+00    +3.0650e+00   -1.6138e-01  |      ---           ---           ---     
n=02:                                5.8700e+00    +1.0579e+00   -6.6840e-04  |      ---           ---           ---     
n=03:                                1.2685e+02    -2.1233e+01   +1.6099e-04  |      ---           ---           ---     
n=04:                                1.5573e+04    -3.3651e+03   +3.0617e-04  |      ---           ---           ---     
n=05:                                5.4307e+05    -4.2941e+04   +4.6883e-05  |      ---           ---           ---     
n=06:                                8.9544e+07    +1.5976e+07   -2.0931e-04  |      ---           ---           ---     
