--- multipoles on reference trajectory (rz > 0) ---
effective_length:                   436.9443966612383 mm
perpendicular_grid:                 41 points in [-10.000000,+10.000000] mm
max_fitting_error_normal            0.050/4908.063 G/G
max_fitting_error_skew              335.039/335.039 G/G
r0_for_relative_multipoles          12 mm
main_monomial                       n = 0, skew:False
                                       Nn(s=0)      Integ_Nn     Nn/N0(@r0)   |    Sn(s=0)      Integ_Sn     Sn/S0(@r0)  
<multipole_order n>                    [T/m^n]      [T.m/m^n]        []       |    [T/m^n]      [T.m/m^n]        []      
n=00:                                5.5363e-01    -2.4191e-01   +1.0000e+00  |      ---           ---           ---     
n=01:                                7.2157e+00    +3.2331e+00   -1.6038e-01  |      ---           ---           ---     
n=02:                                6.7509e+00    +9.7666e-01   -5.8137e-04  |      ---           ---           ---     
n=03:                                1.3422e+02    -3.0837e+01   +2.2028e-04  |      ---           ---           ---     
n=04:                                2.1844e+04    -1.8624e+03   +1.5964e-04  |      ---           ---           ---     
n=05:                                5.8480e+05    +2.8735e+04   -2.9558e-05  |      ---           ---           ---     
n=06:                                1.4251e+08    +9.6639e+06   -1.1929e-04  |      ---           ---           ---     
