--- multipoles on reference trajectory (rz > 0) ---
effective_length:                   435.5569831775161 mm
perpendicular_grid:                 41 points in [-10.000000,+10.000000] mm
max_fitting_error_normal            0.051/4565.329 G/G
max_fitting_error_skew              333.381/333.381 G/G
r0_for_relative_multipoles          12 mm
main_monomial                       n = 0, skew:False
                                       Nn(s=0)      Integ_Nn     Nn/N0(@r0)   |    Sn(s=0)      Integ_Sn     Sn/S0(@r0)  
<multipole_order n>                    [T/m^n]      [T.m/m^n]        []       |    [T/m^n]      [T.m/m^n]        []      
n=00:                                5.5162e-01    -2.4026e-01   +1.0000e+00  |      ---           ---           ---     
n=01:                                7.2254e+00    +3.2218e+00   -1.6092e-01  |      ---           ---           ---     
n=02:                                5.9269e+00    +9.2608e-01   -5.5505e-04  |      ---           ---           ---     
n=03:                                4.4160e+01    -2.4591e+01   +1.7686e-04  |      ---           ---           ---     
n=04:                                1.4282e+03    +2.1002e+03   -1.8126e-04  |      ---           ---           ---     
n=05:                                6.6219e+05    -6.0421e+03   +6.2577e-06  |      ---           ---           ---     
n=06:                                2.5998e+06    -1.5332e+07   +1.9055e-04  |      ---           ---           ---     
