--- multipoles on reference trajectory (rz > 0) ---
effective_length:                   433.4594043667336 mm
perpendicular_grid:                 41 points in [-10.000000,+10.000000] mm
max_fitting_error_normal            0.046/6400.444 G/G
max_fitting_error_skew              333.283/333.283 G/G
r0_for_relative_multipoles          12 mm
main_monomial                       n = 0, skew:False
                                       Nn(s=0)      Integ_Nn     Nn/N0(@r0)   |    Sn(s=0)      Integ_Sn     Sn/S0(@r0)  
<multipole_order n>                    [T/m^n]      [T.m/m^n]        []       |    [T/m^n]      [T.m/m^n]        []      
n=00:                                5.5520e-01    -2.4066e-01   +1.0000e+00  |      ---           ---           ---     
n=01:                                7.2890e+00    +3.2200e+00   -1.6056e-01  |      ---           ---           ---     
n=02:                                3.9506e+00    +7.6421e-01   -4.5727e-04  |      ---           ---           ---     
n=03:                                2.5270e+01    -2.5600e+01   +1.8381e-04  |      ---           ---           ---     
n=04:                                2.7041e+04    +5.7537e+03   -4.9576e-04  |      ---           ---           ---     
n=05:                                4.3250e+05    +2.5114e+04   -2.5967e-05  |      ---           ---           ---     
n=06:                                1.5421e+08    -3.2601e+07   +4.0451e-04  |      ---           ---           ---     
