--- multipoles on reference trajectory (rz > 0) ---
effective_length:                   436.21034297363 mm
perpendicular_grid:                 41 points in [-10.000000,+10.000000] mm
max_fitting_error_normal            0.038/6389.741 G/G
max_fitting_error_skew              356.017/356.017 G/G
r0_for_relative_multipoles          12 mm
main_monomial                       n = 0, skew:False
                                       Nn(s=0)      Integ_Nn     Nn/N0(@r0)   |    Sn(s=0)      Integ_Sn     Sn/S0(@r0)  
<multipole_order n>                    [T/m^n]      [T.m/m^n]        []       |    [T/m^n]      [T.m/m^n]        []      
n=00:                                5.5122e-01    -2.4045e-01   +1.0000e+00  |      ---           ---           ---     
n=01:                                7.1857e+00    +3.2202e+00   -1.6071e-01  |      ---           ---           ---     
n=02:                                7.1089e+00    +1.0565e+00   -6.3272e-04  |      ---           ---           ---     
n=03:                                8.4038e+01    +1.7922e+01   -1.2880e-04  |      ---           ---           ---     
n=04:                                2.1056e+04    -2.1794e+03   +1.8795e-04  |      ---           ---           ---     
n=05:                                8.8032e+05    -3.0603e+05   +3.1670e-04  |      ---           ---           ---     
n=06:                                1.2172e+08    +1.1457e+07   -1.4227e-04  |      ---           ---           ---     
