--- multipoles on reference trajectory (rz > 0) ---
effective_length:                   435.35507119782966 mm
perpendicular_grid:                 41 points in [-10.000000,+10.000000] mm
max_fitting_error_normal            0.056/5114.410 G/G
max_fitting_error_skew              359.940/359.940 G/G
r0_for_relative_multipoles          12 mm
main_monomial                       n = 0, skew:False
                                       Nn(s=0)      Integ_Nn     Nn/N0(@r0)   |    Sn(s=0)      Integ_Sn     Sn/S0(@r0)  
<multipole_order n>                    [T/m^n]      [T.m/m^n]        []       |    [T/m^n]      [T.m/m^n]        []      
n=00:                                5.7791e-01    -2.5160e-01   +1.0000e+00  |      ---           ---           ---     
n=01:                                7.5806e+00    +3.3778e+00   -1.6111e-01  |      ---           ---           ---     
n=02:                                5.8701e+00    +1.1406e+00   -6.5283e-04  |      ---           ---           ---     
n=03:                                9.5765e+00    -9.2669e+00   +6.3646e-05  |      ---           ---           ---     
n=04:                                1.1024e+04    +1.1857e+03   -9.7724e-05  |      ---           ---           ---     
n=05:                                4.1295e+05    -1.2269e+05   +1.2134e-04  |      ---           ---           ---     
n=06:                                7.6928e+07    -1.0367e+07   +1.2304e-04  |      ---           ---           ---     
