--- multipoles on reference trajectory (rz > 0) ---
effective_length:                   433.3347055581581 mm
perpendicular_grid:                 41 points in [-10.000000,+10.000000] mm
max_fitting_error_normal            0.044/4873.976 G/G
max_fitting_error_skew              332.154/332.154 G/G
r0_for_relative_multipoles          12 mm
main_monomial                       n = 0, skew:False
                                       Nn(s=0)      Integ_Nn     Nn/N0(@r0)   |    Sn(s=0)      Integ_Sn     Sn/S0(@r0)  
<multipole_order n>                    [T/m^n]      [T.m/m^n]        []       |    [T/m^n]      [T.m/m^n]        []      
n=00:                                5.5462e-01    -2.4034e-01   +1.0000e+00  |      ---           ---           ---     
n=01:                                7.2897e+00    +3.2182e+00   -1.6069e-01  |      ---           ---           ---     
n=02:                                3.9640e+00    +9.6425e-01   -5.7775e-04  |      ---           ---           ---     
n=03:                                3.1301e+01    -3.0876e+01   +2.2200e-04  |      ---           ---           ---     
n=04:                                2.6626e+04    -1.8397e+02   +1.5873e-05  |      ---           ---           ---     
n=05:                                4.7901e+05    +3.1464e+04   -3.2577e-05  |      ---           ---           ---     
n=06:                                1.5227e+08    +2.4697e+06   -3.0684e-05  |      ---           ---           ---     
