--- multipoles on reference trajectory (rz > 0) ---
effective_length:                   436.6871728519894 mm
perpendicular_grid:                 41 points in [-10.000000,+10.000000] mm
max_fitting_error_normal            0.025/4876.079 G/G
max_fitting_error_skew              337.201/337.201 G/G
r0_for_relative_multipoles          12 mm
main_monomial                       n = 0, skew:False
                                       Nn(s=0)      Integ_Nn     Nn/N0(@r0)   |    Sn(s=0)      Integ_Sn     Sn/S0(@r0)  
<multipole_order n>                    [T/m^n]      [T.m/m^n]        []       |    [T/m^n]      [T.m/m^n]        []      
n=00:                                5.5198e-01    -2.4104e-01   +1.0000e+00  |      ---           ---           ---     
n=01:                                7.2300e+00    +3.2365e+00   -1.6112e-01  |      ---           ---           ---     
n=02:                                5.0721e+00    +7.1821e-01   -4.2906e-04  |      ---           ---           ---     
n=03:                                1.4088e+01    -4.2862e+01   +3.0727e-04  |      ---           ---           ---     
n=04:                                4.5237e+03    +1.7002e+03   -1.4626e-04  |      ---           ---           ---     
n=05:                                2.6676e+05    +3.8226e+04   -3.9461e-05  |      ---           ---           ---     
n=06:                                4.5810e+06    -7.0152e+06   +8.6904e-05  |      ---           ---           ---     
