--- multipoles on reference trajectory (rz > 0) ---
effective_length:                   435.05162069132075 mm
perpendicular_grid:                 41 points in [-10.000000,+10.000000] mm
max_fitting_error_normal            0.067/4857.103 G/G
max_fitting_error_skew              340.924/340.924 G/G
r0_for_relative_multipoles          12 mm
main_monomial                       n = 0, skew:False
                                       Nn(s=0)      Integ_Nn     Nn/N0(@r0)   |    Sn(s=0)      Integ_Sn     Sn/S0(@r0)  
<multipole_order n>                    [T/m^n]      [T.m/m^n]        []       |    [T/m^n]      [T.m/m^n]        []      
n=00:                                5.5099e-01    -2.3971e-01   +1.0000e+00  |      ---           ---           ---     
n=01:                                7.2405e+00    +3.2198e+00   -1.6118e-01  |      ---           ---           ---     
n=02:                                5.1521e+00    +8.4171e-01   -5.0564e-04  |      ---           ---           ---     
n=03:                                4.5106e+01    -4.5861e+01   +3.3059e-04  |      ---           ---           ---     
n=04:                                1.0981e+04    +2.0881e+03   -1.8063e-04  |      ---           ---           ---     
n=05:                                7.1756e+04    +1.1515e+05   -1.1954e-04  |      ---           ---           ---     
n=06:                                6.0482e+07    -1.6620e+07   +2.0703e-04  |      ---           ---           ---     
