--- multipoles on reference trajectory (rz > 0) ---
effective_length:                   437.074217312424 mm
perpendicular_grid:                 41 points in [-10.000000,+10.000000] mm
max_fitting_error_normal            0.038/6395.390 G/G
max_fitting_error_skew              340.138/340.138 G/G
r0_for_relative_multipoles          12 mm
main_monomial                       n = 0, skew:False
                                       Nn(s=0)      Integ_Nn     Nn/N0(@r0)   |    Sn(s=0)      Integ_Sn     Sn/S0(@r0)  
<multipole_order n>                    [T/m^n]      [T.m/m^n]        []       |    [T/m^n]      [T.m/m^n]        []      
n=00:                                5.5067e-01    -2.4068e-01   +1.0000e+00  |      ---           ---           ---     
n=01:                                7.1834e+00    +3.2221e+00   -1.6065e-01  |      ---           ---           ---     
n=02:                                6.0562e+00    +8.5576e-01   -5.1200e-04  |      ---           ---           ---     
n=03:                                2.5556e+01    -3.0608e+01   +2.1976e-04  |      ---           ---           ---     
n=04:                                2.3101e+03    +1.0555e+03   -9.0937e-05  |      ---           ---           ---     
n=05:                                1.5483e+05    +8.4194e+03   -8.7045e-06  |      ---           ---           ---     
n=06:                                4.9688e+06    -6.6173e+06   +8.2096e-05  |      ---           ---           ---     
