--- multipoles on reference trajectory (rz > 0) ---
effective_length:                   435.19838350237075 mm
perpendicular_grid:                 41 points in [-10.000000,+10.000000] mm
max_fitting_error_normal            0.080/6688.496 G/G
max_fitting_error_skew              354.429/354.429 G/G
r0_for_relative_multipoles          12 mm
main_monomial                       n = 0, skew:False
                                       Nn(s=0)      Integ_Nn     Nn/N0(@r0)   |    Sn(s=0)      Integ_Sn     Sn/S0(@r0)  
<multipole_order n>                    [T/m^n]      [T.m/m^n]        []       |    [T/m^n]      [T.m/m^n]        []      
n=00:                                5.7796e-01    -2.5153e-01   +1.0000e+00  |      ---           ---           ---     
n=01:                                7.5864e+00    +3.3749e+00   -1.6101e-01  |      ---           ---           ---     
n=02:                                6.1369e+00    +1.2621e+00   -7.2258e-04  |      ---           ---           ---     
n=03:                                1.2127e+02    -3.2209e+01   +2.2128e-04  |      ---           ---           ---     
n=04:                                1.4358e+04    -8.0168e+03   +6.6090e-04  |      ---           ---           ---     
n=05:                                4.0998e+05    -9.7809e+04   +9.6761e-05  |      ---           ---           ---     
n=06:                                1.0144e+08    +4.8309e+07   -5.7349e-04  |      ---           ---           ---     
