--- multipoles on reference trajectory (rz > 0) ---
effective_length:                   435.27748953000287 mm
perpendicular_grid:                 41 points in [-10.000000,+10.000000] mm
max_fitting_error_normal            0.026/4863.134 G/G
max_fitting_error_skew              337.527/337.527 G/G
r0_for_relative_multipoles          12 mm
main_monomial                       n = 0, skew:False
                                       Nn(s=0)      Integ_Nn     Nn/N0(@r0)   |    Sn(s=0)      Integ_Sn     Sn/S0(@r0)  
<multipole_order n>                    [T/m^n]      [T.m/m^n]        []       |    [T/m^n]      [T.m/m^n]        []      
n=00:                                5.4987e-01    -2.3935e-01   +1.0000e+00  |      ---           ---           ---     
n=01:                                7.2188e+00    +3.2128e+00   -1.6108e-01  |      ---           ---           ---     
n=02:                                5.2373e+00    +8.7574e-01   -5.2688e-04  |      ---           ---           ---     
n=03:                                1.0797e+02    -4.6143e+01   +3.3313e-04  |      ---           ---           ---     
n=04:                                4.0889e+03    +1.6732e+02   -1.4496e-05  |      ---           ---           ---     
n=05:                                1.5183e+05    +4.9846e+04   -5.1821e-05  |      ---           ---           ---     
n=06:                                1.3579e+07    -5.7135e+06   +7.1279e-05  |      ---           ---           ---     
