--- multipoles on reference trajectory (rz > 0) ---
effective_length:                   435.2799444943742 mm
perpendicular_grid:                 41 points in [-10.000000,+10.000000] mm
max_fitting_error_normal            0.046/5095.551 G/G
max_fitting_error_skew              361.588/361.588 G/G
r0_for_relative_multipoles          12 mm
main_monomial                       n = 0, skew:False
                                       Nn(s=0)      Integ_Nn     Nn/N0(@r0)   |    Sn(s=0)      Integ_Sn     Sn/S0(@r0)  
<multipole_order n>                    [T/m^n]      [T.m/m^n]        []       |    [T/m^n]      [T.m/m^n]        []      
n=00:                                5.7774e-01    -2.5148e-01   +1.0000e+00  |      ---           ---           ---     
n=01:                                7.5793e+00    +3.3795e+00   -1.6126e-01  |      ---           ---           ---     
n=02:                                6.6476e+00    +1.0648e+00   -6.0971e-04  |      ---           ---           ---     
n=03:                                7.3604e+01    -2.0801e+01   +1.4293e-04  |      ---           ---           ---     
n=04:                                1.2840e+04    +1.2561e+01   -1.0357e-06  |      ---           ---           ---     
n=05:                                6.2317e+04    -1.0135e+05   +1.0028e-04  |      ---           ---           ---     
n=06:                                8.5275e+07    -5.4944e+05   +6.5238e-06  |      ---           ---           ---     
