--- multipoles on reference trajectory (rz > 0) ---
effective_length:                   435.01546900546424 mm
perpendicular_grid:                 41 points in [-10.000000,+10.000000] mm
max_fitting_error_normal            0.055/4859.185 G/G
max_fitting_error_skew              334.490/334.490 G/G
r0_for_relative_multipoles          12 mm
main_monomial                       n = 0, skew:False
                                       Nn(s=0)      Integ_Nn     Nn/N0(@r0)   |    Sn(s=0)      Integ_Sn     Sn/S0(@r0)  
<multipole_order n>                    [T/m^n]      [T.m/m^n]        []       |    [T/m^n]      [T.m/m^n]        []      
n=00:                                5.5126e-01    -2.3981e-01   +1.0000e+00  |      ---           ---           ---     
n=01:                                7.2475e+00    +3.2214e+00   -1.6120e-01  |      ---           ---           ---     
n=02:                                5.2667e+00    +9.7342e-01   -5.8452e-04  |      ---           ---           ---     
n=03:                                8.5879e+01    -2.8679e+01   +2.0666e-04  |      ---           ---           ---     
n=04:                                6.0870e+02    +1.2092e+02   -1.0456e-05  |      ---           ---           ---     
n=05:                                2.0604e+05    -3.5344e+04   +3.6674e-05  |      ---           ---           ---     
n=06:                                2.0985e+07    -1.7420e+06   +2.1691e-05  |      ---           ---           ---     
