--- multipoles on reference trajectory (rz > 0) ---
effective_length:                   436.4707829732008 mm
perpendicular_grid:                 41 points in [-10.000000,+10.000000] mm
max_fitting_error_normal            0.028/4611.881 G/G
max_fitting_error_skew              338.619/338.619 G/G
r0_for_relative_multipoles          12 mm
main_monomial                       n = 0, skew:False
                                       Nn(s=0)      Integ_Nn     Nn/N0(@r0)   |    Sn(s=0)      Integ_Sn     Sn/S0(@r0)  
<multipole_order n>                    [T/m^n]      [T.m/m^n]        []       |    [T/m^n]      [T.m/m^n]        []      
n=00:                                5.2224e-01    -2.2794e-01   +1.0000e+00  |      ---           ---           ---     
n=01:                                6.8453e+00    +3.0655e+00   -1.6138e-01  |      ---           ---           ---     
n=02:                                5.2200e+00    +7.7515e-01   -4.8969e-04  |      ---           ---           ---     
n=03:                                2.7012e+01    -1.7376e+01   +1.3173e-04  |      ---           ---           ---     
n=04:                                2.9149e+03    +3.0456e+03   -2.7706e-04  |      ---           ---           ---     
n=05:                                4.6260e+05    -3.5173e+04   +3.8397e-05  |      ---           ---           ---     
n=06:                                4.5029e+06    -1.5797e+07   +2.0693e-04  |      ---           ---           ---     
