--- multipoles on reference trajectory (rz > 0) ---
effective_length:                   436.20626621795316 mm
perpendicular_grid:                 41 points in [-10.000000,+10.000000] mm
max_fitting_error_normal            0.037/4873.660 G/G
max_fitting_error_skew              339.891/339.891 G/G
r0_for_relative_multipoles          12 mm
main_monomial                       n = 0, skew:False
                                       Nn(s=0)      Integ_Nn     Nn/N0(@r0)   |    Sn(s=0)      Integ_Sn     Sn/S0(@r0)  
<multipole_order n>                    [T/m^n]      [T.m/m^n]        []       |    [T/m^n]      [T.m/m^n]        []      
n=00:                                5.5183e-01    -2.4071e-01   +1.0000e+00  |      ---           ---           ---     
n=01:                                7.2138e+00    +3.2361e+00   -1.6133e-01  |      ---           ---           ---     
n=02:                                6.7555e+00    +1.1261e+00   -6.7367e-04  |      ---           ---           ---     
n=03:                                2.5030e+01    -1.9198e+01   +1.3782e-04  |      ---           ---           ---     
n=04:                                1.2466e+04    -2.6816e+03   +2.3101e-04  |      ---           ---           ---     
n=05:                                4.3227e+05    -2.4622e+04   +2.5452e-05  |      ---           ---           ---     
n=06:                                7.8101e+07    +1.4514e+07   -1.8005e-04  |      ---           ---           ---     
