--- multipoles on reference trajectory (rz > 0) ---
effective_length:                   436.99671747931933 mm
perpendicular_grid:                 41 points in [-10.000000,+10.000000] mm
max_fitting_error_normal            0.027/6068.030 G/G
max_fitting_error_skew              322.176/322.176 G/G
r0_for_relative_multipoles          12 mm
main_monomial                       n = 0, skew:False
                                       Nn(s=0)      Integ_Nn     Nn/N0(@r0)   |    Sn(s=0)      Integ_Sn     Sn/S0(@r0)  
<multipole_order n>                    [T/m^n]      [T.m/m^n]        []       |    [T/m^n]      [T.m/m^n]        []      
n=00:                                5.2249e-01    -2.2833e-01   +1.0000e+00  |      ---           ---           ---     
n=01:                                6.8390e+00    +3.0653e+00   -1.6110e-01  |      ---           ---           ---     
n=02:                                5.8901e+00    +7.5307e-01   -4.7494e-04  |      ---           ---           ---     
n=03:                                1.1044e+01    -1.5558e+01   +1.1774e-04  |      ---           ---           ---     
n=04:                                1.5902e+03    -4.1297e+02   +3.7504e-05  |      ---           ---           ---     
n=05:                                1.7338e+05    -7.7861e+04   +8.4854e-05  |      ---           ---           ---     
n=06:                                5.1764e+06    +5.2702e+06   -6.8922e-05  |      ---           ---           ---     
