--- multipoles on reference trajectory (rz > 0) ---
effective_length:                   435.018848308873 mm
perpendicular_grid:                 41 points in [-10.000000,+10.000000] mm
max_fitting_error_normal            0.044/6074.821 G/G
max_fitting_error_skew              324.445/324.445 G/G
r0_for_relative_multipoles          12 mm
main_monomial                       n = 0, skew:False
                                       Nn(s=0)      Integ_Nn     Nn/N0(@r0)   |    Sn(s=0)      Integ_Sn     Sn/S0(@r0)  
<multipole_order n>                    [T/m^n]      [T.m/m^n]        []       |    [T/m^n]      [T.m/m^n]        []      
n=00:                                5.2516e-01    -2.2846e-01   +1.0000e+00  |      ---           ---           ---     
n=01:                                6.8915e+00    +3.0627e+00   -1.6087e-01  |      ---           ---           ---     
n=02:                                4.5362e+00    +8.7812e-01   -5.5350e-04  |      ---           ---           ---     
n=03:                                1.2379e+02    -4.8670e+01   +3.6813e-04  |      ---           ---           ---     
n=04:                                1.7491e+04    +2.7116e+02   -2.4612e-05  |      ---           ---           ---     
n=05:                                3.2880e+05    +8.2884e+04   -9.0276e-05  |      ---           ---           ---     
n=06:                                1.0743e+08    -6.5034e+06   +8.5001e-05  |      ---           ---           ---     
