--- multipoles on reference trajectory (rz > 0) ---
effective_length:                   435.52396404626245 mm
perpendicular_grid:                 41 points in [-10.000000,+10.000000] mm
max_fitting_error_normal            0.036/6427.582 G/G
max_fitting_error_skew              347.437/347.437 G/G
r0_for_relative_multipoles          12 mm
main_monomial                       n = 0, skew:False
                                       Nn(s=0)      Integ_Nn     Nn/N0(@r0)   |    Sn(s=0)      Integ_Sn     Sn/S0(@r0)  
<multipole_order n>                    [T/m^n]      [T.m/m^n]        []       |    [T/m^n]      [T.m/m^n]        []      
n=00:                                5.5518e-01    -2.4179e-01   +1.0000e+00  |      ---           ---           ---     
n=01:                                7.2882e+00    +3.2351e+00   -1.6055e-01  |      ---           ---           ---     
n=02:                                6.5266e+00    +1.1427e+00   -6.8051e-04  |      ---           ---           ---     
n=03:                                6.1013e+01    -1.6112e+01   +1.1515e-04  |      ---           ---           ---     
n=04:                                2.1353e+04    -1.7293e+03   +1.4830e-04  |      ---           ---           ---     
n=05:                                2.0615e+04    -1.1149e+05   +1.1474e-04  |      ---           ---           ---     
n=06:                                1.3147e+08    +9.5762e+06   -1.1826e-04  |      ---           ---           ---     
