--- multipoles on reference trajectory (rz > 0) ---
effective_length:                   435.17801641332096 mm
perpendicular_grid:                 41 points in [-10.000000,+10.000000] mm
max_fitting_error_normal            0.052/6382.912 G/G
max_fitting_error_skew              333.921/333.921 G/G
r0_for_relative_multipoles          12 mm
main_monomial                       n = 0, skew:False
                                       Nn(s=0)      Integ_Nn     Nn/N0(@r0)   |    Sn(s=0)      Integ_Sn     Sn/S0(@r0)  
<multipole_order n>                    [T/m^n]      [T.m/m^n]        []       |    [T/m^n]      [T.m/m^n]        []      
n=00:                                5.5192e-01    -2.4019e-01   +1.0000e+00  |      ---           ---           ---     
n=01:                                7.2579e+00    +3.2256e+00   -1.6115e-01  |      ---           ---           ---     
n=02:                                6.7124e+00    +1.0698e+00   -6.4139e-04  |      ---           ---           ---     
n=03:                                8.6788e+00    -6.2153e+00   +4.4715e-05  |      ---           ---           ---     
n=04:                                3.2637e+04    -2.8940e+03   +2.4985e-04  |      ---           ---           ---     
n=05:                                2.5443e+05    -1.7148e+05   +1.7766e-04  |      ---           ---           ---     
n=06:                                2.0211e+08    +2.0208e+07   -2.5122e-04  |      ---           ---           ---     
