--- multipoles on reference trajectory (rz > 0) ---
effective_length:                   435.96896389793267 mm
perpendicular_grid:                 41 points in [-10.000000,+10.000000] mm
max_fitting_error_normal            0.030/6059.352 G/G
max_fitting_error_skew              336.153/336.153 G/G
r0_for_relative_multipoles          12 mm
main_monomial                       n = 0, skew:False
                                       Nn(s=0)      Integ_Nn     Nn/N0(@r0)   |    Sn(s=0)      Integ_Sn     Sn/S0(@r0)  
<multipole_order n>                    [T/m^n]      [T.m/m^n]        []       |    [T/m^n]      [T.m/m^n]        []      
n=00:                                5.2321e-01    -2.2810e-01   +1.0000e+00  |      ---           ---           ---     
n=01:                                6.8610e+00    +3.0639e+00   -1.6119e-01  |      ---           ---           ---     
n=02:                                4.3790e+00    +7.9731e-01   -5.0334e-04  |      ---           ---           ---     
n=03:                                1.3926e+02    -4.0692e+01   +3.0826e-04  |      ---           ---           ---     
n=04:                                6.7056e+03    -2.3276e+03   +2.1160e-04  |      ---           ---           ---     
n=05:                                4.6368e+05    +6.0250e+04   -6.5726e-05  |      ---           ---           ---     
n=06:                                3.2717e+07    +1.0520e+07   -1.3771e-04  |      ---           ---           ---     
