--- multipoles on reference trajectory (rz > 0) ---
effective_length:                   434.65469675707226 mm
perpendicular_grid:                 41 points in [-10.000000,+10.000000] mm
max_fitting_error_normal            0.046/3430.613 G/G
max_fitting_error_skew              335.669/335.669 G/G
r0_for_relative_multipoles          12 mm
main_monomial                       n = 0, skew:False
                                       Nn(s=0)      Integ_Nn     Nn/N0(@r0)   |    Sn(s=0)      Integ_Sn     Sn/S0(@r0)  
<multipole_order n>                    [T/m^n]      [T.m/m^n]        []       |    [T/m^n]      [T.m/m^n]        []      
n=00:                                5.5337e-01    -2.4053e-01   +1.0000e+00  |      ---           ---           ---     
n=01:                                7.2742e+00    +3.2261e+00   -1.6095e-01  |      ---           ---           ---     
n=02:                                6.3910e+00    +9.4310e-01   -5.6463e-04  |      ---           ---           ---     
n=03:                                2.8054e+01    -1.8866e+01   +1.3554e-04  |      ---           ---           ---     
n=04:                                2.7242e+04    -1.7058e+03   +1.4706e-04  |      ---           ---           ---     
n=05:                                9.5602e+04    -7.0838e+04   +7.3284e-05  |      ---           ---           ---     
n=06:                                1.5722e+08    +6.6404e+06   -8.2437e-05  |      ---           ---           ---     
