--- multipoles on reference trajectory (rz > 0) ---
effective_length:                   434.11028930296027 mm
perpendicular_grid:                 41 points in [-10.000000,+10.000000] mm
max_fitting_error_normal            0.043/6068.842 G/G
max_fitting_error_skew              319.773/319.773 G/G
r0_for_relative_multipoles          12 mm
main_monomial                       n = 0, skew:False
                                       Nn(s=0)      Integ_Nn     Nn/N0(@r0)   |    Sn(s=0)      Integ_Sn     Sn/S0(@r0)  
<multipole_order n>                    [T/m^n]      [T.m/m^n]        []       |    [T/m^n]      [T.m/m^n]        []      
n=00:                                5.2506e-01    -2.2794e-01   +1.0000e+00  |      ---           ---           ---     
n=01:                                6.9080e+00    +3.0630e+00   -1.6126e-01  |      ---           ---           ---     
n=02:                                4.3445e+00    +8.8680e-01   -5.6024e-04  |      ---           ---           ---     
n=03:                                4.8218e+01    -2.0871e+01   +1.5822e-04  |      ---           ---           ---     
n=04:                                1.4061e+04    +5.4049e+02   -4.9170e-05  |      ---           ---           ---     
n=05:                                5.9106e+04    -4.9036e+04   +5.3531e-05  |      ---           ---           ---     
n=06:                                7.4622e+07    -3.3879e+06   +4.4382e-05  |      ---           ---           ---     
