--- multipoles on reference trajectory (rz > 0) ---
effective_length:                   436.04692004495655 mm
perpendicular_grid:                 41 points in [-10.000000,+10.000000] mm
max_fitting_error_normal            0.042/3282.449 G/G
max_fitting_error_skew              356.567/356.567 G/G
r0_for_relative_multipoles          12 mm
main_monomial                       n = 0, skew:False
                                       Nn(s=0)      Integ_Nn     Nn/N0(@r0)   |    Sn(s=0)      Integ_Sn     Sn/S0(@r0)  
<multipole_order n>                    [T/m^n]      [T.m/m^n]        []       |    [T/m^n]      [T.m/m^n]        []      
n=00:                                5.5447e-01    -2.4178e-01   +1.0000e+00  |      ---           ---           ---     
n=01:                                7.2323e+00    +3.2325e+00   -1.6044e-01  |      ---           ---           ---     
n=02:                                5.5805e+00    +8.3113e-01   -4.9502e-04  |      ---           ---           ---     
n=03:                                7.0311e+01    -2.0816e+01   +1.4877e-04  |      ---           ---           ---     
n=04:                                3.2251e+03    -8.0174e+02   +6.8762e-05  |      ---           ---           ---     
n=05:                                7.9585e+04    -4.8380e+04   +4.9792e-05  |      ---           ---           ---     
n=06:                                1.8879e+07    +4.1913e+06   -5.1763e-05  |      ---           ---           ---     
