--- multipoles on reference trajectory (rz > 0) ---
effective_length:                   435.7233686911174 mm
perpendicular_grid:                 41 points in [-10.000000,+10.000000] mm
max_fitting_error_normal            0.074/6717.858 G/G
max_fitting_error_skew              352.710/352.710 G/G
r0_for_relative_multipoles          12 mm
main_monomial                       n = 0, skew:False
                                       Nn(s=0)      Integ_Nn     Nn/N0(@r0)   |    Sn(s=0)      Integ_Sn     Sn/S0(@r0)  
<multipole_order n>                    [T/m^n]      [T.m/m^n]        []       |    [T/m^n]      [T.m/m^n]        []      
n=00:                                5.8017e-01    -2.5279e-01   +1.0000e+00  |      ---           ---           ---     
n=01:                                7.5894e+00    +3.3803e+00   -1.6046e-01  |      ---           ---           ---     
n=02:                                6.5720e+00    +1.1728e+00   -6.6805e-04  |      ---           ---           ---     
n=03:                                3.6990e+01    -1.4410e+01   +9.8504e-05  |      ---           ---           ---     
n=04:                                1.6505e+04    -1.0740e+03   +8.8101e-05  |      ---           ---           ---     
n=05:                                7.0719e+04    -1.1867e+05   +1.1681e-04  |      ---           ---           ---     
n=06:                                1.2001e+08    +7.1466e+06   -8.4416e-05  |      ---           ---           ---     
