--- multipoles on reference trajectory (rz > 0) ---
effective_length:                   434.81045444838526 mm
perpendicular_grid:                 41 points in [-10.000000,+10.000000] mm
max_fitting_error_normal            0.065/6412.235 G/G
max_fitting_error_skew              346.395/346.395 G/G
r0_for_relative_multipoles          12 mm
main_monomial                       n = 0, skew:False
                                       Nn(s=0)      Integ_Nn     Nn/N0(@r0)   |    Sn(s=0)      Integ_Sn     Sn/S0(@r0)  
<multipole_order n>                    [T/m^n]      [T.m/m^n]        []       |    [T/m^n]      [T.m/m^n]        []      
n=00:                                5.5421e-01    -2.4098e-01   +1.0000e+00  |      ---           ---           ---     
n=01:                                7.2860e+00    +3.2340e+00   -1.6104e-01  |      ---           ---           ---     
n=02:                                5.7515e+00    +1.1611e+00   -6.9386e-04  |      ---           ---           ---     
n=03:                                9.1956e+01    -3.0570e+01   +2.1921e-04  |      ---           ---           ---     
n=04:                                1.5971e+03    -4.0214e+02   +3.4604e-05  |      ---           ---           ---     
n=05:                                3.3091e+05    +7.1065e+04   -7.3382e-05  |      ---           ---           ---     
n=06:                                8.7882e+06    -6.4173e+06   +7.9517e-05  |      ---           ---           ---     
