--- multipoles on reference trajectory (rz > 0) ---
effective_length:                   433.73496233729975 mm
perpendicular_grid:                 41 points in [-10.000000,+10.000000] mm
max_fitting_error_normal            0.062/6069.451 G/G
max_fitting_error_skew              315.891/315.891 G/G
r0_for_relative_multipoles          12 mm
main_monomial                       n = 0, skew:False
                                       Nn(s=0)      Integ_Nn     Nn/N0(@r0)   |    Sn(s=0)      Integ_Sn     Sn/S0(@r0)  
<multipole_order n>                    [T/m^n]      [T.m/m^n]        []       |    [T/m^n]      [T.m/m^n]        []      
n=00:                                5.2537e-01    -2.2787e-01   +1.0000e+00  |      ---           ---           ---     
n=01:                                6.9318e+00    +3.0575e+00   -1.6101e-01  |      ---           ---           ---     
n=02:                                3.5725e+00    +7.7820e-01   -4.9177e-04  |      ---           ---           ---     
n=03:                                9.0660e+01    -4.2382e+01   +3.2139e-04  |      ---           ---           ---     
n=04:                                1.4603e+04    +1.2458e+03   -1.1336e-04  |      ---           ---           ---     
n=05:                                2.6295e+05    +1.2579e+05   -1.3736e-04  |      ---           ---           ---     
n=06:                                9.6549e+07    -1.3734e+07   +1.7996e-04  |      ---           ---           ---     
