--- multipoles on reference trajectory (rz > 0) ---
effective_length:                   435.49287611033697 mm
perpendicular_grid:                 41 points in [-10.000000,+10.000000] mm
max_fitting_error_normal            0.048/5101.475 G/G
max_fitting_error_skew              345.336/345.336 G/G
r0_for_relative_multipoles          12 mm
main_monomial                       n = 0, skew:False
                                       Nn(s=0)      Integ_Nn     Nn/N0(@r0)   |    Sn(s=0)      Integ_Sn     Sn/S0(@r0)  
<multipole_order n>                    [T/m^n]      [T.m/m^n]        []       |    [T/m^n]      [T.m/m^n]        []      
n=00:                                5.7879e-01    -2.5206e-01   +1.0000e+00  |      ---           ---           ---     
n=01:                                7.5869e+00    +3.3762e+00   -1.6073e-01  |      ---           ---           ---     
n=02:                                5.8928e+00    +1.2430e+00   -7.1013e-04  |      ---           ---           ---     
n=03:                                4.3176e+01    -9.7834e+00   +6.7070e-05  |      ---           ---           ---     
n=04:                                3.7202e+03    -4.7751e+03   +3.9283e-04  |      ---           ---           ---     
n=05:                                6.9470e+05    -1.5112e+05   +1.4918e-04  |      ---           ---           ---     
n=06:                                8.6038e+06    +2.3685e+07   -2.8058e-04  |      ---           ---           ---     
