--- multipoles on reference trajectory (rz > 0) ---
effective_length:                   436.9103238309553 mm
perpendicular_grid:                 41 points in [-10.000000,+10.000000] mm
max_fitting_error_normal            0.056/4096.065 G/G
max_fitting_error_skew              332.670/332.670 G/G
r0_for_relative_multipoles          12 mm
main_monomial                       n = 0, skew:False
                                       Nn(s=0)      Integ_Nn     Nn/N0(@r0)   |    Sn(s=0)      Integ_Sn     Sn/S0(@r0)  
<multipole_order n>                    [T/m^n]      [T.m/m^n]        []       |    [T/m^n]      [T.m/m^n]        []      
n=00:                                5.4952e-01    -2.4009e-01   +1.0000e+00  |      ---           ---           ---     
n=01:                                7.1883e+00    +3.2203e+00   -1.6096e-01  |      ---           ---           ---     
n=02:                                6.1472e+00    +8.8134e-01   -5.2861e-04  |      ---           ---           ---     
n=03:                                8.2116e+01    -2.6797e+01   +1.9287e-04  |      ---           ---           ---     
n=04:                                1.2732e+04    -1.2774e+03   +1.1032e-04  |      ---           ---           ---     
n=05:                                1.5819e+05    -3.2063e+04   +3.3231e-05  |      ---           ---           ---     
n=06:                                8.3069e+07    +7.8791e+06   -9.7992e-05  |      ---           ---           ---     
