--- multipoles on reference trajectory (rz > 0) ---
effective_length:                   434.9981810009539 mm
perpendicular_grid:                 41 points in [-10.000000,+10.000000] mm
max_fitting_error_normal            0.036/4195.118 G/G
max_fitting_error_skew              320.739/320.739 G/G
r0_for_relative_multipoles          12 mm
main_monomial                       n = 0, skew:False
                                       Nn(s=0)      Integ_Nn     Nn/N0(@r0)   |    Sn(s=0)      Integ_Sn     Sn/S0(@r0)  
<multipole_order n>                    [T/m^n]      [T.m/m^n]        []       |    [T/m^n]      [T.m/m^n]        []      
n=00:                                5.2420e-01    -2.2803e-01   +1.0000e+00  |      ---           ---           ---     
n=01:                                6.8830e+00    +3.0610e+00   -1.6109e-01  |      ---           ---           ---     
n=02:                                4.5792e+00    +9.6417e-01   -6.0888e-04  |      ---           ---           ---     
n=03:                                9.6997e+01    -3.5406e+01   +2.6831e-04  |      ---           ---           ---     
n=04:                                6.8731e+03    -2.2380e+03   +2.0351e-04  |      ---           ---           ---     
n=05:                                2.2654e+05    +5.4954e+04   -5.9968e-05  |      ---           ---           ---     
n=06:                                5.0763e+07    +7.9088e+06   -1.0357e-04  |      ---           ---           ---     
