--- multipoles on reference trajectory (rz > 0) ---
effective_length:                   436.13093766383645 mm
perpendicular_grid:                 41 points in [-10.000000,+10.000000] mm
max_fitting_error_normal            0.025/4622.578 G/G
max_fitting_error_skew              320.998/320.998 G/G
r0_for_relative_multipoles          12 mm
main_monomial                       n = 0, skew:False
                                       Nn(s=0)      Integ_Nn     Nn/N0(@r0)   |    Sn(s=0)      Integ_Sn     Sn/S0(@r0)  
<multipole_order n>                    [T/m^n]      [T.m/m^n]        []       |    [T/m^n]      [T.m/m^n]        []      
n=00:                                5.2201e-01    -2.2766e-01   +1.0000e+00  |      ---           ---           ---     
n=01:                                6.8398e+00    +3.0657e+00   -1.6159e-01  |      ---           ---           ---     
n=02:                                5.8859e+00    +9.2599e-01   -5.8570e-04  |      ---           ---           ---     
n=03:                                1.1392e+01    -1.5724e+01   +1.1935e-04  |      ---           ---           ---     
n=04:                                1.5877e+03    -1.3430e+02   +1.2232e-05  |      ---           ---           ---     
n=05:                                1.7237e+05    -4.3924e+04   +4.8008e-05  |      ---           ---           ---     
n=06:                                4.6440e+06    -2.5954e+06   +3.4040e-05  |      ---           ---           ---     
