--- multipoles on reference trajectory (rz > 0) ---
effective_length:                   435.71115210863974 mm
perpendicular_grid:                 41 points in [-10.000000,+10.000000] mm
max_fitting_error_normal            0.030/5233.467 G/G
max_fitting_error_skew              339.778/339.778 G/G
r0_for_relative_multipoles          12 mm
main_monomial                       n = 0, skew:False
                                       Nn(s=0)      Integ_Nn     Nn/N0(@r0)   |    Sn(s=0)      Integ_Sn     Sn/S0(@r0)  
<multipole_order n>                    [T/m^n]      [T.m/m^n]        []       |    [T/m^n]      [T.m/m^n]        []      
n=00:                                5.5214e-01    -2.4057e-01   +1.0000e+00  |      ---           ---           ---     
n=01:                                7.2198e+00    +3.2157e+00   -1.6040e-01  |      ---           ---           ---     
n=02:                                5.8987e+00    +7.5127e-01   -4.4969e-04  |      ---           ---           ---     
n=03:                                4.4064e+01    -4.0733e+00   +2.9258e-05  |      ---           ---           ---     
n=04:                                1.2263e+04    +1.9069e+03   -1.6436e-04  |      ---           ---           ---     
n=05:                                5.4403e+05    -1.6108e+05   +1.6661e-04  |      ---           ---           ---     
n=06:                                6.9879e+07    -1.0399e+07   +1.2907e-04  |      ---           ---           ---     
