--- multipoles on reference trajectory (rz > 0) ---
effective_length:                   435.2771993862928 mm
perpendicular_grid:                 41 points in [-10.000000,+10.000000] mm
max_fitting_error_normal            0.025/5994.871 G/G
max_fitting_error_skew              345.199/345.199 G/G
r0_for_relative_multipoles          12 mm
main_monomial                       n = 0, skew:False
                                       Nn(s=0)      Integ_Nn     Nn/N0(@r0)   |    Sn(s=0)      Integ_Sn     Sn/S0(@r0)  
<multipole_order n>                    [T/m^n]      [T.m/m^n]        []       |    [T/m^n]      [T.m/m^n]        []      
n=00:                                5.5240e-01    -2.4045e-01   +1.0000e+00  |      ---           ---           ---     
n=01:                                7.2270e+00    +3.2232e+00   -1.6086e-01  |      ---           ---           ---     
n=02:                                5.1412e+00    +1.0649e+00   -6.3775e-04  |      ---           ---           ---     
n=03:                                8.1616e+00    -2.6796e+01   +1.9257e-04  |      ---           ---           ---     
n=04:                                5.5370e+03    -2.1547e+03   +1.8582e-04  |      ---           ---           ---     
n=05:                                4.6394e+05    -7.1756e+04   +7.4258e-05  |      ---           ---           ---     
n=06:                                1.8908e+07    +1.0537e+07   -1.3085e-04  |      ---           ---           ---     
