--- multipoles on reference trajectory (rz > 0) ---
effective_length:                   432.81893305584396 mm
perpendicular_grid:                 41 points in [-10.000000,+10.000000] mm
max_fitting_error_normal            0.054/5217.565 G/G
max_fitting_error_skew              324.358/324.358 G/G
r0_for_relative_multipoles          12 mm
main_monomial                       n = 0, skew:False
                                       Nn(s=0)      Integ_Nn     Nn/N0(@r0)   |    Sn(s=0)      Integ_Sn     Sn/S0(@r0)  
<multipole_order n>                    [T/m^n]      [T.m/m^n]        []       |    [T/m^n]      [T.m/m^n]        []      
n=00:                                5.2820e-01    -2.2861e-01   +1.0000e+00  |      ---           ---           ---     
n=01:                                6.9585e+00    +3.0570e+00   -1.6046e-01  |      ---           ---           ---     
n=02:                                4.1176e+00    +9.5798e-01   -6.0341e-04  |      ---           ---           ---     
n=03:                                9.2486e+01    -2.3708e+01   +1.7920e-04  |      ---           ---           ---     
n=04:                                7.1625e+03    -3.7882e+03   +3.4360e-04  |      ---           ---           ---     
n=05:                                2.3345e+05    -6.0955e+04   +6.6345e-05  |      ---           ---           ---     
n=06:                                4.0594e+07    +1.6798e+07   -2.1940e-04  |      ---           ---           ---     
