--- multipoles on reference trajectory (rz > 0) ---
effective_length:                   435.27287552279853 mm
perpendicular_grid:                 41 points in [-10.000000,+10.000000] mm
max_fitting_error_normal            0.027/4045.371 G/G
max_fitting_error_skew              321.365/321.365 G/G
r0_for_relative_multipoles          12 mm
main_monomial                       n = 0, skew:False
                                       Nn(s=0)      Integ_Nn     Nn/N0(@r0)   |    Sn(s=0)      Integ_Sn     Sn/S0(@r0)  
<multipole_order n>                    [T/m^n]      [T.m/m^n]        []       |    [T/m^n]      [T.m/m^n]        []      
n=00:                                5.2464e-01    -2.2836e-01   +1.0000e+00  |      ---           ---           ---     
n=01:                                6.8586e+00    +3.0532e+00   -1.6044e-01  |      ---           ---           ---     
n=02:                                5.1061e+00    +7.6119e-01   -4.7999e-04  |      ---           ---           ---     
n=03:                                3.7913e+01    -1.6986e+01   +1.2853e-04  |      ---           ---           ---     
n=04:                                3.4149e+02    +3.7502e+02   -3.4053e-05  |      ---           ---           ---     
n=05:                                6.3793e+05    -1.0239e+05   +1.1157e-04  |      ---           ---           ---     
n=06:                                1.1110e+07    -3.1020e+06   +4.0560e-05  |      ---           ---           ---     
