--- multipoles on reference trajectory (rz > 0) ---
effective_length:                   436.74916027024324 mm
perpendicular_grid:                 41 points in [-10.000000,+10.000000] mm
max_fitting_error_normal            0.039/5109.974 G/G
max_fitting_error_skew              375.597/375.597 G/G
r0_for_relative_multipoles          12 mm
main_monomial                       n = 0, skew:False
                                       Nn(s=0)      Integ_Nn     Nn/N0(@r0)   |    Sn(s=0)      Integ_Sn     Sn/S0(@r0)  
<multipole_order n>                    [T/m^n]      [T.m/m^n]        []       |    [T/m^n]      [T.m/m^n]        []      
n=00:                                5.7825e-01    -2.5255e-01   +1.0000e+00  |      ---           ---           ---     
n=01:                                7.5363e+00    +3.3773e+00   -1.6047e-01  |      ---           ---           ---     
n=02:                                5.8784e+00    +1.1172e+00   -6.3700e-04  |      ---           ---           ---     
n=03:                                1.0612e+02    -4.9448e+01   +3.3833e-04  |      ---           ---           ---     
n=04:                                1.2901e+04    +5.2453e+02   -4.3067e-05  |      ---           ---           ---     
n=05:                                2.1880e+05    +1.3198e+05   -1.3003e-04  |      ---           ---           ---     
n=06:                                5.6304e+07    -6.2196e+06   +7.3536e-05  |      ---           ---           ---     
