--- multipoles on reference trajectory (rz > 0) ---
effective_length:                   434.71008826323924 mm
perpendicular_grid:                 41 points in [-10.000000,+10.000000] mm
max_fitting_error_normal            0.046/6398.216 G/G
max_fitting_error_skew              348.548/348.548 G/G
r0_for_relative_multipoles          12 mm
main_monomial                       n = 0, skew:False
                                       Nn(s=0)      Integ_Nn     Nn/N0(@r0)   |    Sn(s=0)      Integ_Sn     Sn/S0(@r0)  
<multipole_order n>                    [T/m^n]      [T.m/m^n]        []       |    [T/m^n]      [T.m/m^n]        []      
n=00:                                5.5211e-01    -2.4001e-01   +1.0000e+00  |      ---           ---           ---     
n=01:                                7.2097e+00    +3.2153e+00   -1.6076e-01  |      ---           ---           ---     
n=02:                                5.1548e+00    +9.3350e-01   -5.6008e-04  |      ---           ---           ---     
n=03:                                1.1340e+01    -3.0969e+01   +2.2297e-04  |      ---           ---           ---     
n=04:                                1.4372e+04    +2.6655e+03   -2.3029e-04  |      ---           ---           ---     
n=05:                                4.7899e+05    +7.1569e+03   -7.4200e-06  |      ---           ---           ---     
n=06:                                6.8499e+07    -1.7123e+07   +2.1303e-04  |      ---           ---           ---     
