--- multipoles on reference trajectory (rz > 0) ---
effective_length:                   435.7079969213841 mm
perpendicular_grid:                 41 points in [-10.000000,+10.000000] mm
max_fitting_error_normal            0.048/4893.272 G/G
max_fitting_error_skew              336.433/336.433 G/G
r0_for_relative_multipoles          12 mm
main_monomial                       n = 0, skew:False
                                       Nn(s=0)      Integ_Nn     Nn/N0(@r0)   |    Sn(s=0)      Integ_Sn     Sn/S0(@r0)  
<multipole_order n>                    [T/m^n]      [T.m/m^n]        []       |    [T/m^n]      [T.m/m^n]        []      
n=00:                                5.5328e-01    -2.4107e-01   +1.0000e+00  |      ---           ---           ---     
n=01:                                7.2744e+00    +3.2367e+00   -1.6112e-01  |      ---           ---           ---     
n=02:                                6.3887e+00    +1.1162e+00   -6.6676e-04  |      ---           ---           ---     
n=03:                                2.8952e+01    -1.2659e+01   +9.0740e-05  |      ---           ---           ---     
n=04:                                2.7203e+04    -5.0864e+03   +4.3752e-04  |      ---           ---           ---     
n=05:                                8.8617e+04    -1.1724e+05   +1.2102e-04  |      ---           ---           ---     
n=06:                                1.5686e+08    +2.7560e+07   -3.4137e-04  |      ---           ---           ---     
