--- multipoles on reference trajectory (rz > 0) ---
effective_length:                   435.0702511887596 mm
perpendicular_grid:                 41 points in [-10.000000,+10.000000] mm
max_fitting_error_normal            0.064/4870.612 G/G
max_fitting_error_skew              341.653/341.653 G/G
r0_for_relative_multipoles          12 mm
main_monomial                       n = 0, skew:False
                                       Nn(s=0)      Integ_Nn     Nn/N0(@r0)   |    Sn(s=0)      Integ_Sn     Sn/S0(@r0)  
<multipole_order n>                    [T/m^n]      [T.m/m^n]        []       |    [T/m^n]      [T.m/m^n]        []      
n=00:                                5.5225e-01    -2.4027e-01   +1.0000e+00  |      ---           ---           ---     
n=01:                                7.2387e+00    +3.2194e+00   -1.6079e-01  |      ---           ---           ---     
n=02:                                5.1754e+00    +8.7524e-01   -5.2456e-04  |      ---           ---           ---     
n=03:                                5.0871e+01    -4.6560e+01   +3.3485e-04  |      ---           ---           ---     
n=04:                                1.1087e+04    +1.6533e+03   -1.4269e-04  |      ---           ---           ---     
n=05:                                2.8610e+04    +1.2470e+05   -1.2915e-04  |      ---           ---           ---     
n=06:                                6.0992e+07    -1.3878e+07   +1.7247e-04  |      ---           ---           ---     
