--- multipoles on reference trajectory (rz > 0) ---
effective_length:                   433.4171086898553 mm
perpendicular_grid:                 41 points in [-10.000000,+10.000000] mm
max_fitting_error_normal            0.038/6410.552 G/G
max_fitting_error_skew              333.722/333.722 G/G
r0_for_relative_multipoles          12 mm
main_monomial                       n = 0, skew:False
                                       Nn(s=0)      Integ_Nn     Nn/N0(@r0)   |    Sn(s=0)      Integ_Sn     Sn/S0(@r0)  
<multipole_order n>                    [T/m^n]      [T.m/m^n]        []       |    [T/m^n]      [T.m/m^n]        []      
n=00:                                5.5585e-01    -2.4092e-01   +1.0000e+00  |      ---           ---           ---     
n=01:                                7.3244e+00    +3.2349e+00   -1.6113e-01  |      ---           ---           ---     
n=02:                                4.3267e+00    +9.3655e-01   -5.5979e-04  |      ---           ---           ---     
n=03:                                1.6675e+01    -3.0651e+01   +2.1985e-04  |      ---           ---           ---     
n=04:                                1.3828e+04    +1.6298e+03   -1.4028e-04  |      ---           ---           ---     
n=05:                                2.0426e+05    +1.7078e+04   -1.7639e-05  |      ---           ---           ---     
n=06:                                6.7777e+07    -8.2943e+06   +1.0280e-04  |      ---           ---           ---     
