--- multipoles on reference trajectory (rz > 0) ---
effective_length:                   436.53214995888845 mm
perpendicular_grid:                 41 points in [-10.000000,+10.000000] mm
max_fitting_error_normal            0.040/3736.323 G/G
max_fitting_error_skew              324.352/324.352 G/G
r0_for_relative_multipoles          12 mm
main_monomial                       n = 0, skew:False
                                       Nn(s=0)      Integ_Nn     Nn/N0(@r0)   |    Sn(s=0)      Integ_Sn     Sn/S0(@r0)  
<multipole_order n>                    [T/m^n]      [T.m/m^n]        []       |    [T/m^n]      [T.m/m^n]        []      
n=00:                                5.2291e-01    -2.2827e-01   +1.0000e+00  |      ---           ---           ---     
n=01:                                6.8510e+00    +3.0629e+00   -1.6102e-01  |      ---           ---           ---     
n=02:                                5.8570e+00    +9.1361e-01   -5.7634e-04  |      ---           ---           ---     
n=03:                                2.0247e+01    -7.9790e+00   +6.0402e-05  |      ---           ---           ---     
n=04:                                1.3912e+04    -7.2403e+02   +6.5772e-05  |      ---           ---           ---     
n=05:                                2.5132e+05    -1.5727e+05   +1.7144e-04  |      ---           ---           ---     
n=06:                                8.3864e+07    -8.1258e+05   +1.0630e-05  |      ---           ---           ---     
