--- multipoles on reference trajectory (rz > 0) ---
effective_length:                   435.7448944772952 mm
perpendicular_grid:                 41 points in [-10.000000,+10.000000] mm
max_fitting_error_normal            0.033/4805.914 G/G
max_fitting_error_skew              348.478/348.478 G/G
r0_for_relative_multipoles          12 mm
main_monomial                       n = 0, skew:False
                                       Nn(s=0)      Integ_Nn     Nn/N0(@r0)   |    Sn(s=0)      Integ_Sn     Sn/S0(@r0)  
<multipole_order n>                    [T/m^n]      [T.m/m^n]        []       |    [T/m^n]      [T.m/m^n]        []      
n=00:                                5.5335e-01    -2.4112e-01   +1.0000e+00  |      ---           ---           ---     
n=01:                                7.2574e+00    +3.2365e+00   -1.6107e-01  |      ---           ---           ---     
n=02:                                5.3541e+00    +1.0192e+00   -6.0867e-04  |      ---           ---           ---     
n=03:                                2.6711e+01    -1.3136e+01   +9.4140e-05  |      ---           ---           ---     
n=04:                                9.7491e+03    +5.5560e+02   -4.7781e-05  |      ---           ---           ---     
n=05:                                2.3471e+05    -1.0870e+05   +1.1218e-04  |      ---           ---           ---     
n=06:                                6.7780e+07    -8.3262e+06   +1.0311e-04  |      ---           ---           ---     
