--- multipoles on reference trajectory (rz > 0) ---
effective_length:                   435.6435662149643 mm
perpendicular_grid:                 41 points in [-10.000000,+10.000000] mm
max_fitting_error_normal            0.026/6420.189 G/G
max_fitting_error_skew              336.456/336.456 G/G
r0_for_relative_multipoles          12 mm
main_monomial                       n = 0, skew:False
                                       Nn(s=0)      Integ_Nn     Nn/N0(@r0)   |    Sn(s=0)      Integ_Sn     Sn/S0(@r0)  
<multipole_order n>                    [T/m^n]      [T.m/m^n]        []       |    [T/m^n]      [T.m/m^n]        []      
n=00:                                5.5338e-01    -2.4108e-01   +1.0000e+00  |      ---           ---           ---     
n=01:                                7.2732e+00    +3.2365e+00   -1.6110e-01  |      ---           ---           ---     
n=02:                                5.7577e+00    +1.1200e+00   -6.6901e-04  |      ---           ---           ---     
n=03:                                1.2076e+02    -3.5348e+01   +2.5337e-04  |      ---           ---           ---     
n=04:                                2.7217e+03    -1.7499e+03   +1.5052e-04  |      ---           ---           ---     
n=05:                                4.5650e+05    +2.3874e+04   -2.4642e-05  |      ---           ---           ---     
n=06:                                1.3861e+07    +7.6436e+06   -9.4674e-05  |      ---           ---           ---     
