--- multipoles on reference trajectory (rz > 0) ---
effective_length:                   435.15503671853753 mm
perpendicular_grid:                 41 points in [-10.000000,+10.000000] mm
max_fitting_error_normal            0.043/6716.222 G/G
max_fitting_error_skew              359.361/359.361 G/G
r0_for_relative_multipoles          12 mm
main_monomial                       n = 0, skew:False
                                       Nn(s=0)      Integ_Nn     Nn/N0(@r0)   |    Sn(s=0)      Integ_Sn     Sn/S0(@r0)  
<multipole_order n>                    [T/m^n]      [T.m/m^n]        []       |    [T/m^n]      [T.m/m^n]        []      
n=00:                                5.7997e-01    -2.5238e-01   +1.0000e+00  |      ---           ---           ---     
n=01:                                7.5835e+00    +3.3740e+00   -1.6043e-01  |      ---           ---           ---     
n=02:                                5.4527e+00    +1.0140e+00   -5.7853e-04  |      ---           ---           ---     
n=03:                                9.0271e+01    -3.2208e+01   +2.2053e-04  |      ---           ---           ---     
n=04:                                1.8589e+04    +1.1960e+02   -9.8265e-06  |      ---           ---           ---     
n=05:                                3.5227e+05    +3.0628e+04   -3.0197e-05  |      ---           ---           ---     
n=06:                                1.1858e+08    -5.0684e+06   +5.9967e-05  |      ---           ---           ---     
