--- multipoles on reference trajectory (rz > 0) ---
effective_length:                   433.40423395122144 mm
perpendicular_grid:                 41 points in [-10.000000,+10.000000] mm
max_fitting_error_normal            0.055/4882.959 G/G
max_fitting_error_skew              341.926/341.926 G/G
r0_for_relative_multipoles          12 mm
main_monomial                       n = 0, skew:False
                                       Nn(s=0)      Integ_Nn     Nn/N0(@r0)   |    Sn(s=0)      Integ_Sn     Sn/S0(@r0)  
<multipole_order n>                    [T/m^n]      [T.m/m^n]        []       |    [T/m^n]      [T.m/m^n]        []      
n=00:                                5.5549e-01    -2.4075e-01   +1.0000e+00  |      ---           ---           ---     
n=01:                                7.3158e+00    +3.2171e+00   -1.6035e-01  |      ---           ---           ---     
n=02:                                4.9704e+00    +1.0624e+00   -6.3546e-04  |      ---           ---           ---     
n=03:                                1.3455e+02    -4.0302e+01   +2.8927e-04  |      ---           ---           ---     
n=04:                                1.8899e+04    -4.8039e+03   +4.1376e-04  |      ---           ---           ---     
n=05:                                4.5583e+05    +1.3650e+04   -1.4108e-05  |      ---           ---           ---     
n=06:                                1.1200e+08    +2.5958e+07   -3.2195e-04  |      ---           ---           ---     
