--- multipoles on reference trajectory (rz > 0) ---
effective_length:                   434.45245511403544 mm
perpendicular_grid:                 41 points in [-10.000000,+10.000000] mm
max_fitting_error_normal            0.033/4311.822 G/G
max_fitting_error_skew              353.515/353.515 G/G
r0_for_relative_multipoles          12 mm
main_monomial                       n = 0, skew:False
                                       Nn(s=0)      Integ_Nn     Nn/N0(@r0)   |    Sn(s=0)      Integ_Sn     Sn/S0(@r0)  
<multipole_order n>                    [T/m^n]      [T.m/m^n]        []       |    [T/m^n]      [T.m/m^n]        []      
n=00:                                5.7938e-01    -2.5171e-01   +1.0000e+00  |      ---           ---           ---     
n=01:                                7.6064e+00    +3.3764e+00   -1.6097e-01  |      ---           ---           ---     
n=02:                                5.9006e+00    +1.2260e+00   -7.0139e-04  |      ---           ---           ---     
n=03:                                3.4280e+01    -4.4899e+01   +3.0823e-04  |      ---           ---           ---     
n=04:                                7.0482e+03    -1.6293e+03   +1.3422e-04  |      ---           ---           ---     
n=05:                                2.1104e+05    +1.0021e+05   -9.9064e-05  |      ---           ---           ---     
n=06:                                5.1709e+07    +5.5590e+06   -6.5945e-05  |      ---           ---           ---     
