--- multipoles on reference trajectory (rz > 0) ---
effective_length:                   433.91219735719517 mm
perpendicular_grid:                 41 points in [-10.000000,+10.000000] mm
max_fitting_error_normal            0.035/4882.592 G/G
max_fitting_error_skew              340.056/340.056 G/G
r0_for_relative_multipoles          12 mm
main_monomial                       n = 0, skew:False
                                       Nn(s=0)      Integ_Nn     Nn/N0(@r0)   |    Sn(s=0)      Integ_Sn     Sn/S0(@r0)  
<multipole_order n>                    [T/m^n]      [T.m/m^n]        []       |    [T/m^n]      [T.m/m^n]        []      
n=00:                                5.5430e-01    -2.4052e-01   +1.0000e+00  |      ---           ---           ---     
n=01:                                7.2734e+00    +3.2297e+00   -1.6113e-01  |      ---           ---           ---     
n=02:                                5.2835e+00    +7.7622e-01   -4.6473e-04  |      ---           ---           ---     
n=03:                                4.1282e+00    -2.8574e+01   +2.0529e-04  |      ---           ---           ---     
n=04:                                3.4425e+03    -2.0684e+02   +1.7832e-05  |      ---           ---           ---     
n=05:                                2.6626e+05    -3.0826e+04   +3.1891e-05  |      ---           ---           ---     
n=06:                                3.2029e+07    +2.3251e+06   -2.8866e-05  |      ---           ---           ---     
