--- multipoles on reference trajectory (rz > 0) ---
effective_length:                   434.84130228583984 mm
perpendicular_grid:                 41 points in [-10.000000,+10.000000] mm
max_fitting_error_normal            0.047/6403.188 G/G
max_fitting_error_skew              344.337/344.337 G/G
r0_for_relative_multipoles          12 mm
main_monomial                       n = 0, skew:False
                                       Nn(s=0)      Integ_Nn     Nn/N0(@r0)   |    Sn(s=0)      Integ_Sn     Sn/S0(@r0)  
<multipole_order n>                    [T/m^n]      [T.m/m^n]        []       |    [T/m^n]      [T.m/m^n]        []      
n=00:                                5.5290e-01    -2.4042e-01   +1.0000e+00  |      ---           ---           ---     
n=01:                                7.2921e+00    +3.2362e+00   -1.6152e-01  |      ---           ---           ---     
n=02:                                6.4326e+00    +1.2279e+00   -7.3542e-04  |      ---           ---           ---     
n=03:                                7.8555e+01    -2.5083e+01   +1.8028e-04  |      ---           ---           ---     
n=04:                                2.0206e+04    -4.7287e+03   +4.0784e-04  |      ---           ---           ---     
n=05:                                1.7001e+05    -5.5736e+04   +5.7686e-05  |      ---           ---           ---     
n=06:                                1.2320e+08    +2.6951e+07   -3.3473e-04  |      ---           ---           ---     
