--- multipoles on reference trajectory (rz > 0) ---
effective_length:                   435.21099698775066 mm
perpendicular_grid:                 41 points in [-10.000000,+10.000000] mm
max_fitting_error_normal            0.052/4630.346 G/G
max_fitting_error_skew              327.421/327.421 G/G
r0_for_relative_multipoles          12 mm
main_monomial                       n = 0, skew:False
                                       Nn(s=0)      Integ_Nn     Nn/N0(@r0)   |    Sn(s=0)      Integ_Sn     Sn/S0(@r0)  
<multipole_order n>                    [T/m^n]      [T.m/m^n]        []       |    [T/m^n]      [T.m/m^n]        []      
n=00:                                5.2478e-01    -2.2839e-01   +1.0000e+00  |      ---           ---           ---     
n=01:                                6.8791e+00    +3.0662e+00   -1.6110e-01  |      ---           ---           ---     
n=02:                                5.0619e+00    +9.6625e-01   -6.0922e-04  |      ---           ---           ---     
n=03:                                2.8176e+01    -3.0579e+01   +2.3136e-04  |      ---           ---           ---     
n=04:                                6.0595e+03    -9.5280e+02   +8.6506e-05  |      ---           ---           ---     
n=05:                                2.6076e+05    +9.0571e+03   -9.8677e-06  |      ---           ---           ---     
n=06:                                3.7450e+07    +2.6372e+06   -3.4479e-05  |      ---           ---           ---     
