--- multipoles on reference trajectory (rz > 0) ---
effective_length:                   436.0351490124527 mm
perpendicular_grid:                 41 points in [-10.000000,+10.000000] mm
max_fitting_error_normal            0.033/4672.015 G/G
max_fitting_error_skew              368.833/368.833 G/G
r0_for_relative_multipoles          12 mm
main_monomial                       n = 0, skew:False
                                       Nn(s=0)      Integ_Nn     Nn/N0(@r0)   |    Sn(s=0)      Integ_Sn     Sn/S0(@r0)  
<multipole_order n>                    [T/m^n]      [T.m/m^n]        []       |    [T/m^n]      [T.m/m^n]        []      
n=00:                                5.7778e-01    -2.5193e-01   +1.0000e+00  |      ---           ---           ---     
n=01:                                7.5623e+00    +3.3756e+00   -1.6079e-01  |      ---           ---           ---     
n=02:                                5.7470e+00    +7.9206e-01   -4.5273e-04  |      ---           ---           ---     
n=03:                                1.5236e+01    -1.1968e+01   +8.2086e-05  |      ---           ---           ---     
n=04:                                1.9622e+03    +2.1128e+03   -1.7390e-04  |      ---           ---           ---     
n=05:                                5.3905e+05    -1.2800e+05   +1.2642e-04  |      ---           ---           ---     
n=06:                                7.0968e+05    -1.3071e+07   +1.5493e-04  |      ---           ---           ---     
