--- multipoles on reference trajectory (rz > 0) ---
effective_length:                   434.1489137681013 mm
perpendicular_grid:                 41 points in [-10.000000,+10.000000] mm
max_fitting_error_normal            0.052/3818.935 G/G
max_fitting_error_skew              341.665/341.665 G/G
r0_for_relative_multipoles          12 mm
main_monomial                       n = 0, skew:False
                                       Nn(s=0)      Integ_Nn     Nn/N0(@r0)   |    Sn(s=0)      Integ_Sn     Sn/S0(@r0)  
<multipole_order n>                    [T/m^n]      [T.m/m^n]        []       |    [T/m^n]      [T.m/m^n]        []      
n=00:                                5.5645e-01    -2.4158e-01   +1.0000e+00  |      ---           ---           ---     
n=01:                                7.2888e+00    +3.2299e+00   -1.6044e-01  |      ---           ---           ---     
n=02:                                5.4271e+00    +8.6347e-01   -5.1469e-04  |      ---           ---           ---     
n=03:                                1.1827e+02    -3.8758e+01   +2.7723e-04  |      ---           ---           ---     
n=04:                                7.6545e+03    -2.0611e+03   +1.7691e-04  |      ---           ---           ---     
n=05:                                3.2203e+05    +1.0059e+04   -1.0361e-05  |      ---           ---           ---     
n=06:                                5.4878e+07    +1.3492e+07   -1.6677e-04  |      ---           ---           ---     
