--- multipoles on reference trajectory (rz > 0) ---
effective_length:                   433.1398141739129 mm
perpendicular_grid:                 41 points in [-10.000000,+10.000000] mm
max_fitting_error_normal            0.048/5467.840 G/G
max_fitting_error_skew              338.449/338.449 G/G
r0_for_relative_multipoles          12 mm
main_monomial                       n = 0, skew:False
                                       Nn(s=0)      Integ_Nn     Nn/N0(@r0)   |    Sn(s=0)      Integ_Sn     Sn/S0(@r0)  
<multipole_order n>                    [T/m^n]      [T.m/m^n]        []       |    [T/m^n]      [T.m/m^n]        []      
n=00:                                5.5300e-01    -2.3953e-01   +1.0000e+00  |      ---           ---           ---     
n=01:                                7.2872e+00    +3.2166e+00   -1.6115e-01  |      ---           ---           ---     
n=02:                                3.2385e+00    +8.2046e-01   -4.9325e-04  |      ---           ---           ---     
n=03:                                8.5258e+01    -6.3365e+01   +4.5713e-04  |      ---           ---           ---     
n=04:                                2.4884e+04    +6.6899e+02   -5.7914e-05  |      ---           ---           ---     
n=05:                                9.6630e+04    +1.9470e+05   -2.0226e-04  |      ---           ---           ---     
n=06:                                1.4207e+08    -5.6078e+06   +6.9908e-05  |      ---           ---           ---     
