--- multipoles on reference trajectory (rz > 0) ---
effective_length:                   433.1676407562662 mm
perpendicular_grid:                 41 points in [-10.000000,+10.000000] mm
max_fitting_error_normal            0.031/6702.280 G/G
max_fitting_error_skew              349.674/349.674 G/G
r0_for_relative_multipoles          12 mm
main_monomial                       n = 0, skew:False
                                       Nn(s=0)      Integ_Nn     Nn/N0(@r0)   |    Sn(s=0)      Integ_Sn     Sn/S0(@r0)  
<multipole_order n>                    [T/m^n]      [T.m/m^n]        []       |    [T/m^n]      [T.m/m^n]        []      
n=00:                                5.8016e-01    -2.5131e-01   +1.0000e+00  |      ---           ---           ---     
n=01:                                7.6364e+00    +3.3658e+00   -1.6072e-01  |      ---           ---           ---     
n=02:                                4.4286e+00    +9.9254e-01   -5.6873e-04  |      ---           ---           ---     
n=03:                                6.5044e+01    -3.5823e+01   +2.4632e-04  |      ---           ---           ---     
n=04:                                1.1744e+04    +1.3158e+03   -1.0857e-04  |      ---           ---           ---     
n=05:                                8.5032e+04    -1.2460e+04   +1.2338e-05  |      ---           ---           ---     
n=06:                                7.4209e+07    -1.4195e+07   +1.6866e-04  |      ---           ---           ---     
