--- multipoles on reference trajectory (rz > 0) ---
effective_length:                   436.6389305580329 mm
perpendicular_grid:                 41 points in [-10.000000,+10.000000] mm
max_fitting_error_normal            0.028/4855.142 G/G
max_fitting_error_skew              356.008/356.008 G/G
r0_for_relative_multipoles          12 mm
main_monomial                       n = 0, skew:False
                                       Nn(s=0)      Integ_Nn     Nn/N0(@r0)   |    Sn(s=0)      Integ_Sn     Sn/S0(@r0)  
<multipole_order n>                    [T/m^n]      [T.m/m^n]        []       |    [T/m^n]      [T.m/m^n]        []      
n=00:                                5.4897e-01    -2.3970e-01   +1.0000e+00  |      ---           ---           ---     
n=01:                                7.1900e+00    +3.2212e+00   -1.6126e-01  |      ---           ---           ---     
n=02:                                7.1977e+00    +1.0824e+00   -6.5024e-04  |      ---           ---           ---     
n=03:                                6.4051e+01    -7.4755e+00   +5.3891e-05  |      ---           ---           ---     
n=04:                                2.2991e+04    -2.4101e+03   +2.0849e-04  |      ---           ---           ---     
n=05:                                7.2682e+05    -1.1888e+05   +1.2341e-04  |      ---           ---           ---     
n=06:                                1.2736e+08    +1.1852e+07   -1.4764e-04  |      ---           ---           ---     
