--- multipoles on reference trajectory (rz > 0) ---
effective_length:                   436.1996493390347 mm
perpendicular_grid:                 41 points in [-10.000000,+10.000000] mm
max_fitting_error_normal            0.038/6383.565 G/G
max_fitting_error_skew              355.683/355.683 G/G
r0_for_relative_multipoles          12 mm
main_monomial                       n = 0, skew:False
                                       Nn(s=0)      Integ_Nn     Nn/N0(@r0)   |    Sn(s=0)      Integ_Sn     Sn/S0(@r0)  
<multipole_order n>                    [T/m^n]      [T.m/m^n]        []       |    [T/m^n]      [T.m/m^n]        []      
n=00:                                5.5064e-01    -2.4019e-01   +1.0000e+00  |      ---           ---           ---     
n=01:                                7.1868e+00    +3.2204e+00   -1.6089e-01  |      ---           ---           ---     
n=02:                                7.1352e+00    +1.0653e+00   -6.3869e-04  |      ---           ---           ---     
n=03:                                7.9211e+01    +1.7441e+01   -1.2548e-04  |      ---           ---           ---     
n=04:                                2.1637e+04    -2.4626e+03   +2.1260e-04  |      ---           ---           ---     
n=05:                                8.4261e+05    -3.0298e+05   +3.1388e-04  |      ---           ---           ---     
n=06:                                1.2369e+08    +1.2797e+07   -1.5909e-04  |      ---           ---           ---     
