--- multipoles on reference trajectory (rz > 0) ---
effective_length:                   435.8609170780606 mm
perpendicular_grid:                 41 points in [-10.000000,+10.000000] mm
max_fitting_error_normal            0.030/3360.387 G/G
max_fitting_error_skew              340.390/340.390 G/G
r0_for_relative_multipoles          12 mm
main_monomial                       n = 0, skew:False
                                       Nn(s=0)      Integ_Nn     Nn/N0(@r0)   |    Sn(s=0)      Integ_Sn     Sn/S0(@r0)  
<multipole_order n>                    [T/m^n]      [T.m/m^n]        []       |    [T/m^n]      [T.m/m^n]        []      
n=00:                                5.5171e-01    -2.4047e-01   +1.0000e+00  |      ---           ---           ---     
n=01:                                7.1975e+00    +3.2193e+00   -1.6065e-01  |      ---           ---           ---     
n=02:                                5.6230e+00    +8.5175e-01   -5.1006e-04  |      ---           ---           ---     
n=03:                                5.8635e+01    -3.6871e+01   +2.6496e-04  |      ---           ---           ---     
n=04:                                3.2445e+03    -1.4247e+02   +1.2285e-05  |      ---           ---           ---     
n=05:                                1.9576e+04    -1.5572e+04   +1.6114e-05  |      ---           ---           ---     
n=06:                                4.0464e+07    +4.1428e+06   -5.1443e-05  |      ---           ---           ---     
