--- multipoles on reference trajectory (rz > 0) ---
effective_length:                   433.9957688675433 mm
perpendicular_grid:                 41 points in [-10.000000,+10.000000] mm
max_fitting_error_normal            0.026/6062.756 G/G
max_fitting_error_skew              317.691/317.691 G/G
r0_for_relative_multipoles          12 mm
main_monomial                       n = 0, skew:False
                                       Nn(s=0)      Integ_Nn     Nn/N0(@r0)   |    Sn(s=0)      Integ_Sn     Sn/S0(@r0)  
<multipole_order n>                    [T/m^n]      [T.m/m^n]        []       |    [T/m^n]      [T.m/m^n]        []      
n=00:                                5.2483e-01    -2.2777e-01   +1.0000e+00  |      ---           ---           ---     
n=01:                                6.9100e+00    +3.0617e+00   -1.6131e-01  |      ---           ---           ---     
n=02:                                4.0681e+00    +7.6856e-01   -4.8589e-04  |      ---           ---           ---     
n=03:                                4.2950e+01    -3.8963e+01   +2.9559e-04  |      ---           ---           ---     
n=04:                                1.6119e+04    +3.2945e+02   -2.9992e-05  |      ---           ---           ---     
n=05:                                1.1214e+04    +4.7722e+04   -5.2135e-05  |      ---           ---           ---     
n=06:                                8.2540e+07    -2.4572e+06   +3.2212e-05  |      ---           ---           ---     
