--- multipoles on reference trajectory (rz > 0) ---
effective_length:                   434.6058073879058 mm
perpendicular_grid:                 41 points in [-10.000000,+10.000000] mm
max_fitting_error_normal            0.061/6401.213 G/G
max_fitting_error_skew              343.945/343.945 G/G
r0_for_relative_multipoles          12 mm
main_monomial                       n = 0, skew:False
                                       Nn(s=0)      Integ_Nn     Nn/N0(@r0)   |    Sn(s=0)      Integ_Sn     Sn/S0(@r0)  
<multipole_order n>                    [T/m^n]      [T.m/m^n]        []       |    [T/m^n]      [T.m/m^n]        []      
n=00:                                5.5362e-01    -2.4061e-01   +1.0000e+00  |      ---           ---           ---     
n=01:                                7.2600e+00    +3.2237e+00   -1.6078e-01  |      ---           ---           ---     
n=02:                                4.7253e+00    +9.4185e-01   -5.6369e-04  |      ---           ---           ---     
n=03:                                4.7394e+00    -4.2625e+01   +3.0613e-04  |      ---           ---           ---     
n=04:                                1.9108e+04    +2.7704e+03   -2.3876e-04  |      ---           ---           ---     
n=05:                                3.2942e+05    +1.2181e+05   -1.2598e-04  |      ---           ---           ---     
n=06:                                1.3684e+08    -2.2769e+07   +2.8257e-04  |      ---           ---           ---     
