--- multipoles on reference trajectory (rz > 0) ---
effective_length:                   434.96004181435757 mm
perpendicular_grid:                 41 points in [-10.000000,+10.000000] mm
max_fitting_error_normal            0.050/5731.317 G/G
max_fitting_error_skew              373.915/373.915 G/G
r0_for_relative_multipoles          12 mm
main_monomial                       n = 0, skew:False
                                       Nn(s=0)      Integ_Nn     Nn/N0(@r0)   |    Sn(s=0)      Integ_Sn     Sn/S0(@r0)  
<multipole_order n>                    [T/m^n]      [T.m/m^n]        []       |    [T/m^n]      [T.m/m^n]        []      
n=00:                                5.7797e-01    -2.5139e-01   +1.0000e+00  |      ---           ---           ---     
n=01:                                7.6072e+00    +3.3770e+00   -1.6120e-01  |      ---           ---           ---     
n=02:                                4.8682e+00    +1.0796e+00   -6.1842e-04  |      ---           ---           ---     
n=03:                                1.8169e+02    -6.8187e+01   +4.6869e-04  |      ---           ---           ---     
n=04:                                1.5499e+03    -3.0780e+03   +2.5389e-04  |      ---           ---           ---     
n=05:                                7.6094e+05    +1.6746e+05   -1.6575e-04  |      ---           ---           ---     
n=06:                                4.4372e+07    +1.8560e+07   -2.2045e-04  |      ---           ---           ---     
