--- multipoles on reference trajectory (rz > 0) ---
effective_length:                   436.01857747583716 mm
perpendicular_grid:                 41 points in [-10.000000,+10.000000] mm
max_fitting_error_normal            0.041/3303.566 G/G
max_fitting_error_skew              353.734/353.734 G/G
r0_for_relative_multipoles          12 mm
main_monomial                       n = 0, skew:False
                                       Nn(s=0)      Integ_Nn     Nn/N0(@r0)   |    Sn(s=0)      Integ_Sn     Sn/S0(@r0)  
<multipole_order n>                    [T/m^n]      [T.m/m^n]        []       |    [T/m^n]      [T.m/m^n]        []      
n=00:                                5.5497e-01    -2.4198e-01   +1.0000e+00  |      ---           ---           ---     
n=01:                                7.2493e+00    +3.2347e+00   -1.6041e-01  |      ---           ---           ---     
n=02:                                5.8120e+00    +7.3304e-01   -4.3623e-04  |      ---           ---           ---     
n=03:                                1.1363e+02    -3.6725e+01   +2.6226e-04  |      ---           ---           ---     
n=04:                                7.2830e+03    +2.6218e+03   -2.2467e-04  |      ---           ---           ---     
n=05:                                2.4909e+05    -2.0505e+04   +2.1086e-05  |      ---           ---           ---     
n=06:                                5.5193e+07    -1.3960e+07   +1.7227e-04  |      ---           ---           ---     
