--- multipoles on reference trajectory (rz > 0) ---
effective_length:                   434.6704234245195 mm
perpendicular_grid:                 41 points in [-10.000000,+10.000000] mm
max_fitting_error_normal            0.051/3441.138 G/G
max_fitting_error_skew              336.342/336.342 G/G
r0_for_relative_multipoles          12 mm
main_monomial                       n = 0, skew:False
                                       Nn(s=0)      Integ_Nn     Nn/N0(@r0)   |    Sn(s=0)      Integ_Sn     Sn/S0(@r0)  
<multipole_order n>                    [T/m^n]      [T.m/m^n]        []       |    [T/m^n]      [T.m/m^n]        []      
n=00:                                5.5455e-01    -2.4105e-01   +1.0000e+00  |      ---           ---           ---     
n=01:                                7.2723e+00    +3.2258e+00   -1.6059e-01  |      ---           ---           ---     
n=02:                                6.4148e+00    +9.5137e-01   -5.6834e-04  |      ---           ---           ---     
n=03:                                1.5924e+01    -1.7970e+01   +1.2882e-04  |      ---           ---           ---     
n=04:                                2.7588e+04    -1.6226e+03   +1.3958e-04  |      ---           ---           ---     
n=05:                                1.9068e+05    -7.5267e+04   +7.7698e-05  |      ---           ---           ---     
n=06:                                1.6106e+08    +6.4416e+06   -7.9796e-05  |      ---           ---           ---     
