--- multipoles on reference trajectory (rz > 0) ---
effective_length:                   433.9464453746762 mm
perpendicular_grid:                 41 points in [-10.000000,+10.000000] mm
max_fitting_error_normal            0.058/6693.867 G/G
max_fitting_error_skew              355.610/355.610 G/G
r0_for_relative_multipoles          12 mm
main_monomial                       n = 0, skew:False
                                       Nn(s=0)      Integ_Nn     Nn/N0(@r0)   |    Sn(s=0)      Integ_Sn     Sn/S0(@r0)  
<multipole_order n>                    [T/m^n]      [T.m/m^n]        []       |    [T/m^n]      [T.m/m^n]        []      
n=00:                                5.7895e-01    -2.5123e-01   +1.0000e+00  |      ---           ---           ---     
n=01:                                7.5934e+00    +3.3716e+00   -1.6104e-01  |      ---           ---           ---     
n=02:                                5.9832e+00    +9.9980e-01   -5.7306e-04  |      ---           ---           ---     
n=03:                                3.7563e+01    -3.2285e+01   +2.2206e-04  |      ---           ---           ---     
n=04:                                8.8498e+03    -3.1833e+03   +2.6274e-04  |      ---           ---           ---     
n=05:                                2.3827e+05    -5.0302e+04   +4.9821e-05  |      ---           ---           ---     
n=06:                                6.7120e+07    +2.0952e+07   -2.4902e-04  |      ---           ---           ---     
