--- multipoles on reference trajectory (rz > 0) ---
effective_length:                   436.67927583533617 mm
perpendicular_grid:                 41 points in [-10.000000,+10.000000] mm
max_fitting_error_normal            0.060/5103.369 G/G
max_fitting_error_skew              345.006/345.006 G/G
r0_for_relative_multipoles          12 mm
main_monomial                       n = 0, skew:False
                                       Nn(s=0)      Integ_Nn     Nn/N0(@r0)   |    Sn(s=0)      Integ_Sn     Sn/S0(@r0)  
<multipole_order n>                    [T/m^n]      [T.m/m^n]        []       |    [T/m^n]      [T.m/m^n]        []      
n=00:                                5.7617e-01    -2.5160e-01   +1.0000e+00  |      ---           ---           ---     
n=01:                                7.5412e+00    +3.3763e+00   -1.6103e-01  |      ---           ---           ---     
n=02:                                5.9779e+00    +8.9948e-01   -5.1481e-04  |      ---           ---           ---     
n=03:                                1.2608e+02    -5.5351e+01   +3.8015e-04  |      ---           ---           ---     
n=04:                                6.2224e+03    +1.0623e+03   -8.7549e-05  |      ---           ---           ---     
n=05:                                4.2936e+05    +1.0108e+05   -9.9969e-05  |      ---           ---           ---     
n=06:                                6.9856e+07    -4.1207e+06   +4.8904e-05  |      ---           ---           ---     
