--- multipoles on reference trajectory (rz > 0) ---
effective_length:                   435.0456593418798 mm
perpendicular_grid:                 41 points in [-10.000000,+10.000000] mm
max_fitting_error_normal            0.069/4852.558 G/G
max_fitting_error_skew              340.676/340.676 G/G
r0_for_relative_multipoles          12 mm
main_monomial                       n = 0, skew:False
                                       Nn(s=0)      Integ_Nn     Nn/N0(@r0)   |    Sn(s=0)      Integ_Sn     Sn/S0(@r0)  
<multipole_order n>                    [T/m^n]      [T.m/m^n]        []       |    [T/m^n]      [T.m/m^n]        []      
n=00:                                5.5057e-01    -2.3952e-01   +1.0000e+00  |      ---           ---           ---     
n=01:                                7.2411e+00    +3.2199e+00   -1.6132e-01  |      ---           ---           ---     
n=02:                                5.1455e+00    +8.3063e-01   -4.9937e-04  |      ---           ---           ---     
n=03:                                4.3151e+01    -4.5579e+01   +3.2883e-04  |      ---           ---           ---     
n=04:                                1.0916e+04    +2.2269e+03   -1.9279e-04  |      ---           ---           ---     
n=05:                                8.6448e+04    +1.1153e+05   -1.1586e-04  |      ---           ---           ---     
n=06:                                6.0138e+07    -1.7495e+07   +2.1810e-04  |      ---           ---           ---     
