--- multipoles on reference trajectory (rz > 0) ---
effective_length:                   435.6705254400579 mm
perpendicular_grid:                 41 points in [-10.000000,+10.000000] mm
max_fitting_error_normal            0.026/5819.698 G/G
max_fitting_error_skew              337.502/337.502 G/G
r0_for_relative_multipoles          12 mm
main_monomial                       n = 0, skew:False
                                       Nn(s=0)      Integ_Nn     Nn/N0(@r0)   |    Sn(s=0)      Integ_Sn     Sn/S0(@r0)  
<multipole_order n>                    [T/m^n]      [T.m/m^n]        []       |    [T/m^n]      [T.m/m^n]        []      
n=00:                                5.5522e-01    -2.4189e-01   +1.0000e+00  |      ---           ---           ---     
n=01:                                7.2702e+00    +3.2359e+00   -1.6053e-01  |      ---           ---           ---     
n=02:                                5.8798e+00    +1.1503e+00   -6.8479e-04  |      ---           ---           ---     
n=03:                                1.1818e+02    -3.3781e+01   +2.4132e-04  |      ---           ---           ---     
n=04:                                4.3839e+03    -1.9143e+03   +1.6410e-04  |      ---           ---           ---     
n=05:                                4.3933e+05    +1.4476e+04   -1.4891e-05  |      ---           ---           ---     
n=06:                                2.2944e+07    +8.8061e+06   -1.0870e-04  |      ---           ---           ---     
