--- multipoles on reference trajectory (rz > 0) ---
effective_length:                   436.00230449239433 mm
perpendicular_grid:                 41 points in [-10.000000,+10.000000] mm
max_fitting_error_normal            0.045/6407.711 G/G
max_fitting_error_skew              331.365/331.365 G/G
r0_for_relative_multipoles          12 mm
main_monomial                       n = 0, skew:False
                                       Nn(s=0)      Integ_Nn     Nn/N0(@r0)   |    Sn(s=0)      Integ_Sn     Sn/S0(@r0)  
<multipole_order n>                    [T/m^n]      [T.m/m^n]        []       |    [T/m^n]      [T.m/m^n]        []      
n=00:                                5.5210e-01    -2.4072e-01   +1.0000e+00  |      ---           ---           ---     
n=01:                                7.2012e+00    +3.2184e+00   -1.6044e-01  |      ---           ---           ---     
n=02:                                6.5881e+00    +1.1626e+00   -6.9549e-04  |      ---           ---           ---     
n=03:                                2.3253e+01    -9.2606e+00   +6.6477e-05  |      ---           ---           ---     
n=04:                                1.4072e+04    -4.9646e+03   +4.2766e-04  |      ---           ---           ---     
n=05:                                4.9625e+05    -1.4185e+05   +1.4664e-04  |      ---           ---           ---     
n=06:                                7.8108e+07    +2.8303e+07   -3.5109e-04  |      ---           ---           ---     
