--- multipoles on reference trajectory (rz > 0) ---
effective_length:                   434.45324844397055 mm
perpendicular_grid:                 41 points in [-10.000000,+10.000000] mm
max_fitting_error_normal            0.041/4620.851 G/G
max_fitting_error_skew              337.247/337.247 G/G
r0_for_relative_multipoles          12 mm
main_monomial                       n = 0, skew:False
                                       Nn(s=0)      Integ_Nn     Nn/N0(@r0)   |    Sn(s=0)      Integ_Sn     Sn/S0(@r0)  
<multipole_order n>                    [T/m^n]      [T.m/m^n]        []       |    [T/m^n]      [T.m/m^n]        []      
n=00:                                5.5343e-01    -2.4044e-01   +1.0000e+00  |      ---           ---           ---     
n=01:                                7.2555e+00    +3.2203e+00   -1.6072e-01  |      ---           ---           ---     
n=02:                                4.9922e+00    +9.0871e-01   -5.4423e-04  |      ---           ---           ---     
n=03:                                1.8638e+01    -1.4766e+01   +1.0612e-04  |      ---           ---           ---     
n=04:                                1.3581e+03    +5.1186e+01   -4.4144e-06  |      ---           ---           ---     
n=05:                                5.1326e+05    -1.2353e+05   +1.2785e-04  |      ---           ---           ---     
n=06:                                1.5497e+07    +2.4263e+06   -3.0132e-05  |      ---           ---           ---     
