--- multipoles on reference trajectory (rz > 0) ---
effective_length:                   436.90341798606494 mm
perpendicular_grid:                 41 points in [-10.000000,+10.000000] mm
max_fitting_error_normal            0.053/4078.690 G/G
max_fitting_error_skew              332.372/332.372 G/G
r0_for_relative_multipoles          12 mm
main_monomial                       n = 0, skew:False
                                       Nn(s=0)      Integ_Nn     Nn/N0(@r0)   |    Sn(s=0)      Integ_Sn     Sn/S0(@r0)  
<multipole_order n>                    [T/m^n]      [T.m/m^n]        []       |    [T/m^n]      [T.m/m^n]        []      
n=00:                                5.4901e-01    -2.3986e-01   +1.0000e+00  |      ---           ---           ---     
n=01:                                7.1891e+00    +3.2205e+00   -1.6112e-01  |      ---           ---           ---     
n=02:                                6.1221e+00    +8.7533e-01   -5.2550e-04  |      ---           ---           ---     
n=03:                                8.4328e+01    -2.7047e+01   +1.9485e-04  |      ---           ---           ---     
n=04:                                1.2416e+04    -1.2892e+03   +1.1145e-04  |      ---           ---           ---     
n=05:                                1.7875e+05    -2.9960e+04   +3.1080e-05  |      ---           ---           ---     
n=06:                                8.0942e+07    +7.8858e+06   -9.8168e-05  |      ---           ---           ---     
