--- multipoles on reference trajectory (rz > 0) ---
effective_length:                   434.1267006695255 mm
perpendicular_grid:                 41 points in [-10.000000,+10.000000] mm
max_fitting_error_normal            0.045/4164.362 G/G
max_fitting_error_skew              320.467/320.467 G/G
r0_for_relative_multipoles          12 mm
main_monomial                       n = 0, skew:False
                                       Nn(s=0)      Integ_Nn     Nn/N0(@r0)   |    Sn(s=0)      Integ_Sn     Sn/S0(@r0)  
<multipole_order n>                    [T/m^n]      [T.m/m^n]        []       |    [T/m^n]      [T.m/m^n]        []      
n=00:                                5.2627e-01    -2.2847e-01   +1.0000e+00  |      ---           ---           ---     
n=01:                                6.9065e+00    +3.0626e+00   -1.6086e-01  |      ---           ---           ---     
n=02:                                4.3788e+00    +8.9481e-01   -5.6399e-04  |      ---           ---           ---     
n=03:                                5.5810e+01    -2.1259e+01   +1.6079e-04  |      ---           ---           ---     
n=04:                                1.3734e+04    +6.8601e+02   -6.2264e-05  |      ---           ---           ---     
n=05:                                1.1388e+05    -4.5454e+04   +4.9506e-05  |      ---           ---           ---     
n=06:                                7.2520e+07    -4.2541e+06   +5.5600e-05  |      ---           ---           ---     
