--- multipoles on reference trajectory (rz > 0) ---
effective_length:                   435.94327051517797 mm
perpendicular_grid:                 41 points in [-10.000000,+10.000000] mm
max_fitting_error_normal            0.052/5009.976 G/G
max_fitting_error_skew              350.140/350.140 G/G
r0_for_relative_multipoles          12 mm
main_monomial                       n = 0, skew:False
                                       Nn(s=0)      Integ_Nn     Nn/N0(@r0)   |    Sn(s=0)      Integ_Sn     Sn/S0(@r0)  
<multipole_order n>                    [T/m^n]      [T.m/m^n]        []       |    [T/m^n]      [T.m/m^n]        []      
n=00:                                5.7733e-01    -2.5168e-01   +1.0000e+00  |      ---           ---           ---     
n=01:                                7.5784e+00    +3.3787e+00   -1.6109e-01  |      ---           ---           ---     
n=02:                                7.0243e+00    +1.3242e+00   -7.5764e-04  |      ---           ---           ---     
n=03:                                1.5321e+02    -4.1486e+01   +2.8483e-04  |      ---           ---           ---     
n=04:                                1.9599e+04    -4.6626e+03   +3.8414e-04  |      ---           ---           ---     
n=05:                                7.2771e+05    +7.5317e+04   -7.4464e-05  |      ---           ---           ---     
n=06:                                1.3107e+08    +2.6942e+07   -3.1964e-04  |      ---           ---           ---     
