--- multipoles on reference trajectory (rz > 0) ---
effective_length:                   435.1446147494332 mm
perpendicular_grid:                 41 points in [-10.000000,+10.000000] mm
max_fitting_error_normal            0.041/5028.407 G/G
max_fitting_error_skew              359.876/359.876 G/G
r0_for_relative_multipoles          12 mm
main_monomial                       n = 0, skew:False
                                       Nn(s=0)      Integ_Nn     Nn/N0(@r0)   |    Sn(s=0)      Integ_Sn     Sn/S0(@r0)  
<multipole_order n>                    [T/m^n]      [T.m/m^n]        []       |    [T/m^n]      [T.m/m^n]        []      
n=00:                                5.7798e-01    -2.5150e-01   +1.0000e+00  |      ---           ---           ---     
n=01:                                7.5870e+00    +3.3776e+00   -1.6116e-01  |      ---           ---           ---     
n=02:                                4.9801e+00    +1.0412e+00   -5.9612e-04  |      ---           ---           ---     
n=03:                                3.7328e+00    -1.5616e+01   +1.0729e-04  |      ---           ---           ---     
n=04:                                2.5184e+04    +1.3390e+03   -1.1040e-04  |      ---           ---           ---     
n=05:                                3.6425e+05    -8.7857e+04   +8.6924e-05  |      ---           ---           ---     
n=06:                                1.5572e+08    -1.0980e+07   +1.3035e-04  |      ---           ---           ---     
