--- multipoles on reference trajectory (rz > 0) ---
effective_length:                   434.0318705688788 mm
perpendicular_grid:                 41 points in [-10.000000,+10.000000] mm
max_fitting_error_normal            0.024/6405.546 G/G
max_fitting_error_skew              335.904/335.904 G/G
r0_for_relative_multipoles          12 mm
main_monomial                       n = 0, skew:False
                                       Nn(s=0)      Integ_Nn     Nn/N0(@r0)   |    Sn(s=0)      Integ_Sn     Sn/S0(@r0)  
<multipole_order n>                    [T/m^n]      [T.m/m^n]        []       |    [T/m^n]      [T.m/m^n]        []      
n=00:                                5.5433e-01    -2.4060e-01   +1.0000e+00  |      ---           ---           ---     
n=01:                                7.2887e+00    +3.2309e+00   -1.6115e-01  |      ---           ---           ---     
n=02:                                6.0674e+00    +1.1147e+00   -6.6719e-04  |      ---           ---           ---     
n=03:                                1.8183e+01    -2.2549e+01   +1.6195e-04  |      ---           ---           ---     
n=04:                                1.2554e+04    -3.5204e+03   +3.0341e-04  |      ---           ---           ---     
n=05:                                4.3145e+05    -4.7643e+04   +4.9274e-05  |      ---           ---           ---     
n=06:                                7.2855e+07    +1.6253e+07   -2.0171e-04  |      ---           ---           ---     
