--- multipoles on reference trajectory (rz > 0) ---
effective_length:                   433.7902668385265 mm
perpendicular_grid:                 41 points in [-10.000000,+10.000000] mm
max_fitting_error_normal            0.063/6399.114 G/G
max_fitting_error_skew              333.563/333.563 G/G
r0_for_relative_multipoles          12 mm
main_monomial                       n = 0, skew:False
                                       Nn(s=0)      Integ_Nn     Nn/N0(@r0)   |    Sn(s=0)      Integ_Sn     Sn/S0(@r0)  
<multipole_order n>                    [T/m^n]      [T.m/m^n]        []       |    [T/m^n]      [T.m/m^n]        []      
n=00:                                5.5418e-01    -2.4040e-01   +1.0000e+00  |      ---           ---           ---     
n=01:                                7.2860e+00    +3.2158e+00   -1.6052e-01  |      ---           ---           ---     
n=02:                                3.2802e+00    +6.8314e-01   -4.0920e-04  |      ---           ---           ---     
n=03:                                9.6542e+01    -6.5515e+01   +4.7092e-04  |      ---           ---           ---     
n=04:                                2.4859e+04    +4.4611e+03   -3.8480e-04  |      ---           ---           ---     
n=05:                                1.8394e+05    +2.0808e+05   -2.1538e-04  |      ---           ---           ---     
n=06:                                1.4280e+08    -2.8790e+07   +3.5760e-04  |      ---           ---           ---     
