--- multipoles on reference trajectory (rz > 0) ---
effective_length:                   435.0637106623763 mm
perpendicular_grid:                 41 points in [-10.000000,+10.000000] mm
max_fitting_error_normal            0.047/4545.740 G/G
max_fitting_error_skew              325.145/325.145 G/G
r0_for_relative_multipoles          12 mm
main_monomial                       n = 0, skew:False
                                       Nn(s=0)      Integ_Nn     Nn/N0(@r0)   |    Sn(s=0)      Integ_Sn     Sn/S0(@r0)  
<multipole_order n>                    [T/m^n]      [T.m/m^n]        []       |    [T/m^n]      [T.m/m^n]        []      
n=00:                                5.2393e-01    -2.2794e-01   +1.0000e+00  |      ---           ---           ---     
n=01:                                6.8908e+00    +3.0655e+00   -1.6138e-01  |      ---           ---           ---     
n=02:                                3.8460e+00    +7.4201e-01   -4.6875e-04  |      ---           ---           ---     
n=03:                                1.6767e+00    -3.0216e+01   +2.2906e-04  |      ---           ---           ---     
n=04:                                2.8323e+04    +3.8265e+03   -3.4809e-04  |      ---           ---           ---     
n=05:                                4.8054e+05    +8.1059e+03   -8.8486e-06  |      ---           ---           ---     
n=06:                                1.7354e+08    -2.4808e+07   +3.2498e-04  |      ---           ---           ---     
