--- multipoles on reference trajectory (rz > 0) ---
effective_length:                   434.60239151568123 mm
perpendicular_grid:                 41 points in [-10.000000,+10.000000] mm
max_fitting_error_normal            0.048/6401.707 G/G
max_fitting_error_skew              347.642/347.642 G/G
r0_for_relative_multipoles          12 mm
main_monomial                       n = 0, skew:False
                                       Nn(s=0)      Integ_Nn     Nn/N0(@r0)   |    Sn(s=0)      Integ_Sn     Sn/S0(@r0)  
<multipole_order n>                    [T/m^n]      [T.m/m^n]        []       |    [T/m^n]      [T.m/m^n]        []      
n=00:                                5.5378e-01    -2.4068e-01   +1.0000e+00  |      ---           ---           ---     
n=01:                                7.2867e+00    +3.2337e+00   -1.6123e-01  |      ---           ---           ---     
n=02:                                5.7310e+00    +1.1081e+00   -6.6302e-04  |      ---           ---           ---     
n=03:                                9.2632e+01    -2.5753e+01   +1.8490e-04  |      ---           ---           ---     
n=04:                                1.3547e+03    -1.1926e+03   +1.0275e-04  |      ---           ---           ---     
n=05:                                3.3106e+05    +1.7310e+04   -1.7897e-05  |      ---           ---           ---     
n=06:                                9.9947e+06    -1.6447e+06   +2.0405e-05  |      ---           ---           ---     
