--- multipoles on reference trajectory (rz > 0) ---
effective_length:                   436.03738157499606 mm
perpendicular_grid:                 41 points in [-10.000000,+10.000000] mm
max_fitting_error_normal            0.040/3274.204 G/G
max_fitting_error_skew              356.233/356.233 G/G
r0_for_relative_multipoles          12 mm
main_monomial                       n = 0, skew:False
                                       Nn(s=0)      Integ_Nn     Nn/N0(@r0)   |    Sn(s=0)      Integ_Sn     Sn/S0(@r0)  
<multipole_order n>                    [T/m^n]      [T.m/m^n]        []       |    [T/m^n]      [T.m/m^n]        []      
n=00:                                5.5389e-01    -2.4152e-01   +1.0000e+00  |      ---           ---           ---     
n=01:                                7.2332e+00    +3.2327e+00   -1.6062e-01  |      ---           ---           ---     
n=02:                                5.5571e+00    +8.2574e-01   -4.9233e-04  |      ---           ---           ---     
n=03:                                7.0901e+01    -2.0973e+01   +1.5006e-04  |      ---           ---           ---     
n=04:                                2.9653e+03    -8.0775e+02   +6.9351e-05  |      ---           ---           ---     
n=05:                                8.3961e+04    -4.7456e+04   +4.8893e-05  |      ---           ---           ---     
n=06:                                1.6990e+07    +4.0818e+06   -5.0464e-05  |      ---           ---           ---     
