--- multipoles on reference trajectory (rz > 0) ---
effective_length:                   435.56844746186346 mm
perpendicular_grid:                 41 points in [-10.000000,+10.000000] mm
max_fitting_error_normal            0.078/6691.350 G/G
max_fitting_error_skew              349.270/349.270 G/G
r0_for_relative_multipoles          12 mm
main_monomial                       n = 0, skew:False
                                       Nn(s=0)      Integ_Nn     Nn/N0(@r0)   |    Sn(s=0)      Integ_Sn     Sn/S0(@r0)  
<multipole_order n>                    [T/m^n]      [T.m/m^n]        []       |    [T/m^n]      [T.m/m^n]        []      
n=00:                                5.7689e-01    -2.5127e-01   +1.0000e+00  |      ---           ---           ---     
n=01:                                7.5792e+00    +3.3778e+00   -1.6131e-01  |      ---           ---           ---     
n=02:                                6.9797e+00    +1.2993e+00   -7.4458e-04  |      ---           ---           ---     
n=03:                                1.5549e+02    -2.5008e+01   +1.7198e-04  |      ---           ---           ---     
n=04:                                1.8774e+04    -3.4095e+03   +2.8137e-04  |      ---           ---           ---     
n=05:                                7.4938e+05    -5.9977e+04   +5.9394e-05  |      ---           ---           ---     
n=06:                                1.2603e+08    +1.7125e+07   -2.0350e-04  |      ---           ---           ---     
