--- multipoles on reference trajectory (rz > 0) ---
effective_length:                   435.3746497717957 mm
perpendicular_grid:                 41 points in [-10.000000,+10.000000] mm
max_fitting_error_normal            0.052/6718.880 G/G
max_fitting_error_skew              358.627/358.627 G/G
r0_for_relative_multipoles          12 mm
main_monomial                       n = 0, skew:False
                                       Nn(s=0)      Integ_Nn     Nn/N0(@r0)   |    Sn(s=0)      Integ_Sn     Sn/S0(@r0)  
<multipole_order n>                    [T/m^n]      [T.m/m^n]        []       |    [T/m^n]      [T.m/m^n]        []      
n=00:                                5.7997e-01    -2.5250e-01   +1.0000e+00  |      ---           ---           ---     
n=01:                                7.5835e+00    +3.3786e+00   -1.6056e-01  |      ---           ---           ---     
n=02:                                5.4527e+00    +1.0916e+00   -6.2253e-04  |      ---           ---           ---     
n=03:                                9.0271e+01    -2.9165e+01   +1.9959e-04  |      ---           ---           ---     
n=04:                                1.8589e+04    +1.6831e+03   -1.3822e-04  |      ---           ---           ---     
n=05:                                3.5227e+05    +5.9976e+04   -5.9104e-05  |      ---           ---           ---     
n=06:                                1.1858e+08    -1.1402e+07   +1.3483e-04  |      ---           ---           ---     
