--- multipoles on reference trajectory (rz > 0) ---
effective_length:                   435.8180830918546 mm
perpendicular_grid:                 41 points in [-10.000000,+10.000000] mm
max_fitting_error_normal            0.039/4854.433 G/G
max_fitting_error_skew              341.195/341.195 G/G
r0_for_relative_multipoles          12 mm
main_monomial                       n = 0, skew:False
                                       Nn(s=0)      Integ_Nn     Nn/N0(@r0)   |    Sn(s=0)      Integ_Sn     Sn/S0(@r0)  
<multipole_order n>                    [T/m^n]      [T.m/m^n]        []       |    [T/m^n]      [T.m/m^n]        []      
n=00:                                5.4988e-01    -2.3965e-01   +1.0000e+00  |      ---           ---           ---     
n=01:                                7.2235e+00    +3.2237e+00   -1.6142e-01  |      ---           ---           ---     
n=02:                                5.9429e+00    +9.3458e-01   -5.6158e-04  |      ---           ---           ---     
n=03:                                3.2149e+01    -2.5677e+00   +1.8515e-05  |      ---           ---           ---     
n=04:                                1.3336e+04    -1.0565e+03   +9.1419e-05  |      ---           ---           ---     
n=05:                                4.5408e+05    -1.3971e+05   +1.4506e-04  |      ---           ---           ---     
n=06:                                7.2309e+07    +4.7209e+06   -5.8822e-05  |      ---           ---           ---     
