--- multipoles on reference trajectory (rz > 0) ---
effective_length:                   436.6550805080152 mm
perpendicular_grid:                 41 points in [-10.000000,+10.000000] mm
max_fitting_error_normal            0.031/4859.844 G/G
max_fitting_error_skew              329.332/329.332 G/G
r0_for_relative_multipoles          12 mm
main_monomial                       n = 0, skew:False
                                       Nn(s=0)      Integ_Nn     Nn/N0(@r0)   |    Sn(s=0)      Integ_Sn     Sn/S0(@r0)  
<multipole_order n>                    [T/m^n]      [T.m/m^n]        []       |    [T/m^n]      [T.m/m^n]        []      
n=00:                                5.5085e-01    -2.4053e-01   +1.0000e+00  |      ---           ---           ---     
n=01:                                7.1928e+00    +3.2194e+00   -1.6062e-01  |      ---           ---           ---     
n=02:                                5.4848e+00    +8.8988e-01   -5.3275e-04  |      ---           ---           ---     
n=03:                                6.3549e+01    -3.0904e+01   +2.2201e-04  |      ---           ---           ---     
n=04:                                5.2313e+03    -2.6665e+03   +2.2988e-04  |      ---           ---           ---     
n=05:                                7.4322e+04    +2.3628e+02   -2.4444e-07  |      ---           ---           ---     
n=06:                                5.5275e+07    +1.8378e+07   -2.2814e-04  |      ---           ---           ---     
