--- multipoles on reference trajectory (rz > 0) ---
effective_length:                   435.7934877733243 mm
perpendicular_grid:                 41 points in [-10.000000,+10.000000] mm
max_fitting_error_normal            0.038/6071.222 G/G
max_fitting_error_skew              324.889/324.889 G/G
r0_for_relative_multipoles          12 mm
main_monomial                       n = 0, skew:False
                                       Nn(s=0)      Integ_Nn     Nn/N0(@r0)   |    Sn(s=0)      Integ_Sn     Sn/S0(@r0)  
<multipole_order n>                    [T/m^n]      [T.m/m^n]        []       |    [T/m^n]      [T.m/m^n]        []      
n=00:                                5.2444e-01    -2.2855e-01   +1.0000e+00  |      ---           ---           ---     
n=01:                                6.8761e+00    +3.0672e+00   -1.6104e-01  |      ---           ---           ---     
n=02:                                4.8997e+00    +9.0450e-01   -5.6989e-04  |      ---           ---           ---     
n=03:                                7.3664e+01    -4.3867e+01   +3.3167e-04  |      ---           ---           ---     
n=04:                                2.4217e+03    -2.2734e+02   +2.0626e-05  |      ---           ---           ---     
n=05:                                1.4638e+05    +9.3626e+04   -1.0193e-04  |      ---           ---           ---     
n=06:                                2.2224e+07    -3.2320e+05   +4.2225e-06  |      ---           ---           ---     
