--- multipoles on reference trajectory (rz > 0) ---
effective_length:                   435.02701968175364 mm
perpendicular_grid:                 41 points in [-10.000000,+10.000000] mm
max_fitting_error_normal            0.044/6080.697 G/G
max_fitting_error_skew              324.762/324.762 G/G
r0_for_relative_multipoles          12 mm
main_monomial                       n = 0, skew:False
                                       Nn(s=0)      Integ_Nn     Nn/N0(@r0)   |    Sn(s=0)      Integ_Sn     Sn/S0(@r0)  
<multipole_order n>                    [T/m^n]      [T.m/m^n]        []       |    [T/m^n]      [T.m/m^n]        []      
n=00:                                5.2571e-01    -2.2870e-01   +1.0000e+00  |      ---           ---           ---     
n=01:                                6.8907e+00    +3.0625e+00   -1.6069e-01  |      ---           ---           ---     
n=02:                                4.5685e+00    +8.9186e-01   -5.6155e-04  |      ---           ---           ---     
n=03:                                1.2734e+02    -4.8587e+01   +3.6711e-04  |      ---           ---           ---     
n=04:                                1.7278e+04    +1.6526e+02   -1.4984e-05  |      ---           ---           ---     
n=05:                                3.5892e+05    +8.4251e+04   -9.1668e-05  |      ---           ---           ---     
n=06:                                1.0681e+08    -5.9017e+06   +7.7055e-05  |      ---           ---           ---     
