--- multipoles on reference trajectory (rz > 0) ---
effective_length:                   433.92892440437396 mm
perpendicular_grid:                 41 points in [-10.000000,+10.000000] mm
max_fitting_error_normal            0.039/3209.844 G/G
max_fitting_error_skew              339.275/339.275 G/G
r0_for_relative_multipoles          12 mm
main_monomial                       n = 0, skew:False
                                       Nn(s=0)      Integ_Nn     Nn/N0(@r0)   |    Sn(s=0)      Integ_Sn     Sn/S0(@r0)  
<multipole_order n>                    [T/m^n]      [T.m/m^n]        []       |    [T/m^n]      [T.m/m^n]        []      
n=00:                                5.5318e-01    -2.4004e-01   +1.0000e+00  |      ---           ---           ---     
n=01:                                7.2465e+00    +3.2163e+00   -1.6079e-01  |      ---           ---           ---     
n=02:                                5.5186e+00    +9.0925e-01   -5.4545e-04  |      ---           ---           ---     
n=03:                                1.1675e+02    -4.8306e+01   +3.4775e-04  |      ---           ---           ---     
n=04:                                4.0807e+03    -1.3129e+02   +1.1341e-05  |      ---           ---           ---     
n=05:                                3.4507e+05    +7.0605e+04   -7.3190e-05  |      ---           ---           ---     
n=06:                                2.1460e+07    -3.9155e+06   +4.8707e-05  |      ---           ---           ---     
