--- multipoles on reference trajectory (rz > 0) ---
effective_length:                   435.5975404894527 mm
perpendicular_grid:                 41 points in [-10.000000,+10.000000] mm
max_fitting_error_normal            0.051/6721.880 G/G
max_fitting_error_skew              363.152/363.152 G/G
r0_for_relative_multipoles          12 mm
main_monomial                       n = 0, skew:False
                                       Nn(s=0)      Integ_Nn     Nn/N0(@r0)   |    Sn(s=0)      Integ_Sn     Sn/S0(@r0)  
<multipole_order n>                    [T/m^n]      [T.m/m^n]        []       |    [T/m^n]      [T.m/m^n]        []      
n=00:                                5.7980e-01    -2.5256e-01   +1.0000e+00  |      ---           ---           ---     
n=01:                                7.5999e+00    +3.3758e+00   -1.6040e-01  |      ---           ---           ---     
n=02:                                5.9223e+00    +1.2351e+00   -7.0422e-04  |      ---           ---           ---     
n=03:                                5.6485e+01    -2.9345e+01   +2.0078e-04  |      ---           ---           ---     
n=04:                                8.3160e+03    -7.2150e+02   +5.9238e-05  |      ---           ---           ---     
n=05:                                1.4718e+05    +4.3564e+04   -4.2921e-05  |      ---           ---           ---     
n=06:                                5.3740e+07    -7.8553e+05   +9.2873e-06  |      ---           ---           ---     
