--- multipoles on reference trajectory (rz > 0) ---
effective_length:                   435.63784919328384 mm
perpendicular_grid:                 41 points in [-10.000000,+10.000000] mm
max_fitting_error_normal            0.027/6415.617 G/G
max_fitting_error_skew              336.213/336.213 G/G
r0_for_relative_multipoles          12 mm
main_monomial                       n = 0, skew:False
                                       Nn(s=0)      Integ_Nn     Nn/N0(@r0)   |    Sn(s=0)      Integ_Sn     Sn/S0(@r0)  
<multipole_order n>                    [T/m^n]      [T.m/m^n]        []       |    [T/m^n]      [T.m/m^n]        []      
n=00:                                5.5295e-01    -2.4089e-01   +1.0000e+00  |      ---           ---           ---     
n=01:                                7.2738e+00    +3.2366e+00   -1.6124e-01  |      ---           ---           ---     
n=02:                                5.7289e+00    +1.1127e+00   -6.6516e-04  |      ---           ---           ---     
n=03:                                1.2113e+02    -3.5695e+01   +2.5606e-04  |      ---           ---           ---     
n=04:                                2.3295e+03    -1.7066e+03   +1.4691e-04  |      ---           ---           ---     
n=05:                                4.5861e+05    +2.5879e+04   -2.6733e-05  |      ---           ---           ---     
n=06:                                1.1722e+07    +7.3446e+06   -9.1043e-05  |      ---           ---           ---     
