--- multipoles on reference trajectory (rz > 0) ---
effective_length:                   433.76372789069364 mm
perpendicular_grid:                 41 points in [-10.000000,+10.000000] mm
max_fitting_error_normal            0.076/6693.016 G/G
max_fitting_error_skew              355.560/355.560 G/G
r0_for_relative_multipoles          12 mm
main_monomial                       n = 0, skew:False
                                       Nn(s=0)      Integ_Nn     Nn/N0(@r0)   |    Sn(s=0)      Integ_Sn     Sn/S0(@r0)  
<multipole_order n>                    [T/m^n]      [T.m/m^n]        []       |    [T/m^n]      [T.m/m^n]        []      
n=00:                                5.8016e-01    -2.5165e-01   +1.0000e+00  |      ---           ---           ---     
n=01:                                7.6364e+00    +3.3755e+00   -1.6096e-01  |      ---           ---           ---     
n=02:                                4.4286e+00    +7.9144e-01   -4.5288e-04  |      ---           ---           ---     
n=03:                                6.5044e+01    -3.7257e+01   +2.5583e-04  |      ---           ---           ---     
n=04:                                1.1744e+04    +5.6147e+03   -4.6265e-04  |      ---           ---           ---     
n=05:                                8.5032e+04    +4.6789e+04   -4.6265e-05  |      ---           ---           ---     
n=06:                                7.4209e+07    -3.9497e+07   +4.6865e-04  |      ---           ---           ---     
