--- multipoles on reference trajectory (rz > 0) ---
effective_length:                   435.9159256351352 mm
perpendicular_grid:                 41 points in [-10.000000,+10.000000] mm
max_fitting_error_normal            0.059/6378.079 G/G
max_fitting_error_skew              355.099/355.099 G/G
r0_for_relative_multipoles          12 mm
main_monomial                       n = 0, skew:False
                                       Nn(s=0)      Integ_Nn     Nn/N0(@r0)   |    Sn(s=0)      Integ_Sn     Sn/S0(@r0)  
<multipole_order n>                    [T/m^n]      [T.m/m^n]        []       |    [T/m^n]      [T.m/m^n]        []      
n=00:                                5.5032e-01    -2.3989e-01   +1.0000e+00  |      ---           ---           ---     
n=01:                                7.2088e+00    +3.2163e+00   -1.6089e-01  |      ---           ---           ---     
n=02:                                5.1363e+00    +6.3425e-01   -3.8072e-04  |      ---           ---           ---     
n=03:                                1.1357e+02    -5.0293e+01   +3.6227e-04  |      ---           ---           ---     
n=04:                                4.3445e+03    +2.1138e+03   -1.8271e-04  |      ---           ---           ---     
n=05:                                2.1006e+05    +8.9758e+04   -9.3103e-05  |      ---           ---           ---     
n=06:                                2.2583e+07    -1.5440e+07   +1.9218e-04  |      ---           ---           ---     
