--- multipoles on reference trajectory (rz > 0) ---
effective_length:                   434.5736398658206 mm
perpendicular_grid:                 41 points in [-10.000000,+10.000000] mm
max_fitting_error_normal            0.063/6377.002 G/G
max_fitting_error_skew              342.684/342.684 G/G
r0_for_relative_multipoles          12 mm
main_monomial                       n = 0, skew:False
                                       Nn(s=0)      Integ_Nn     Nn/N0(@r0)   |    Sn(s=0)      Integ_Sn     Sn/S0(@r0)  
<multipole_order n>                    [T/m^n]      [T.m/m^n]        []       |    [T/m^n]      [T.m/m^n]        []      
n=00:                                5.5134e-01    -2.3960e-01   +1.0000e+00  |      ---           ---           ---     
n=01:                                7.2631e+00    +3.2244e+00   -1.6149e-01  |      ---           ---           ---     
n=02:                                4.7735e+00    +8.8674e-01   -5.3293e-04  |      ---           ---           ---     
n=03:                                5.9308e+00    -4.0745e+01   +2.9386e-04  |      ---           ---           ---     
n=04:                                1.6827e+04    +3.5015e+03   -3.0304e-04  |      ---           ---           ---     
n=05:                                4.4831e+05    +9.6338e+04   -1.0005e-04  |      ---           ---           ---     
n=06:                                1.2298e+08    -2.7416e+07   +3.4167e-04  |      ---           ---           ---     
