--- multipoles on reference trajectory (rz > 0) ---
effective_length:                   435.83873264461204 mm
perpendicular_grid:                 41 points in [-10.000000,+10.000000] mm
max_fitting_error_normal            0.050/3626.435 G/G
max_fitting_error_skew              316.536/316.536 G/G
r0_for_relative_multipoles          12 mm
main_monomial                       n = 0, skew:False
                                       Nn(s=0)      Integ_Nn     Nn/N0(@r0)   |    Sn(s=0)      Integ_Sn     Sn/S0(@r0)  
<multipole_order n>                    [T/m^n]      [T.m/m^n]        []       |    [T/m^n]      [T.m/m^n]        []      
n=00:                                5.2334e-01    -2.2809e-01   +1.0000e+00  |      ---           ---           ---     
n=01:                                6.8837e+00    +3.0656e+00   -1.6128e-01  |      ---           ---           ---     
n=02:                                5.8700e+00    +1.1678e+00   -7.3725e-04  |      ---           ---           ---     
n=03:                                1.2685e+02    -3.5151e+01   +2.6630e-04  |      ---           ---           ---     
n=04:                                1.5573e+04    -6.5939e+03   +5.9945e-04  |      ---           ---           ---     
n=05:                                5.4307e+05    +7.2667e+04   -7.9274e-05  |      ---           ---           ---     
n=06:                                8.9544e+07    +3.5483e+07   -4.6452e-04  |      ---           ---           ---     
