--- multipoles on reference trajectory (rz > 0) ---
effective_length:                   435.07767394459904 mm
perpendicular_grid:                 41 points in [-10.000000,+10.000000] mm
max_fitting_error_normal            0.034/6399.785 G/G
max_fitting_error_skew              338.884/338.884 G/G
r0_for_relative_multipoles          12 mm
main_monomial                       n = 0, skew:False
                                       Nn(s=0)      Integ_Nn     Nn/N0(@r0)   |    Sn(s=0)      Integ_Sn     Sn/S0(@r0)  
<multipole_order n>                    [T/m^n]      [T.m/m^n]        []       |    [T/m^n]      [T.m/m^n]        []      
n=00:                                5.5311e-01    -2.4065e-01   +1.0000e+00  |      ---           ---           ---     
n=01:                                7.2312e+00    +3.2184e+00   -1.6049e-01  |      ---           ---           ---     
n=02:                                5.2533e+00    +9.8857e-01   -5.9155e-04  |      ---           ---           ---     
n=03:                                5.2931e+01    -1.2183e+01   +8.7482e-05  |      ---           ---           ---     
n=04:                                5.9698e+03    -2.3495e+03   +2.0245e-04  |      ---           ---           ---     
n=05:                                1.0321e+05    -1.0131e+05   +1.0476e-04  |      ---           ---           ---     
n=06:                                4.4427e+07    +1.3306e+07   -1.6511e-04  |      ---           ---           ---     
