--- multipoles on reference trajectory (rz > 0) ---
effective_length:                   435.73314000843305 mm
perpendicular_grid:                 41 points in [-10.000000,+10.000000] mm
max_fitting_error_normal            0.037/6719.289 G/G
max_fitting_error_skew              361.802/361.802 G/G
r0_for_relative_multipoles          12 mm
main_monomial                       n = 0, skew:False
                                       Nn(s=0)      Integ_Nn     Nn/N0(@r0)   |    Sn(s=0)      Integ_Sn     Sn/S0(@r0)  
<multipole_order n>                    [T/m^n]      [T.m/m^n]        []       |    [T/m^n]      [T.m/m^n]        []      
n=00:                                5.7958e-01    -2.5254e-01   +1.0000e+00  |      ---           ---           ---     
n=01:                                7.5762e+00    +3.3785e+00   -1.6054e-01  |      ---           ---           ---     
n=02:                                6.7010e+00    +1.0855e+00   -6.1896e-04  |      ---           ---           ---     
n=03:                                6.5738e+01    -4.0798e+01   +2.7916e-04  |      ---           ---           ---     
n=04:                                1.2817e+04    -1.2105e+02   +9.9391e-06  |      ---           ---           ---     
n=05:                                1.3855e+05    -1.3364e+04   +1.3168e-05  |      ---           ---           ---     
n=06:                                8.6090e+07    -1.3248e+06   +1.5664e-05  |      ---           ---           ---     
