--- multipoles on reference trajectory (rz > 0) ---
effective_length:                   436.9320709445273 mm
perpendicular_grid:                 41 points in [-10.000000,+10.000000] mm
max_fitting_error_normal            0.064/4117.025 G/G
max_fitting_error_skew              333.351/333.351 G/G
r0_for_relative_multipoles          12 mm
main_monomial                       n = 0, skew:False
                                       Nn(s=0)      Integ_Nn     Nn/N0(@r0)   |    Sn(s=0)      Integ_Sn     Sn/S0(@r0)  
<multipole_order n>                    [T/m^n]      [T.m/m^n]        []       |    [T/m^n]      [T.m/m^n]        []      
n=00:                                5.5068e-01    -2.4061e-01   +1.0000e+00  |      ---           ---           ---     
n=01:                                7.1863e+00    +3.2200e+00   -1.6059e-01  |      ---           ---           ---     
n=02:                                6.1998e+00    +8.9367e-01   -5.3484e-04  |      ---           ---           ---     
n=03:                                7.6877e+01    -2.6274e+01   +1.8869e-04  |      ---           ---           ---     
n=04:                                1.3333e+04    -1.2403e+03   +1.0689e-04  |      ---           ---           ---     
n=05:                                1.0937e+05    -3.6629e+04   +3.7881e-05  |      ---           ---           ---     
n=06:                                8.7154e+07    +7.8033e+06   -9.6839e-05  |      ---           ---           ---     
