--- multipoles on reference trajectory (rz > 0) ---
effective_length:                   435.45583872151116 mm
perpendicular_grid:                 41 points in [-10.000000,+10.000000] mm
max_fitting_error_normal            0.077/4885.146 G/G
max_fitting_error_skew              330.277/330.277 G/G
r0_for_relative_multipoles          12 mm
main_monomial                       n = 0, skew:False
                                       Nn(s=0)      Integ_Nn     Nn/N0(@r0)   |    Sn(s=0)      Integ_Sn     Sn/S0(@r0)  
<multipole_order n>                    [T/m^n]      [T.m/m^n]        []       |    [T/m^n]      [T.m/m^n]        []      
n=00:                                5.5416e-01    -2.4131e-01   +1.0000e+00  |      ---           ---           ---     
n=01:                                7.2746e+00    +3.2361e+00   -1.6093e-01  |      ---           ---           ---     
n=02:                                4.8870e+00    +6.8291e-01   -4.0751e-04  |      ---           ---           ---     
n=03:                                1.7522e+01    -1.4955e+01   +1.0709e-04  |      ---           ---           ---     
n=04:                                4.2825e+03    +2.7048e+03   -2.3242e-04  |      ---           ---           ---     
n=05:                                5.4243e+05    -1.5893e+05   +1.6388e-04  |      ---           ---           ---     
n=06:                                4.5152e+07    -1.2996e+07   +1.6081e-04  |      ---           ---           ---     
