--- multipoles on reference trajectory (rz > 0) ---
effective_length:                   435.85764292542854 mm
perpendicular_grid:                 41 points in [-10.000000,+10.000000] mm
max_fitting_error_normal            0.076/4076.924 G/G
max_fitting_error_skew              355.791/355.791 G/G
r0_for_relative_multipoles          12 mm
main_monomial                       n = 0, skew:False
                                       Nn(s=0)      Integ_Nn     Nn/N0(@r0)   |    Sn(s=0)      Integ_Sn     Sn/S0(@r0)  
<multipole_order n>                    [T/m^n]      [T.m/m^n]        []       |    [T/m^n]      [T.m/m^n]        []      
n=00:                                5.7888e-01    -2.5231e-01   +1.0000e+00  |      ---           ---           ---     
n=01:                                7.5481e+00    +3.3746e+00   -1.6050e-01  |      ---           ---           ---     
n=02:                                7.1222e+00    +1.0301e+00   -5.8788e-04  |      ---           ---           ---     
n=03:                                5.2898e+01    -7.7379e+00   +5.2995e-05  |      ---           ---           ---     
n=04:                                1.9056e+04    +1.2226e+03   -1.0048e-04  |      ---           ---           ---     
n=05:                                6.7763e+05    -1.5261e+05   +1.5051e-04  |      ---           ---           ---     
n=06:                                1.1713e+08    -6.2878e+06   +7.4414e-05  |      ---           ---           ---     
