--- multipoles on reference trajectory (rz > 0) ---
effective_length:                   435.8399695690421 mm
perpendicular_grid:                 41 points in [-10.000000,+10.000000] mm
max_fitting_error_normal            0.051/3626.775 G/G
max_fitting_error_skew              316.584/316.584 G/G
r0_for_relative_multipoles          12 mm
main_monomial                       n = 0, skew:False
                                       Nn(s=0)      Integ_Nn     Nn/N0(@r0)   |    Sn(s=0)      Integ_Sn     Sn/S0(@r0)  
<multipole_order n>                    [T/m^n]      [T.m/m^n]        []       |    [T/m^n]      [T.m/m^n]        []      
n=00:                                5.2342e-01    -2.2813e-01   +1.0000e+00  |      ---           ---           ---     
n=01:                                6.8835e+00    +3.0656e+00   -1.6125e-01  |      ---           ---           ---     
n=02:                                5.8767e+00    +1.1693e+00   -7.3810e-04  |      ---           ---           ---     
n=03:                                1.2636e+02    -3.4913e+01   +2.6445e-04  |      ---           ---           ---     
n=04:                                1.5681e+04    -6.6080e+03   +6.0064e-04  |      ---           ---           ---     
n=05:                                5.3931e+05    +7.0942e+04   -7.7379e-05  |      ---           ---           ---     
n=06:                                9.0174e+07    +3.5565e+07   -4.6551e-04  |      ---           ---           ---     
