--- multipoles on reference trajectory (rz > 0) ---
effective_length:                   435.66314316610635 mm
perpendicular_grid:                 41 points in [-10.000000,+10.000000] mm
max_fitting_error_normal            0.039/4862.219 G/G
max_fitting_error_skew              338.963/338.963 G/G
r0_for_relative_multipoles          12 mm
main_monomial                       n = 0, skew:False
                                       Nn(s=0)      Integ_Nn     Nn/N0(@r0)   |    Sn(s=0)      Integ_Sn     Sn/S0(@r0)  
<multipole_order n>                    [T/m^n]      [T.m/m^n]        []       |    [T/m^n]      [T.m/m^n]        []      
n=00:                                5.5201e-01    -2.4049e-01   +1.0000e+00  |      ---           ---           ---     
n=01:                                7.2420e+00    +3.2349e+00   -1.6142e-01  |      ---           ---           ---     
n=02:                                5.7032e+00    +9.1588e-01   -5.4841e-04  |      ---           ---           ---     
n=03:                                3.6511e+01    -3.8481e+01   +2.7650e-04  |      ---           ---           ---     
n=04:                                4.4475e+03    -4.3258e+02   +3.7298e-05  |      ---           ---           ---     
n=05:                                2.9648e+05    +1.3330e+04   -1.3793e-05  |      ---           ---           ---     
n=06:                                4.4713e+07    +3.2253e+06   -4.0046e-05  |      ---           ---           ---     
