--- multipoles on reference trajectory (rz > 0) ---
effective_length:                   435.05655922924984 mm
perpendicular_grid:                 41 points in [-10.000000,+10.000000] mm
max_fitting_error_normal            0.038/6699.044 G/G
max_fitting_error_skew              360.745/360.745 G/G
r0_for_relative_multipoles          12 mm
main_monomial                       n = 0, skew:False
                                       Nn(s=0)      Integ_Nn     Nn/N0(@r0)   |    Sn(s=0)      Integ_Sn     Sn/S0(@r0)  
<multipole_order n>                    [T/m^n]      [T.m/m^n]        []       |    [T/m^n]      [T.m/m^n]        []      
n=00:                                5.7774e-01    -2.5135e-01   +1.0000e+00  |      ---           ---           ---     
n=01:                                7.5793e+00    +3.3744e+00   -1.6110e-01  |      ---           ---           ---     
n=02:                                6.6476e+00    +1.0549e+00   -6.0434e-04  |      ---           ---           ---     
n=03:                                7.3604e+01    -4.0927e+01   +2.8137e-04  |      ---           ---           ---     
n=04:                                1.2840e+04    -2.1184e+02   +1.7476e-05  |      ---           ---           ---     
n=05:                                6.2317e+04    -1.4524e+04   +1.4378e-05  |      ---           ---           ---     
n=06:                                8.5275e+07    -7.1979e+05   +8.5509e-06  |      ---           ---           ---     
