--- multipoles on reference trajectory (rz > 0) ---
effective_length:                   435.27741540930305 mm
perpendicular_grid:                 41 points in [-10.000000,+10.000000] mm
max_fitting_error_normal            0.060/4899.513 G/G
max_fitting_error_skew              346.702/346.702 G/G
r0_for_relative_multipoles          12 mm
main_monomial                       n = 0, skew:False
                                       Nn(s=0)      Integ_Nn     Nn/N0(@r0)   |    Sn(s=0)      Integ_Sn     Sn/S0(@r0)  
<multipole_order n>                    [T/m^n]      [T.m/m^n]        []       |    [T/m^n]      [T.m/m^n]        []      
n=00:                                5.5488e-01    -2.4153e-01   +1.0000e+00  |      ---           ---           ---     
n=01:                                7.2535e+00    +3.2359e+00   -1.6077e-01  |      ---           ---           ---     
n=02:                                4.9107e+00    +1.0684e+00   -6.3698e-04  |      ---           ---           ---     
n=03:                                7.8879e+01    -8.0052e+00   +5.7273e-05  |      ---           ---           ---     
n=04:                                2.5766e+04    -1.0990e+03   +9.4357e-05  |      ---           ---           ---     
n=05:                                8.2307e+05    -7.8739e+04   +8.1121e-05  |      ---           ---           ---     
n=06:                                1.6920e+08    +1.6265e+06   -2.0108e-05  |      ---           ---           ---     
