--- multipoles on reference trajectory (rz > 0) ---
effective_length:                   436.99199961343083 mm
perpendicular_grid:                 41 points in [-10.000000,+10.000000] mm
max_fitting_error_normal            0.048/6397.625 G/G
max_fitting_error_skew              347.806/347.806 G/G
r0_for_relative_multipoles          12 mm
main_monomial                       n = 0, skew:False
                                       Nn(s=0)      Integ_Nn     Nn/N0(@r0)   |    Sn(s=0)      Integ_Sn     Sn/S0(@r0)  
<multipole_order n>                    [T/m^n]      [T.m/m^n]        []       |    [T/m^n]      [T.m/m^n]        []      
n=00:                                5.5211e-01    -2.4127e-01   +1.0000e+00  |      ---           ---           ---     
n=01:                                7.2097e+00    +3.2309e+00   -1.6070e-01  |      ---           ---           ---     
n=02:                                5.1548e+00    +8.8531e-01   -5.2839e-04  |      ---           ---           ---     
n=03:                                1.1340e+01    -3.8516e+01   +2.7586e-04  |      ---           ---           ---     
n=04:                                1.4372e+04    +2.5252e+03   -2.1703e-04  |      ---           ---           ---     
n=05:                                4.7899e+05    +4.8568e+04   -5.0091e-05  |      ---           ---           ---     
n=06:                                6.8499e+07    -1.5436e+07   +1.9104e-04  |      ---           ---           ---     
