--- multipoles on reference trajectory (rz > 0) ---
effective_length:                   434.65673182025574 mm
perpendicular_grid:                 41 points in [-10.000000,+10.000000] mm
max_fitting_error_normal            0.045/3127.566 G/G
max_fitting_error_skew              340.547/340.547 G/G
r0_for_relative_multipoles          12 mm
main_monomial                       n = 0, skew:False
                                       Nn(s=0)      Integ_Nn     Nn/N0(@r0)   |    Sn(s=0)      Integ_Sn     Sn/S0(@r0)  
<multipole_order n>                    [T/m^n]      [T.m/m^n]        []       |    [T/m^n]      [T.m/m^n]        []      
n=00:                                5.5417e-01    -2.4087e-01   +1.0000e+00  |      ---           ---           ---     
n=01:                                7.2920e+00    +3.2319e+00   -1.6101e-01  |      ---           ---           ---     
n=02:                                5.2739e+00    +1.0226e+00   -6.1131e-04  |      ---           ---           ---     
n=03:                                1.2186e+02    -5.5871e+01   +4.0081e-04  |      ---           ---           ---     
n=04:                                5.6965e+03    -1.7082e+03   +1.4706e-04  |      ---           ---           ---     
n=05:                                3.6359e+05    +1.5904e+05   -1.6429e-04  |      ---           ---           ---     
n=06:                                4.3083e+07    +5.5563e+06   -6.8878e-05  |      ---           ---           ---     
