--- multipoles on reference trajectory (rz > 0) ---
effective_length:                   434.9147486182319 mm
perpendicular_grid:                 41 points in [-10.000000,+10.000000] mm
max_fitting_error_normal            0.049/6408.016 G/G
max_fitting_error_skew              357.823/357.823 G/G
r0_for_relative_multipoles          12 mm
main_monomial                       n = 0, skew:False
                                       Nn(s=0)      Integ_Nn     Nn/N0(@r0)   |    Sn(s=0)      Integ_Sn     Sn/S0(@r0)  
<multipole_order n>                    [T/m^n]      [T.m/m^n]        []       |    [T/m^n]      [T.m/m^n]        []      
n=00:                                5.5382e-01    -2.4086e-01   +1.0000e+00  |      ---           ---           ---     
n=01:                                7.2838e+00    +3.2333e+00   -1.6108e-01  |      ---           ---           ---     
n=02:                                5.2980e+00    +1.0268e+00   -6.1386e-04  |      ---           ---           ---     
n=03:                                3.4528e+01    -2.3370e+01   +1.6766e-04  |      ---           ---           ---     
n=04:                                1.2091e+04    -3.9838e+03   +3.4297e-04  |      ---           ---           ---     
n=05:                                1.3103e+05    -9.1092e+04   +9.4106e-05  |      ---           ---           ---     
n=06:                                8.2179e+07    +2.4766e+07   -3.0703e-04  |      ---           ---           ---     
