--- multipoles on reference trajectory (rz > 0) ---
effective_length:                   435.1240106237419 mm
perpendicular_grid:                 41 points in [-10.000000,+10.000000] mm
max_fitting_error_normal            0.041/4876.660 G/G
max_fitting_error_skew              350.987/350.987 G/G
r0_for_relative_multipoles          12 mm
main_monomial                       n = 0, skew:False
                                       Nn(s=0)      Integ_Nn     Nn/N0(@r0)   |    Sn(s=0)      Integ_Sn     Sn/S0(@r0)  
<multipole_order n>                    [T/m^n]      [T.m/m^n]        []       |    [T/m^n]      [T.m/m^n]        []      
n=00:                                5.5335e-01    -2.4078e-01   +1.0000e+00  |      ---           ---           ---     
n=01:                                7.2574e+00    +3.2334e+00   -1.6115e-01  |      ---           ---           ---     
n=02:                                5.3541e+00    +8.9117e-01   -5.3298e-04  |      ---           ---           ---     
n=03:                                2.6711e+01    -2.9610e+01   +2.1251e-04  |      ---           ---           ---     
n=04:                                9.7491e+03    +1.0431e+02   -8.9837e-06  |      ---           ---           ---     
n=05:                                2.3471e+05    -2.0905e+04   +2.1604e-05  |      ---           ---           ---     
n=06:                                6.7780e+07    -2.1565e+06   +2.6744e-05  |      ---           ---           ---     
