--- multipoles on reference trajectory (rz > 0) ---
effective_length:                   435.71354138396725 mm
perpendicular_grid:                 41 points in [-10.000000,+10.000000] mm
max_fitting_error_normal            0.035/6717.931 G/G
max_fitting_error_skew              356.991/356.991 G/G
r0_for_relative_multipoles          12 mm
main_monomial                       n = 0, skew:False
                                       Nn(s=0)      Integ_Nn     Nn/N0(@r0)   |    Sn(s=0)      Integ_Sn     Sn/S0(@r0)  
<multipole_order n>                    [T/m^n]      [T.m/m^n]        []       |    [T/m^n]      [T.m/m^n]        []      
n=00:                                5.7922e-01    -2.5237e-01   +1.0000e+00  |      ---           ---           ---     
n=01:                                7.5681e+00    +3.3719e+00   -1.6033e-01  |      ---           ---           ---     
n=02:                                5.9737e+00    +9.4785e-01   -5.4083e-04  |      ---           ---           ---     
n=03:                                2.3719e+01    -1.8173e+01   +1.2443e-04  |      ---           ---           ---     
n=04:                                7.1310e+03    +4.3297e+02   -3.5574e-05  |      ---           ---           ---     
n=05:                                6.4084e+05    -1.5805e+05   +1.5583e-04  |      ---           ---           ---     
n=06:                                4.5197e+07    -1.0939e+06   +1.2942e-05  |      ---           ---           ---     
