--- multipoles on reference trajectory (rz > 0) ---
effective_length:                   435.6561598985533 mm
perpendicular_grid:                 41 points in [-10.000000,+10.000000] mm
max_fitting_error_normal            0.041/4880.295 G/G
max_fitting_error_skew              339.930/339.930 G/G
r0_for_relative_multipoles          12 mm
main_monomial                       n = 0, skew:False
                                       Nn(s=0)      Integ_Nn     Nn/N0(@r0)   |    Sn(s=0)      Integ_Sn     Sn/S0(@r0)  
<multipole_order n>                    [T/m^n]      [T.m/m^n]        []       |    [T/m^n]      [T.m/m^n]        []      
n=00:                                5.5230e-01    -2.4061e-01   +1.0000e+00  |      ---           ---           ---     
n=01:                                7.2558e+00    +3.2310e+00   -1.6114e-01  |      ---           ---           ---     
n=02:                                5.4900e+00    +8.8079e-01   -5.2712e-04  |      ---           ---           ---     
n=03:                                5.1354e+01    -1.2639e+01   +9.0766e-05  |      ---           ---           ---     
n=04:                                1.7485e+03    +7.2873e+02   -6.2802e-05  |      ---           ---           ---     
n=05:                                7.1306e+05    -1.1991e+05   +1.2401e-04  |      ---           ---           ---     
n=06:                                4.5710e+06    -7.1396e+06   +8.8602e-05  |      ---           ---           ---     
