--- multipoles on reference trajectory (rz > 0) ---
effective_length:                   434.60800935369684 mm
perpendicular_grid:                 41 points in [-10.000000,+10.000000] mm
max_fitting_error_normal            0.048/6406.283 G/G
max_fitting_error_skew              347.889/347.889 G/G
r0_for_relative_multipoles          12 mm
main_monomial                       n = 0, skew:False
                                       Nn(s=0)      Integ_Nn     Nn/N0(@r0)   |    Sn(s=0)      Integ_Sn     Sn/S0(@r0)  
<multipole_order n>                    [T/m^n]      [T.m/m^n]        []       |    [T/m^n]      [T.m/m^n]        []      
n=00:                                5.5421e-01    -2.4087e-01   +1.0000e+00  |      ---           ---           ---     
n=01:                                7.2860e+00    +3.2336e+00   -1.6110e-01  |      ---           ---           ---     
n=02:                                5.7515e+00    +1.1147e+00   -6.6640e-04  |      ---           ---           ---     
n=03:                                9.1956e+01    -2.5306e+01   +1.8155e-04  |      ---           ---           ---     
n=04:                                1.5971e+03    -1.2682e+03   +1.0918e-04  |      ---           ---           ---     
n=05:                                3.3091e+05    +1.6140e+04   -1.6674e-05  |      ---           ---           ---     
n=06:                                8.7882e+06    -1.0578e+06   +1.3114e-05  |      ---           ---           ---     
