--- multipoles on reference trajectory (rz > 0) ---
effective_length:                   434.6692310090348 mm
perpendicular_grid:                 41 points in [-10.000000,+10.000000] mm
max_fitting_error_normal            0.050/6066.808 G/G
max_fitting_error_skew              325.136/325.136 G/G
r0_for_relative_multipoles          12 mm
main_monomial                       n = 0, skew:False
                                       Nn(s=0)      Integ_Nn     Nn/N0(@r0)   |    Sn(s=0)      Integ_Sn     Sn/S0(@r0)  
<multipole_order n>                    [T/m^n]      [T.m/m^n]        []       |    [T/m^n]      [T.m/m^n]        []      
n=00:                                5.2382e-01    -2.2769e-01   +1.0000e+00  |      ---           ---           ---     
n=01:                                6.8833e+00    +3.0607e+00   -1.6131e-01  |      ---           ---           ---     
n=02:                                3.8808e+00    +7.8289e-01   -4.9514e-04  |      ---           ---           ---     
n=03:                                2.9301e+01    -3.5112e+01   +2.6648e-04  |      ---           ---           ---     
n=04:                                2.7527e+04    +2.8287e+03   -2.5761e-04  |      ---           ---           ---     
n=05:                                1.4496e+05    +8.7626e+04   -9.5764e-05  |      ---           ---           ---     
n=06:                                1.5496e+08    -1.8736e+07   +2.4572e-04  |      ---           ---           ---     
