--- multipoles on reference trajectory (rz > 0) ---
effective_length:                   434.2560867149928 mm
perpendicular_grid:                 41 points in [-10.000000,+10.000000] mm
max_fitting_error_normal            0.028/6724.046 G/G
max_fitting_error_skew              355.004/355.004 G/G
r0_for_relative_multipoles          12 mm
main_monomial                       n = 0, skew:False
                                       Nn(s=0)      Integ_Nn     Nn/N0(@r0)   |    Sn(s=0)      Integ_Sn     Sn/S0(@r0)  
<multipole_order n>                    [T/m^n]      [T.m/m^n]        []       |    [T/m^n]      [T.m/m^n]        []      
n=00:                                5.8122e-01    -2.5240e-01   +1.0000e+00  |      ---           ---           ---     
n=01:                                7.6035e+00    +3.3738e+00   -1.6040e-01  |      ---           ---           ---     
n=02:                                5.9140e+00    +1.2218e+00   -6.9710e-04  |      ---           ---           ---     
n=03:                                3.7633e+01    -1.5433e+01   +1.0566e-04  |      ---           ---           ---     
n=04:                                7.7253e+03    -1.0838e+02   +8.9041e-06  |      ---           ---           ---     
n=05:                                1.7346e+05    -6.1941e+04   +6.1066e-05  |      ---           ---           ---     
n=06:                                5.5395e+07    -5.6738e+06   +6.7124e-05  |      ---           ---           ---     
