--- multipoles on reference trajectory (rz > 0) ---
effective_length:                   435.3219137764704 mm
perpendicular_grid:                 41 points in [-10.000000,+10.000000] mm
max_fitting_error_normal            0.032/4852.597 G/G
max_fitting_error_skew              342.437/342.437 G/G
r0_for_relative_multipoles          12 mm
main_monomial                       n = 0, skew:False
                                       Nn(s=0)      Integ_Nn     Nn/N0(@r0)   |    Sn(s=0)      Integ_Sn     Sn/S0(@r0)  
<multipole_order n>                    [T/m^n]      [T.m/m^n]        []       |    [T/m^n]      [T.m/m^n]        []      
n=00:                                5.5072e-01    -2.3974e-01   +1.0000e+00  |      ---           ---           ---     
n=01:                                7.2345e+00    +3.2219e+00   -1.6127e-01  |      ---           ---           ---     
n=02:                                5.7678e+00    +1.1975e+00   -7.1931e-04  |      ---           ---           ---     
n=03:                                8.3221e+01    -3.2993e+01   +2.3781e-04  |      ---           ---           ---     
n=04:                                8.9453e+01    -2.8416e+03   +2.4578e-04  |      ---           ---           ---     
n=05:                                2.9635e+05    +7.8357e+04   -8.1328e-05  |      ---           ---           ---     
n=06:                                1.5854e+06    +1.0573e+07   -1.3168e-04  |      ---           ---           ---     
