--- multipoles on reference trajectory (rz > 0) ---
effective_length:                   436.6286482888167 mm
perpendicular_grid:                 41 points in [-10.000000,+10.000000] mm
max_fitting_error_normal            0.036/5205.214 G/G
max_fitting_error_skew              313.069/313.069 G/G
r0_for_relative_multipoles          12 mm
main_monomial                       n = 0, skew:False
                                       Nn(s=0)      Integ_Nn     Nn/N0(@r0)   |    Sn(s=0)      Integ_Sn     Sn/S0(@r0)  
<multipole_order n>                    [T/m^n]      [T.m/m^n]        []       |    [T/m^n]      [T.m/m^n]        []      
n=00:                                5.2434e-01    -2.2894e-01   +1.0000e+00  |      ---           ---           ---     
n=01:                                6.8460e+00    +3.0626e+00   -1.6052e-01  |      ---           ---           ---     
n=02:                                4.7797e+00    +8.9890e-01   -5.6539e-04  |      ---           ---           ---     
n=03:                                8.8259e+01    -3.9259e+01   +2.9632e-04  |      ---           ---           ---     
n=04:                                6.8538e+03    -1.7851e+03   +1.6168e-04  |      ---           ---           ---     
n=05:                                1.9280e+05    +3.9951e+04   -4.3422e-05  |      ---           ---           ---     
n=06:                                3.8830e+07    +7.0043e+06   -9.1353e-05  |      ---           ---           ---     
