--- multipoles on reference trajectory (rz > 0) ---
effective_length:                   435.97152271718704 mm
perpendicular_grid:                 41 points in [-10.000000,+10.000000] mm
max_fitting_error_normal            0.038/6385.528 G/G
max_fitting_error_skew              330.280/330.280 G/G
r0_for_relative_multipoles          12 mm
main_monomial                       n = 0, skew:False
                                       Nn(s=0)      Integ_Nn     Nn/N0(@r0)   |    Sn(s=0)      Integ_Sn     Sn/S0(@r0)  
<multipole_order n>                    [T/m^n]      [T.m/m^n]        []       |    [T/m^n]      [T.m/m^n]        []      
n=00:                                5.5028e-01    -2.3990e-01   +1.0000e+00  |      ---           ---           ---     
n=01:                                7.2045e+00    +3.2190e+00   -1.6101e-01  |      ---           ---           ---     
n=02:                                6.6110e+00    +1.1619e+00   -6.9743e-04  |      ---           ---           ---     
n=03:                                1.1877e+01    -1.2694e+01   +9.1434e-05  |      ---           ---           ---     
n=04:                                1.4984e+04    -5.3969e+03   +4.6648e-04  |      ---           ---           ---     
n=05:                                4.1095e+05    -1.1640e+05   +1.2073e-04  |      ---           ---           ---     
n=06:                                8.0896e+07    +3.0528e+07   -3.7997e-04  |      ---           ---           ---     
