--- multipoles on reference trajectory (rz > 0) ---
effective_length:                   433.43660182497393 mm
perpendicular_grid:                 41 points in [-10.000000,+10.000000] mm
max_fitting_error_normal            0.055/4883.742 G/G
max_fitting_error_skew              341.927/341.927 G/G
r0_for_relative_multipoles          12 mm
main_monomial                       n = 0, skew:False
                                       Nn(s=0)      Integ_Nn     Nn/N0(@r0)   |    Sn(s=0)      Integ_Sn     Sn/S0(@r0)  
<multipole_order n>                    [T/m^n]      [T.m/m^n]        []       |    [T/m^n]      [T.m/m^n]        []      
n=00:                                5.5549e-01    -2.4077e-01   +1.0000e+00  |      ---           ---           ---     
n=01:                                7.3158e+00    +3.2172e+00   -1.6034e-01  |      ---           ---           ---     
n=02:                                4.9704e+00    +1.0621e+00   -6.3522e-04  |      ---           ---           ---     
n=03:                                1.3455e+02    -4.0286e+01   +2.8913e-04  |      ---           ---           ---     
n=04:                                1.8899e+04    -4.7870e+03   +4.1227e-04  |      ---           ---           ---     
n=05:                                4.5583e+05    +1.3589e+04   -1.4044e-05  |      ---           ---           ---     
n=06:                                1.1200e+08    +2.5850e+07   -3.2058e-04  |      ---           ---           ---     
