--- multipoles on reference trajectory (rz > 0) ---
effective_length:                   434.5975816142983 mm
perpendicular_grid:                 41 points in [-10.000000,+10.000000] mm
max_fitting_error_normal            0.062/6395.023 G/G
max_fitting_error_skew              343.623/343.623 G/G
r0_for_relative_multipoles          12 mm
main_monomial                       n = 0, skew:False
                                       Nn(s=0)      Integ_Nn     Nn/N0(@r0)   |    Sn(s=0)      Integ_Sn     Sn/S0(@r0)  
<multipole_order n>                    [T/m^n]      [T.m/m^n]        []       |    [T/m^n]      [T.m/m^n]        []      
n=00:                                5.5304e-01    -2.4035e-01   +1.0000e+00  |      ---           ---           ---     
n=01:                                7.2608e+00    +3.2239e+00   -1.6096e-01  |      ---           ---           ---     
n=02:                                4.7340e+00    +9.2714e-01   -5.5548e-04  |      ---           ---           ---     
n=03:                                1.8581e+00    -4.2202e+01   +3.0341e-04  |      ---           ---           ---     
n=04:                                1.8637e+04    +2.9774e+03   -2.5688e-04  |      ---           ---           ---     
n=05:                                3.6105e+05    +1.1582e+05   -1.1991e-04  |      ---           ---           ---     
n=06:                                1.3407e+08    -2.4093e+07   +2.9933e-04  |      ---           ---           ---     
