--- multipoles on reference trajectory (rz > 0) ---
effective_length:                   436.6276289835334 mm
perpendicular_grid:                 41 points in [-10.000000,+10.000000] mm
max_fitting_error_normal            0.051/4955.521 G/G
max_fitting_error_skew              344.174/344.174 G/G
r0_for_relative_multipoles          12 mm
main_monomial                       n = 0, skew:False
                                       Nn(s=0)      Integ_Nn     Nn/N0(@r0)   |    Sn(s=0)      Integ_Sn     Sn/S0(@r0)  
<multipole_order n>                    [T/m^n]      [T.m/m^n]        []       |    [T/m^n]      [T.m/m^n]        []      
n=00:                                5.5415e-01    -2.4196e-01   +1.0000e+00  |      ---           ---           ---     
n=01:                                7.2289e+00    +3.2340e+00   -1.6039e-01  |      ---           ---           ---     
n=02:                                5.6030e+00    +8.4081e-01   -5.0041e-04  |      ---           ---           ---     
n=03:                                4.8521e+01    -1.8880e+01   +1.3484e-04  |      ---           ---           ---     
n=04:                                4.4252e+03    +2.4288e+03   -2.0815e-04  |      ---           ---           ---     
n=05:                                1.2780e+05    -8.6776e+04   +8.9242e-05  |      ---           ---           ---     
n=06:                                2.4831e+07    -1.6592e+07   +2.0476e-04  |      ---           ---           ---     
