--- multipoles on reference trajectory (rz > 0) ---
effective_length:                   435.68803644315057 mm
perpendicular_grid:                 41 points in [-10.000000,+10.000000] mm
max_fitting_error_normal            0.057/4878.662 G/G
max_fitting_error_skew              335.505/335.505 G/G
r0_for_relative_multipoles          12 mm
main_monomial                       n = 0, skew:False
                                       Nn(s=0)      Integ_Nn     Nn/N0(@r0)   |    Sn(s=0)      Integ_Sn     Sn/S0(@r0)  
<multipole_order n>                    [T/m^n]      [T.m/m^n]        []       |    [T/m^n]      [T.m/m^n]        []      
n=00:                                5.5301e-01    -2.4094e-01   +1.0000e+00  |      ---           ---           ---     
n=01:                                7.2450e+00    +3.2253e+00   -1.6064e-01  |      ---           ---           ---     
n=02:                                5.3483e+00    +9.9067e-01   -5.9208e-04  |      ---           ---           ---     
n=03:                                8.7344e+01    -2.9003e+01   +2.0801e-04  |      ---           ---           ---     
n=04:                                1.5114e+03    +3.7114e+02   -3.1941e-05  |      ---           ---           ---     
n=05:                                1.9793e+05    -3.1096e+04   +3.2114e-05  |      ---           ---           ---     
n=06:                                2.6450e+07    -3.4462e+06   +4.2709e-05  |      ---           ---           ---     
