--- multipoles on reference trajectory (rz > 0) ---
effective_length:                   436.46213321619587 mm
perpendicular_grid:                 41 points in [-10.000000,+10.000000] mm
max_fitting_error_normal            0.066/4528.552 G/G
max_fitting_error_skew              341.018/341.018 G/G
r0_for_relative_multipoles          12 mm
main_monomial                       n = 0, skew:False
                                       Nn(s=0)      Integ_Nn     Nn/N0(@r0)   |    Sn(s=0)      Integ_Sn     Sn/S0(@r0)  
<multipole_order n>                    [T/m^n]      [T.m/m^n]        []       |    [T/m^n]      [T.m/m^n]        []      
n=00:                                5.5252e-01    -2.4116e-01   +1.0000e+00  |      ---           ---           ---     
n=01:                                7.2412e+00    +3.2346e+00   -1.6095e-01  |      ---           ---           ---     
n=02:                                5.7102e+00    +9.0834e-01   -5.4239e-04  |      ---           ---           ---     
n=03:                                3.6227e+01    -2.0270e+01   +1.4525e-04  |      ---           ---           ---     
n=04:                                4.3114e+03    -4.4608e+02   +3.8356e-05  |      ---           ---           ---     
n=05:                                3.0532e+05    -1.5430e+05   +1.5922e-04  |      ---           ---           ---     
n=06:                                4.4466e+07    +3.2561e+06   -4.0316e-05  |      ---           ---           ---     
