--- multipoles on reference trajectory (rz > 0) ---
effective_length:                   435.86492046961627 mm
perpendicular_grid:                 41 points in [-10.000000,+10.000000] mm
max_fitting_error_normal            0.054/5089.146 G/G
max_fitting_error_skew              356.484/356.484 G/G
r0_for_relative_multipoles          12 mm
main_monomial                       n = 0, skew:False
                                       Nn(s=0)      Integ_Nn     Nn/N0(@r0)   |    Sn(s=0)      Integ_Sn     Sn/S0(@r0)  
<multipole_order n>                    [T/m^n]      [T.m/m^n]        []       |    [T/m^n]      [T.m/m^n]        []      
n=00:                                5.7697e-01    -2.5148e-01   +1.0000e+00  |      ---           ---           ---     
n=01:                                7.5448e+00    +3.3750e+00   -1.6104e-01  |      ---           ---           ---     
n=02:                                6.7137e+00    +1.0950e+00   -6.2700e-04  |      ---           ---           ---     
n=03:                                6.3035e+01    -3.8211e+01   +2.6256e-04  |      ---           ---           ---     
n=04:                                1.5068e+04    -3.5537e+03   +2.9302e-04  |      ---           ---           ---     
n=05:                                2.3491e+04    +4.2060e+03   -4.1617e-06  |      ---           ---           ---     
n=06:                                1.0760e+08    +2.4786e+07   -2.9430e-04  |      ---           ---           ---     
