--- multipoles on reference trajectory (rz > 0) ---
effective_length:                   435.40219792858875 mm
perpendicular_grid:                 41 points in [-10.000000,+10.000000] mm
max_fitting_error_normal            0.048/6687.026 G/G
max_fitting_error_skew              361.085/361.085 G/G
r0_for_relative_multipoles          12 mm
main_monomial                       n = 0, skew:False
                                       Nn(s=0)      Integ_Nn     Nn/N0(@r0)   |    Sn(s=0)      Integ_Sn     Sn/S0(@r0)  
<multipole_order n>                    [T/m^n]      [T.m/m^n]        []       |    [T/m^n]      [T.m/m^n]        []      
n=00:                                5.7737e-01    -2.5139e-01   +1.0000e+00  |      ---           ---           ---     
n=01:                                7.5815e+00    +3.3777e+00   -1.6123e-01  |      ---           ---           ---     
n=02:                                5.8791e+00    +1.1128e+00   -6.3742e-04  |      ---           ---           ---     
n=03:                                1.1076e+01    -2.3776e+01   +1.6343e-04  |      ---           ---           ---     
n=04:                                1.0635e+04    +1.1831e+03   -9.7592e-05  |      ---           ---           ---     
n=05:                                4.2863e+05    -1.5568e+04   +1.5410e-05  |      ---           ---           ---     
n=06:                                7.4946e+07    -1.2010e+07   +1.4265e-04  |      ---           ---           ---     
