--- multipoles on reference trajectory (rz > 0) ---
effective_length:                   435.50368552554124 mm
perpendicular_grid:                 41 points in [-10.000000,+10.000000] mm
max_fitting_error_normal            0.048/5101.740 G/G
max_fitting_error_skew              345.337/345.337 G/G
r0_for_relative_multipoles          12 mm
main_monomial                       n = 0, skew:False
                                       Nn(s=0)      Integ_Nn     Nn/N0(@r0)   |    Sn(s=0)      Integ_Sn     Sn/S0(@r0)  
<multipole_order n>                    [T/m^n]      [T.m/m^n]        []       |    [T/m^n]      [T.m/m^n]        []      
n=00:                                5.7879e-01    -2.5206e-01   +1.0000e+00  |      ---           ---           ---     
n=01:                                7.5869e+00    +3.3762e+00   -1.6073e-01  |      ---           ---           ---     
n=02:                                5.8928e+00    +1.2426e+00   -7.0986e-04  |      ---           ---           ---     
n=03:                                4.3176e+01    -9.7674e+00   +6.6959e-05  |      ---           ---           ---     
n=04:                                3.7202e+03    -4.7689e+03   +3.9231e-04  |      ---           ---           ---     
n=05:                                6.9470e+05    -1.5124e+05   +1.4930e-04  |      ---           ---           ---     
n=06:                                8.6038e+06    +2.3651e+07   -2.8018e-04  |      ---           ---           ---     
