--- multipoles on reference trajectory (rz > 0) ---
effective_length:                   435.99651243447215 mm
perpendicular_grid:                 41 points in [-10.000000,+10.000000] mm
max_fitting_error_normal            0.027/4539.203 G/G
max_fitting_error_skew              316.036/316.036 G/G
r0_for_relative_multipoles          12 mm
main_monomial                       n = 0, skew:False
                                       Nn(s=0)      Integ_Nn     Nn/N0(@r0)   |    Sn(s=0)      Integ_Sn     Sn/S0(@r0)  
<multipole_order n>                    [T/m^n]      [T.m/m^n]        []       |    [T/m^n]      [T.m/m^n]        []      
n=00:                                5.2311e-01    -2.2807e-01   +1.0000e+00  |      ---           ---           ---     
n=01:                                6.8759e+00    +3.0672e+00   -1.6138e-01  |      ---           ---           ---     
n=02:                                3.9866e+00    +7.6579e-01   -4.8350e-04  |      ---           ---           ---     
n=03:                                1.7288e+01    -3.9283e+01   +2.9762e-04  |      ---           ---           ---     
n=04:                                1.6333e+04    +5.3183e+01   -4.8353e-06  |      ---           ---           ---     
n=05:                                6.8673e+05    +1.3307e+04   -1.4519e-05  |      ---           ---           ---     
n=06:                                8.4492e+07    -2.8523e+06   +3.7342e-05  |      ---           ---           ---     
