--- multipoles on reference trajectory (rz > 0) ---
effective_length:                   434.3443042650138 mm
perpendicular_grid:                 41 points in [-10.000000,+10.000000] mm
max_fitting_error_normal            0.031/6691.276 G/G
max_fitting_error_skew              360.362/360.362 G/G
r0_for_relative_multipoles          12 mm
main_monomial                       n = 0, skew:False
                                       Nn(s=0)      Integ_Nn     Nn/N0(@r0)   |    Sn(s=0)      Integ_Sn     Sn/S0(@r0)  
<multipole_order n>                    [T/m^n]      [T.m/m^n]        []       |    [T/m^n]      [T.m/m^n]        []      
n=00:                                5.7889e-01    -2.5144e-01   +1.0000e+00  |      ---           ---           ---     
n=01:                                7.6139e+00    +3.3757e+00   -1.6111e-01  |      ---           ---           ---     
n=02:                                5.9882e+00    +1.2192e+00   -6.9822e-04  |      ---           ---           ---     
n=03:                                3.1125e+01    -2.9927e+01   +2.0568e-04  |      ---           ---           ---     
n=04:                                5.7884e+01    -1.9664e+03   +1.6217e-04  |      ---           ---           ---     
n=05:                                1.9875e+05    +1.7067e+04   -1.6890e-05  |      ---           ---           ---     
n=06:                                8.0582e+06    +7.2061e+06   -8.5576e-05  |      ---           ---           ---     
