--- multipoles on reference trajectory (rz > 0) ---
effective_length:                   436.5997185421728 mm
perpendicular_grid:                 41 points in [-10.000000,+10.000000] mm
max_fitting_error_normal            0.036/6066.438 G/G
max_fitting_error_skew              312.090/312.090 G/G
r0_for_relative_multipoles          12 mm
main_monomial                       n = 0, skew:False
                                       Nn(s=0)      Integ_Nn     Nn/N0(@r0)   |    Sn(s=0)      Integ_Sn     Sn/S0(@r0)  
<multipole_order n>                    [T/m^n]      [T.m/m^n]        []       |    [T/m^n]      [T.m/m^n]        []      
n=00:                                5.2260e-01    -2.2817e-01   +1.0000e+00  |      ---           ---           ---     
n=01:                                6.8484e+00    +3.0631e+00   -1.6110e-01  |      ---           ---           ---     
n=02:                                4.6987e+00    +8.6675e-01   -5.4702e-04  |      ---           ---           ---     
n=03:                                8.2960e+01    -4.0925e+01   +3.0994e-04  |      ---           ---           ---     
n=04:                                7.6290e+03    -1.6717e+03   +1.5193e-04  |      ---           ---           ---     
n=05:                                1.5190e+05    +4.9292e+04   -5.3757e-05  |      ---           ---           ---     
n=06:                                4.3456e+07    +6.5313e+06   -8.5474e-05  |      ---           ---           ---     
