--- multipoles on reference trajectory (rz > 0) ---
effective_length:                   433.4816359259631 mm
perpendicular_grid:                 41 points in [-10.000000,+10.000000] mm
max_fitting_error_normal            0.025/4857.287 G/G
max_fitting_error_skew              337.629/337.629 G/G
r0_for_relative_multipoles          12 mm
main_monomial                       n = 0, skew:False
                                       Nn(s=0)      Integ_Nn     Nn/N0(@r0)   |    Sn(s=0)      Integ_Sn     Sn/S0(@r0)  
<multipole_order n>                    [T/m^n]      [T.m/m^n]        []       |    [T/m^n]      [T.m/m^n]        []      
n=00:                                5.5255e-01    -2.3952e-01   +1.0000e+00  |      ---           ---           ---     
n=01:                                7.2797e+00    +3.2143e+00   -1.6104e-01  |      ---           ---           ---     
n=02:                                4.5430e+00    +7.3693e-01   -4.4304e-04  |      ---           ---           ---     
n=03:                                2.2021e+00    -1.3548e+01   +9.7742e-05  |      ---           ---           ---     
n=04:                                5.2235e+02    +1.7762e+03   -1.5377e-04  |      ---           ---           ---     
n=05:                                2.9691e+05    -1.0463e+05   +1.0870e-04  |      ---           ---           ---     
n=06:                                9.3403e+06    -1.2265e+07   +1.5290e-04  |      ---           ---           ---     
