--- multipoles on reference trajectory (rz > 0) ---
effective_length:                   434.4000484289943 mm
perpendicular_grid:                 41 points in [-10.000000,+10.000000] mm
max_fitting_error_normal            0.044/4864.592 G/G
max_fitting_error_skew              334.355/334.355 G/G
r0_for_relative_multipoles          12 mm
main_monomial                       n = 0, skew:False
                                       Nn(s=0)      Integ_Nn     Nn/N0(@r0)   |    Sn(s=0)      Integ_Sn     Sn/S0(@r0)  
<multipole_order n>                    [T/m^n]      [T.m/m^n]        []       |    [T/m^n]      [T.m/m^n]        []      
n=00:                                5.5063e-01    -2.3919e-01   +1.0000e+00  |      ---           ---           ---     
n=01:                                7.2234e+00    +3.2081e+00   -1.6095e-01  |      ---           ---           ---     
n=02:                                5.2865e+00    +8.0985e-01   -4.8755e-04  |      ---           ---           ---     
n=03:                                5.5611e+01    -2.1642e+01   +1.5635e-04  |      ---           ---           ---     
n=04:                                6.4867e+02    +1.2430e+03   -1.0776e-04  |      ---           ---           ---     
n=05:                                4.8926e+04    -9.2194e+04   +9.5909e-05  |      ---           ---           ---     
n=06:                                3.8935e+06    -9.5046e+06   +1.1865e-04  |      ---           ---           ---     
