--- multipoles on reference trajectory (rz > 0) ---
effective_length:                   433.32422122034825 mm
perpendicular_grid:                 41 points in [-10.000000,+10.000000] mm
max_fitting_error_normal            0.046/6412.748 G/G
max_fitting_error_skew              332.618/332.618 G/G
r0_for_relative_multipoles          12 mm
main_monomial                       n = 0, skew:False
                                       Nn(s=0)      Integ_Nn     Nn/N0(@r0)   |    Sn(s=0)      Integ_Sn     Sn/S0(@r0)  
<multipole_order n>                    [T/m^n]      [T.m/m^n]        []       |    [T/m^n]      [T.m/m^n]        []      
n=00:                                5.5533e-01    -2.4064e-01   +1.0000e+00  |      ---           ---           ---     
n=01:                                7.3251e+00    +3.2334e+00   -1.6124e-01  |      ---           ---           ---     
n=02:                                4.3254e+00    +1.0659e+00   -6.3783e-04  |      ---           ---           ---     
n=03:                                1.3522e+01    -4.0864e+01   +2.9344e-04  |      ---           ---           ---     
n=04:                                1.3682e+04    -2.6623e+03   +2.2941e-04  |      ---           ---           ---     
n=05:                                2.2504e+05    +5.0687e+04   -5.2413e-05  |      ---           ---           ---     
n=06:                                6.7194e+07    +1.6817e+07   -2.0867e-04  |      ---           ---           ---     
