--- multipoles on reference trajectory (rz > 0) ---
effective_length:                   434.40992825525126 mm
perpendicular_grid:                 41 points in [-10.000000,+10.000000] mm
max_fitting_error_normal            0.024/4559.365 G/G
max_fitting_error_skew              321.125/321.125 G/G
r0_for_relative_multipoles          12 mm
main_monomial                       n = 0, skew:False
                                       Nn(s=0)      Integ_Nn     Nn/N0(@r0)   |    Sn(s=0)      Integ_Sn     Sn/S0(@r0)  
<multipole_order n>                    [T/m^n]      [T.m/m^n]        []       |    [T/m^n]      [T.m/m^n]        []      
n=00:                                5.2547e-01    -2.2827e-01   +1.0000e+00  |      ---           ---           ---     
n=01:                                6.9332e+00    +3.0652e+00   -1.6114e-01  |      ---           ---           ---     
n=02:                                4.4672e+00    +9.8685e-01   -6.2254e-04  |      ---           ---           ---     
n=03:                                1.4572e+02    -4.4906e+01   +3.3994e-04  |      ---           ---           ---     
n=04:                                6.8175e+03    -3.3738e+03   +3.0648e-04  |      ---           ---           ---     
n=05:                                5.6613e+05    +9.2149e+04   -1.0045e-04  |      ---           ---           ---     
n=06:                                4.6133e+07    +1.7680e+07   -2.3127e-04  |      ---           ---           ---     
