--- multipoles on reference trajectory (rz > 0) ---
effective_length:                   435.1334398729543 mm
perpendicular_grid:                 41 points in [-10.000000,+10.000000] mm
max_fitting_error_normal            0.069/5122.666 G/G
max_fitting_error_skew              356.174/356.174 G/G
r0_for_relative_multipoles          12 mm
main_monomial                       n = 0, skew:False
                                       Nn(s=0)      Integ_Nn     Nn/N0(@r0)   |    Sn(s=0)      Integ_Sn     Sn/S0(@r0)  
<multipole_order n>                    [T/m^n]      [T.m/m^n]        []       |    [T/m^n]      [T.m/m^n]        []      
n=00:                                5.8034e-01    -2.5252e-01   +1.0000e+00  |      ---           ---           ---     
n=01:                                7.5827e+00    +3.3751e+00   -1.6039e-01  |      ---           ---           ---     
n=02:                                6.3029e+00    +1.0886e+00   -6.2078e-04  |      ---           ---           ---     
n=03:                                1.1118e+02    -2.2148e+01   +1.5156e-04  |      ---           ---           ---     
n=04:                                1.6915e+04    +6.8820e+01   -5.6512e-06  |      ---           ---           ---     
n=05:                                3.0428e+05    -1.3435e+05   +1.3238e-04  |      ---           ---           ---     
n=06:                                1.1801e+08    -1.7989e+06   +2.1271e-05  |      ---           ---           ---     
