--- multipoles on reference trajectory (rz > 0) ---
effective_length:                   434.8312110804425 mm
perpendicular_grid:                 41 points in [-10.000000,+10.000000] mm
max_fitting_error_normal            0.038/4884.361 G/G
max_fitting_error_skew              345.829/345.829 G/G
r0_for_relative_multipoles          12 mm
main_monomial                       n = 0, skew:False
                                       Nn(s=0)      Integ_Nn     Nn/N0(@r0)   |    Sn(s=0)      Integ_Sn     Sn/S0(@r0)  
<multipole_order n>                    [T/m^n]      [T.m/m^n]        []       |    [T/m^n]      [T.m/m^n]        []      
n=00:                                5.5361e-01    -2.4073e-01   +1.0000e+00  |      ---           ---           ---     
n=01:                                7.2504e+00    +3.2198e+00   -1.6050e-01  |      ---           ---           ---     
n=02:                                5.0401e+00    +7.7093e-01   -4.6116e-04  |      ---           ---           ---     
n=03:                                1.8880e+01    -9.9510e+00   +7.1430e-05  |      ---           ---           ---     
n=04:                                4.4751e+03    +4.1416e+03   -3.5675e-04  |      ---           ---           ---     
n=05:                                4.4285e+05    -1.2998e+05   +1.3436e-04  |      ---           ---           ---     
n=06:                                2.3946e+07    -2.0677e+07   +2.5648e-04  |      ---           ---           ---     
