--- multipoles on reference trajectory (rz > 0) ---
effective_length:                   435.8608756192546 mm
perpendicular_grid:                 41 points in [-10.000000,+10.000000] mm
max_fitting_error_normal            0.026/4897.122 G/G
max_fitting_error_skew              343.648/343.648 G/G
r0_for_relative_multipoles          12 mm
main_monomial                       n = 0, skew:False
                                       Nn(s=0)      Integ_Nn     Nn/N0(@r0)   |    Sn(s=0)      Integ_Sn     Sn/S0(@r0)  
<multipole_order n>                    [T/m^n]      [T.m/m^n]        []       |    [T/m^n]      [T.m/m^n]        []      
n=00:                                5.5399e-01    -2.4146e-01   +1.0000e+00  |      ---           ---           ---     
n=01:                                7.2532e+00    +3.2377e+00   -1.6091e-01  |      ---           ---           ---     
n=02:                                5.4219e+00    +9.5097e-01   -5.6712e-04  |      ---           ---           ---     
n=03:                                5.3223e+01    -2.2405e+00   +1.6034e-05  |      ---           ---           ---     
n=04:                                1.9583e+02    +8.0994e+02   -6.9554e-05  |      ---           ---           ---     
n=05:                                7.2511e+05    -1.6666e+05   +1.7175e-04  |      ---           ---           ---     
n=06:                                4.6200e+06    -7.0384e+06   +8.7038e-05  |      ---           ---           ---     
