--- multipoles on reference trajectory (rz > 0) ---
effective_length:                   436.23979315725364 mm
perpendicular_grid:                 41 points in [-10.000000,+10.000000] mm
max_fitting_error_normal            0.066/6376.865 G/G
max_fitting_error_skew              335.777/335.777 G/G
r0_for_relative_multipoles          12 mm
main_monomial                       n = 0, skew:False
                                       Nn(s=0)      Integ_Nn     Nn/N0(@r0)   |    Sn(s=0)      Integ_Sn     Sn/S0(@r0)  
<multipole_order n>                    [T/m^n]      [T.m/m^n]        []       |    [T/m^n]      [T.m/m^n]        []      
n=00:                                5.4952e-01    -2.3972e-01   +1.0000e+00  |      ---           ---           ---     
n=01:                                7.1883e+00    +3.2196e+00   -1.6117e-01  |      ---           ---           ---     
n=02:                                6.1472e+00    +9.6385e-01   -5.7898e-04  |      ---           ---           ---     
n=03:                                8.2116e+01    -9.8601e+00   +7.1075e-05  |      ---           ---           ---     
n=04:                                1.2732e+04    -3.3616e+03   +2.9078e-04  |      ---           ---           ---     
n=05:                                1.5819e+05    -1.6890e+05   +1.7532e-04  |      ---           ---           ---     
n=06:                                8.3069e+07    +2.1335e+07   -2.6575e-04  |      ---           ---           ---     
