--- multipoles on reference trajectory (rz > 0) ---
effective_length:                   434.70034132472085 mm
perpendicular_grid:                 41 points in [-10.000000,+10.000000] mm
max_fitting_error_normal            0.030/6715.724 G/G
max_fitting_error_skew              366.165/366.165 G/G
r0_for_relative_multipoles          12 mm
main_monomial                       n = 0, skew:False
                                       Nn(s=0)      Integ_Nn     Nn/N0(@r0)   |    Sn(s=0)      Integ_Sn     Sn/S0(@r0)  
<multipole_order n>                    [T/m^n]      [T.m/m^n]        []       |    [T/m^n]      [T.m/m^n]        []      
n=00:                                5.7926e-01    -2.5180e-01   +1.0000e+00  |      ---           ---           ---     
n=01:                                7.5589e+00    +3.3712e+00   -1.6066e-01  |      ---           ---           ---     
n=02:                                6.5260e+00    +9.9659e-01   -5.6993e-04  |      ---           ---           ---     
n=03:                                9.0980e+01    -3.6468e+01   +2.5026e-04  |      ---           ---           ---     
n=04:                                1.4459e+03    +2.9979e+03   -2.4687e-04  |      ---           ---           ---     
n=05:                                2.2347e+05    +3.8220e+04   -3.7769e-05  |      ---           ---           ---     
n=06:                                5.5631e+06    -1.8647e+07   +2.2113e-04  |      ---           ---           ---     
