--- multipoles on reference trajectory (rz > 0) ---
effective_length:                   434.79820556128885 mm
perpendicular_grid:                 41 points in [-10.000000,+10.000000] mm
max_fitting_error_normal            0.032/4610.759 G/G
max_fitting_error_skew              325.798/325.798 G/G
r0_for_relative_multipoles          12 mm
main_monomial                       n = 0, skew:False
                                       Nn(s=0)      Integ_Nn     Nn/N0(@r0)   |    Sn(s=0)      Integ_Sn     Sn/S0(@r0)  
<multipole_order n>                    [T/m^n]      [T.m/m^n]        []       |    [T/m^n]      [T.m/m^n]        []      
n=00:                                5.2388e-01    -2.2778e-01   +1.0000e+00  |      ---           ---           ---     
n=01:                                6.9070e+00    +3.0650e+00   -1.6147e-01  |      ---           ---           ---     
n=02:                                4.8096e+00    +9.8419e-01   -6.2219e-04  |      ---           ---           ---     
n=03:                                4.3159e+01    -3.1407e+01   +2.3826e-04  |      ---           ---           ---     
n=04:                                9.2369e+03    -1.0226e+03   +9.3093e-05  |      ---           ---           ---     
n=05:                                1.3787e+05    +6.0134e+04   -6.5691e-05  |      ---           ---           ---     
n=06:                                5.2608e+07    +6.3142e+06   -8.2772e-05  |      ---           ---           ---     
