--- multipoles on reference trajectory (rz > 0) ---
effective_length:                   435.13925173150716 mm
perpendicular_grid:                 41 points in [-10.000000,+10.000000] mm
max_fitting_error_normal            0.038/3641.363 G/G
max_fitting_error_skew              323.348/323.348 G/G
r0_for_relative_multipoles          12 mm
main_monomial                       n = 0, skew:False
                                       Nn(s=0)      Integ_Nn     Nn/N0(@r0)   |    Sn(s=0)      Integ_Sn     Sn/S0(@r0)  
<multipole_order n>                    [T/m^n]      [T.m/m^n]        []       |    [T/m^n]      [T.m/m^n]        []      
n=00:                                5.2484e-01    -2.2838e-01   +1.0000e+00  |      ---           ---           ---     
n=01:                                6.8970e+00    +3.0640e+00   -1.6100e-01  |      ---           ---           ---     
n=02:                                5.3357e+00    +8.3751e-01   -5.2808e-04  |      ---           ---           ---     
n=03:                                6.9922e+01    -3.8398e+01   +2.9054e-04  |      ---           ---           ---     
n=04:                                1.2014e+04    +8.9311e+02   -8.1092e-05  |      ---           ---           ---     
n=05:                                1.3760e+05    +7.3232e+04   -7.9792e-05  |      ---           ---           ---     
n=06:                                7.0860e+07    -8.7228e+06   +1.1405e-04  |      ---           ---           ---     
