--- multipoles on reference trajectory (rz > 0) ---
effective_length:                   434.5703609583206 mm
perpendicular_grid:                 41 points in [-10.000000,+10.000000] mm
max_fitting_error_normal            0.059/4631.634 G/G
max_fitting_error_skew              328.761/328.761 G/G
r0_for_relative_multipoles          12 mm
main_monomial                       n = 0, skew:False
                                       Nn(s=0)      Integ_Nn     Nn/N0(@r0)   |    Sn(s=0)      Integ_Sn     Sn/S0(@r0)  
<multipole_order n>                    [T/m^n]      [T.m/m^n]        []       |    [T/m^n]      [T.m/m^n]        []      
n=00:                                5.2424e-01    -2.2782e-01   +1.0000e+00  |      ---           ---           ---     
n=01:                                6.9051e+00    +3.0640e+00   -1.6139e-01  |      ---           ---           ---     
n=02:                                3.8205e+00    +8.0528e-01   -5.0900e-04  |      ---           ---           ---     
n=03:                                1.4688e+01    -3.3500e+01   +2.5409e-04  |      ---           ---           ---     
n=04:                                2.8961e+04    +2.1021e+03   -1.9133e-04  |      ---           ---           ---     
n=05:                                3.7286e+05    +3.1243e+04   -3.4124e-05  |      ---           ---           ---     
n=06:                                1.8793e+08    -1.6950e+07   +2.2215e-04  |      ---           ---           ---     
