--- multipoles on reference trajectory (rz > 0) ---
effective_length:                   435.2732623280725 mm
perpendicular_grid:                 41 points in [-10.000000,+10.000000] mm
max_fitting_error_normal            0.041/4886.651 G/G
max_fitting_error_skew              339.104/339.104 G/G
r0_for_relative_multipoles          12 mm
main_monomial                       n = 0, skew:False
                                       Nn(s=0)      Integ_Nn     Nn/N0(@r0)   |    Sn(s=0)      Integ_Sn     Sn/S0(@r0)  
<multipole_order n>                    [T/m^n]      [T.m/m^n]        []       |    [T/m^n]      [T.m/m^n]        []      
n=00:                                5.5235e-01    -2.4043e-01   +1.0000e+00  |      ---           ---           ---     
n=01:                                7.2415e+00    +3.2249e+00   -1.6096e-01  |      ---           ---           ---     
n=02:                                4.8883e+00    +6.2540e-01   -3.7457e-04  |      ---           ---           ---     
n=03:                                3.6113e+01    -3.3408e+01   +2.4011e-04  |      ---           ---           ---     
n=04:                                9.6557e+03    +2.0303e+03   -1.7510e-04  |      ---           ---           ---     
n=05:                                7.3644e+04    -2.4539e+04   +2.5397e-05  |      ---           ---           ---     
n=06:                                4.3645e+07    -8.9992e+06   +1.1177e-04  |      ---           ---           ---     
