--- multipoles on reference trajectory (rz > 0) ---
effective_length:                   435.0430056800816 mm
perpendicular_grid:                 41 points in [-10.000000,+10.000000] mm
max_fitting_error_normal            0.046/4882.838 G/G
max_fitting_error_skew              344.481/344.481 G/G
r0_for_relative_multipoles          12 mm
main_monomial                       n = 0, skew:False
                                       Nn(s=0)      Integ_Nn     Nn/N0(@r0)   |    Sn(s=0)      Integ_Sn     Sn/S0(@r0)  
<multipole_order n>                    [T/m^n]      [T.m/m^n]        []       |    [T/m^n]      [T.m/m^n]        []      
n=00:                                5.5321e-01    -2.4067e-01   +1.0000e+00  |      ---           ---           ---     
n=01:                                7.2520e+00    +3.2338e+00   -1.6124e-01  |      ---           ---           ---     
n=02:                                5.7065e+00    +7.8452e-01   -4.6940e-04  |      ---           ---           ---     
n=03:                                1.1654e+02    -3.5727e+01   +2.5652e-04  |      ---           ---           ---     
n=04:                                6.1880e+03    +8.9040e+02   -7.6716e-05  |      ---           ---           ---     
n=05:                                2.8639e+05    -1.0853e+04   +1.1221e-05  |      ---           ---           ---     
n=06:                                4.8793e+07    -1.1903e+06   +1.4767e-05  |      ---           ---           ---     
