--- multipoles on reference trajectory (rz > 0) ---
effective_length:                   434.586773902868 mm
perpendicular_grid:                 41 points in [-10.000000,+10.000000] mm
max_fitting_error_normal            0.046/5490.597 G/G
max_fitting_error_skew              344.399/344.399 G/G
r0_for_relative_multipoles          12 mm
main_monomial                       n = 0, skew:False
                                       Nn(s=0)      Integ_Nn     Nn/N0(@r0)   |    Sn(s=0)      Integ_Sn     Sn/S0(@r0)  
<multipole_order n>                    [T/m^n]      [T.m/m^n]        []       |    [T/m^n]      [T.m/m^n]        []      
n=00:                                5.5418e-01    -2.4084e-01   +1.0000e+00  |      ---           ---           ---     
n=01:                                7.2940e+00    +3.2381e+00   -1.6134e-01  |      ---           ---           ---     
n=02:                                4.1324e+00    +6.9921e-01   -4.1807e-04  |      ---           ---           ---     
n=03:                                4.4382e+00    -2.5542e+01   +1.8326e-04  |      ---           ---           ---     
n=04:                                2.1780e+04    +4.9646e+03   -4.2745e-04  |      ---           ---           ---     
n=05:                                2.3342e+05    +1.1335e+04   -1.1711e-05  |      ---           ---           ---     
n=06:                                1.1514e+08    -2.5331e+07   +3.1406e-04  |      ---           ---           ---     
