--- multipoles on reference trajectory (rz > 0) ---
effective_length:                   434.78033379852695 mm
perpendicular_grid:                 41 points in [-10.000000,+10.000000] mm
max_fitting_error_normal            0.035/4880.731 G/G
max_fitting_error_skew              357.712/357.712 G/G
r0_for_relative_multipoles          12 mm
main_monomial                       n = 0, skew:False
                                       Nn(s=0)      Integ_Nn     Nn/N0(@r0)   |    Sn(s=0)      Integ_Sn     Sn/S0(@r0)  
<multipole_order n>                    [T/m^n]      [T.m/m^n]        []       |    [T/m^n]      [T.m/m^n]        []      
n=00:                                5.5339e-01    -2.4060e-01   +1.0000e+00  |      ---           ---           ---     
n=01:                                7.2844e+00    +3.2304e+00   -1.6112e-01  |      ---           ---           ---     
n=02:                                5.2879e+00    +8.3585e-01   -5.0026e-04  |      ---           ---           ---     
n=03:                                3.6156e+01    -2.7738e+01   +1.9921e-04  |      ---           ---           ---     
n=04:                                1.1992e+04    +2.6589e+01   -2.2915e-06  |      ---           ---           ---     
n=05:                                1.1498e+05    -4.3451e+04   +4.4938e-05  |      ---           ---           ---     
n=06:                                8.1059e+07    -3.1917e+05   +3.9611e-06  |      ---           ---           ---     
