--- multipoles on reference trajectory (rz > 0) ---
effective_length:                   435.00974019120093 mm
perpendicular_grid:                 41 points in [-10.000000,+10.000000] mm
max_fitting_error_normal            0.027/5492.454 G/G
max_fitting_error_skew              335.890/335.890 G/G
r0_for_relative_multipoles          12 mm
main_monomial                       n = 0, skew:False
                                       Nn(s=0)      Integ_Nn     Nn/N0(@r0)   |    Sn(s=0)      Integ_Sn     Sn/S0(@r0)  
<multipole_order n>                    [T/m^n]      [T.m/m^n]        []       |    [T/m^n]      [T.m/m^n]        []      
n=00:                                5.5298e-01    -2.4055e-01   +1.0000e+00  |      ---           ---           ---     
n=01:                                7.2513e+00    +3.2255e+00   -1.6091e-01  |      ---           ---           ---     
n=02:                                5.7363e+00    +9.5788e-01   -5.7341e-04  |      ---           ---           ---     
n=03:                                1.7207e+01    -1.6732e+01   +1.2020e-04  |      ---           ---           ---     
n=04:                                8.2140e+03    -1.6532e+03   +1.4251e-04  |      ---           ---           ---     
n=05:                                5.1870e+05    -8.8653e+04   +9.1705e-05  |      ---           ---           ---     
n=06:                                4.2247e+07    +4.6373e+06   -5.7563e-05  |      ---           ---           ---     
