--- multipoles on reference trajectory (rz > 0) ---
effective_length:                   433.4160704368187 mm
perpendicular_grid:                 41 points in [-10.000000,+10.000000] mm
max_fitting_error_normal            0.038/6409.621 G/G
max_fitting_error_skew              333.671/333.671 G/G
r0_for_relative_multipoles          12 mm
main_monomial                       n = 0, skew:False
                                       Nn(s=0)      Integ_Nn     Nn/N0(@r0)   |    Sn(s=0)      Integ_Sn     Sn/S0(@r0)  
<multipole_order n>                    [T/m^n]      [T.m/m^n]        []       |    [T/m^n]      [T.m/m^n]        []      
n=00:                                5.5577e-01    -2.4088e-01   +1.0000e+00  |      ---           ---           ---     
n=01:                                7.3246e+00    +3.2350e+00   -1.6116e-01  |      ---           ---           ---     
n=02:                                4.3264e+00    +9.3544e-01   -5.5922e-04  |      ---           ---           ---     
n=03:                                1.6140e+01    -3.0581e+01   +2.1938e-04  |      ---           ---           ---     
n=04:                                1.3805e+04    +1.6312e+03   -1.4042e-04  |      ---           ---           ---     
n=05:                                2.0778e+05    +1.6559e+04   -1.7106e-05  |      ---           ---           ---     
n=06:                                6.7687e+07    -8.2972e+06   +1.0285e-04  |      ---           ---           ---     
