--- multipoles on reference trajectory (rz > 0) ---
effective_length:                   434.555039471993 mm
perpendicular_grid:                 41 points in [-10.000000,+10.000000] mm
max_fitting_error_normal            0.042/5544.348 G/G
max_fitting_error_skew              356.462/356.462 G/G
r0_for_relative_multipoles          12 mm
main_monomial                       n = 0, skew:False
                                       Nn(s=0)      Integ_Nn     Nn/N0(@r0)   |    Sn(s=0)      Integ_Sn     Sn/S0(@r0)  
<multipole_order n>                    [T/m^n]      [T.m/m^n]        []       |    [T/m^n]      [T.m/m^n]        []      
n=00:                                5.8141e-01    -2.5265e-01   +1.0000e+00  |      ---           ---           ---     
n=01:                                7.6310e+00    +3.3770e+00   -1.6039e-01  |      ---           ---           ---     
n=02:                                4.0900e+00    +8.9995e-01   -5.1293e-04  |      ---           ---           ---     
n=03:                                1.9231e+02    -5.3067e+01   +3.6294e-04  |      ---           ---           ---     
n=04:                                1.9105e+04    +3.0147e+03   -2.4742e-04  |      ---           ---           ---     
n=05:                                8.9065e+05    +1.4458e+05   -1.4239e-04  |      ---           ---           ---     
n=06:                                9.9571e+07    -1.9952e+07   +2.3580e-04  |      ---           ---           ---     
