--- multipoles on reference trajectory (rz > 0) ---
effective_length:                   434.4034997359172 mm
perpendicular_grid:                 41 points in [-10.000000,+10.000000] mm
max_fitting_error_normal            0.048/4817.946 G/G
max_fitting_error_skew              333.931/333.931 G/G
r0_for_relative_multipoles          12 mm
main_monomial                       n = 0, skew:False
                                       Nn(s=0)      Integ_Nn     Nn/N0(@r0)   |    Sn(s=0)      Integ_Sn     Sn/S0(@r0)  
<multipole_order n>                    [T/m^n]      [T.m/m^n]        []       |    [T/m^n]      [T.m/m^n]        []      
n=00:                                5.5361e-01    -2.4049e-01   +1.0000e+00  |      ---           ---           ---     
n=01:                                7.2797e+00    +3.2326e+00   -1.6130e-01  |      ---           ---           ---     
n=02:                                6.2896e+00    +1.3063e+00   -7.8217e-04  |      ---           ---           ---     
n=03:                                1.8227e+02    -4.0976e+01   +2.9442e-04  |      ---           ---           ---     
n=04:                                1.5802e+04    -7.3004e+03   +6.2947e-04  |      ---           ---           ---     
n=05:                                9.3236e+05    +5.7827e+04   -5.9833e-05  |      ---           ---           ---     
n=06:                                9.5096e+07    +3.9790e+07   -4.9405e-04  |      ---           ---           ---     
