--- multipoles on reference trajectory (rz > 0) ---
effective_length:                   435.9044151814143 mm
perpendicular_grid:                 41 points in [-10.000000,+10.000000] mm
max_fitting_error_normal            0.031/6704.355 G/G
max_fitting_error_skew              359.499/359.499 G/G
r0_for_relative_multipoles          12 mm
main_monomial                       n = 0, skew:False
                                       Nn(s=0)      Integ_Nn     Nn/N0(@r0)   |    Sn(s=0)      Integ_Sn     Sn/S0(@r0)  
<multipole_order n>                    [T/m^n]      [T.m/m^n]        []       |    [T/m^n]      [T.m/m^n]        []      
n=00:                                5.7861e-01    -2.5222e-01   +1.0000e+00  |      ---           ---           ---     
n=01:                                7.5690e+00    +3.3798e+00   -1.6080e-01  |      ---           ---           ---     
n=02:                                5.9875e+00    +1.1562e+00   -6.6011e-04  |      ---           ---           ---     
n=03:                                2.1775e+01    -1.4257e+01   +9.7677e-05  |      ---           ---           ---     
n=04:                                7.6780e+03    -2.1340e+03   +1.7545e-04  |      ---           ---           ---     
n=05:                                6.2305e+05    -1.4123e+05   +1.3933e-04  |      ---           ---           ---     
n=06:                                4.7644e+07    +1.0201e+07   -1.2076e-04  |      ---           ---           ---     
