--- multipoles on reference trajectory (rz > 0) ---
effective_length:                   433.3409304608361 mm
perpendicular_grid:                 41 points in [-10.000000,+10.000000] mm
max_fitting_error_normal            0.038/4520.857 G/G
max_fitting_error_skew              348.226/348.226 G/G
r0_for_relative_multipoles          12 mm
main_monomial                       n = 0, skew:False
                                       Nn(s=0)      Integ_Nn     Nn/N0(@r0)   |    Sn(s=0)      Integ_Sn     Sn/S0(@r0)  
<multipole_order n>                    [T/m^n]      [T.m/m^n]        []       |    [T/m^n]      [T.m/m^n]        []      
n=00:                                5.8061e-01    -2.5160e-01   +1.0000e+00  |      ---           ---           ---     
n=01:                                7.6448e+00    +3.3753e+00   -1.6098e-01  |      ---           ---           ---     
n=02:                                5.2650e+00    +1.0411e+00   -5.9586e-04  |      ---           ---           ---     
n=03:                                8.8965e+00    -2.7732e+01   +1.9046e-04  |      ---           ---           ---     
n=04:                                5.9488e+03    -1.7013e+03   +1.4021e-04  |      ---           ---           ---     
n=05:                                3.7791e+05    -3.6489e+04   +3.6087e-05  |      ---           ---           ---     
n=06:                                6.8787e+07    +1.2695e+07   -1.5066e-04  |      ---           ---           ---     
