--- multipoles on reference trajectory (rz > 0) ---
effective_length:                   436.18327092637173 mm
perpendicular_grid:                 41 points in [-10.000000,+10.000000] mm
max_fitting_error_normal            0.054/4877.294 G/G
max_fitting_error_skew              356.337/356.337 G/G
r0_for_relative_multipoles          12 mm
main_monomial                       n = 0, skew:False
                                       Nn(s=0)      Integ_Nn     Nn/N0(@r0)   |    Sn(s=0)      Integ_Sn     Sn/S0(@r0)  
<multipole_order n>                    [T/m^n]      [T.m/m^n]        []       |    [T/m^n]      [T.m/m^n]        []      
n=00:                                5.5141e-01    -2.4052e-01   +1.0000e+00  |      ---           ---           ---     
n=01:                                7.2276e+00    +3.2371e+00   -1.6151e-01  |      ---           ---           ---     
n=02:                                6.5245e+00    +1.1255e+00   -6.7386e-04  |      ---           ---           ---     
n=03:                                1.0890e+02    -4.0981e+01   +2.9443e-04  |      ---           ---           ---     
n=04:                                1.3289e+04    -3.6668e+03   +3.1614e-04  |      ---           ---           ---     
n=05:                                2.7701e+05    +6.3409e+04   -6.5601e-05  |      ---           ---           ---     
n=06:                                9.2473e+07    +2.0290e+07   -2.5190e-04  |      ---           ---           ---     
