--- multipoles on reference trajectory (rz > 0) ---
effective_length:                   435.472680771888 mm
perpendicular_grid:                 41 points in [-10.000000,+10.000000] mm
max_fitting_error_normal            0.076/4897.615 G/G
max_fitting_error_skew              330.935/330.935 G/G
r0_for_relative_multipoles          12 mm
main_monomial                       n = 0, skew:False
                                       Nn(s=0)      Integ_Nn     Nn/N0(@r0)   |    Sn(s=0)      Integ_Sn     Sn/S0(@r0)  
<multipole_order n>                    [T/m^n]      [T.m/m^n]        []       |    [T/m^n]      [T.m/m^n]        []      
n=00:                                5.5534e-01    -2.4184e-01   +1.0000e+00  |      ---           ---           ---     
n=01:                                7.2730e+00    +3.2359e+00   -1.6057e-01  |      ---           ---           ---     
n=02:                                4.8707e+00    +6.8066e-01   -4.0529e-04  |      ---           ---           ---     
n=03:                                1.7652e+01    -1.6768e+01   +1.1981e-04  |      ---           ---           ---     
n=04:                                3.5618e+03    +3.1783e+03   -2.7252e-04  |      ---           ---           ---     
n=05:                                5.5970e+05    -1.4588e+05   +1.5010e-04  |      ---           ---           ---     
n=06:                                4.2866e+07    -1.5900e+07   +1.9632e-04  |      ---           ---           ---     
