--- multipoles on reference trajectory (rz > 0) ---
effective_length:                   435.4453697790599 mm
perpendicular_grid:                 41 points in [-10.000000,+10.000000] mm
max_fitting_error_normal            0.057/5769.689 G/G
max_fitting_error_skew              328.732/328.732 G/G
r0_for_relative_multipoles          12 mm
main_monomial                       n = 0, skew:False
                                       Nn(s=0)      Integ_Nn     Nn/N0(@r0)   |    Sn(s=0)      Integ_Sn     Sn/S0(@r0)  
<multipole_order n>                    [T/m^n]      [T.m/m^n]        []       |    [T/m^n]      [T.m/m^n]        []      
n=00:                                5.5160e-01    -2.4019e-01   +1.0000e+00  |      ---           ---           ---     
n=01:                                7.2451e+00    +3.2220e+00   -1.6097e-01  |      ---           ---           ---     
n=02:                                5.3253e+00    +7.5088e-01   -4.5017e-04  |      ---           ---           ---     
n=03:                                7.2572e+00    -6.5032e+00   +4.6785e-05  |      ---           ---           ---     
n=04:                                7.5231e+03    +6.5477e+02   -5.6526e-05  |      ---           ---           ---     
n=05:                                5.7219e+05    -2.2533e+05   +2.3343e-04  |      ---           ---           ---     
n=06:                                3.1316e+07    -2.2897e+06   +2.8465e-05  |      ---           ---           ---     
