--- multipoles on reference trajectory (rz > 0) ---
effective_length:                   435.48801358023906 mm
perpendicular_grid:                 41 points in [-10.000000,+10.000000] mm
max_fitting_error_normal            0.042/4849.338 G/G
max_fitting_error_skew              344.732/344.732 G/G
r0_for_relative_multipoles          12 mm
main_monomial                       n = 0, skew:False
                                       Nn(s=0)      Integ_Nn     Nn/N0(@r0)   |    Sn(s=0)      Integ_Sn     Sn/S0(@r0)  
<multipole_order n>                    [T/m^n]      [T.m/m^n]        []       |    [T/m^n]      [T.m/m^n]        []      
n=00:                                5.5049e-01    -2.3973e-01   +1.0000e+00  |      ---           ---           ---     
n=01:                                7.2517e+00    +3.2208e+00   -1.6122e-01  |      ---           ---           ---     
n=02:                                5.7458e+00    +8.6326e-01   -5.1854e-04  |      ---           ---           ---     
n=03:                                1.2157e+02    -1.7332e+01   +1.2493e-04  |      ---           ---           ---     
n=04:                                3.3329e+03    +4.4331e+03   -3.8345e-04  |      ---           ---           ---     
n=05:                                1.1094e+06    -7.5854e+04   +7.8734e-05  |      ---           ---           ---     
n=06:                                2.2530e+07    -2.4455e+07   +3.0459e-04  |      ---           ---           ---     
