--- multipoles on reference trajectory (rz > 0) ---
effective_length:                   435.29598189047874 mm
perpendicular_grid:                 41 points in [-10.000000,+10.000000] mm
max_fitting_error_normal            0.049/6078.759 G/G
max_fitting_error_skew              325.772/325.772 G/G
r0_for_relative_multipoles          12 mm
main_monomial                       n = 0, skew:False
                                       Nn(s=0)      Integ_Nn     Nn/N0(@r0)   |    Sn(s=0)      Integ_Sn     Sn/S0(@r0)  
<multipole_order n>                    [T/m^n]      [T.m/m^n]        []       |    [T/m^n]      [T.m/m^n]        []      
n=00:                                5.2493e-01    -2.2850e-01   +1.0000e+00  |      ---           ---           ---     
n=01:                                6.8819e+00    +3.0646e+00   -1.6094e-01  |      ---           ---           ---     
n=02:                                3.8882e+00    +8.0849e-01   -5.0951e-04  |      ---           ---           ---     
n=03:                                4.2008e+01    -3.6189e+01   +2.7367e-04  |      ---           ---           ---     
n=04:                                2.7952e+04    +2.5344e+03   -2.2999e-04  |      ---           ---           ---     
n=05:                                4.8677e+04    +9.7545e+04   -1.0622e-04  |      ---           ---           ---     
n=06:                                1.5783e+08    -1.6899e+07   +2.2083e-04  |      ---           ---           ---     
