--- multipoles on reference trajectory (rz > 0) ---
effective_length:                   435.79172190087723 mm
perpendicular_grid:                 41 points in [-10.000000,+10.000000] mm
max_fitting_error_normal            0.055/4049.464 G/G
max_fitting_error_skew              337.516/337.516 G/G
r0_for_relative_multipoles          12 mm
main_monomial                       n = 0, skew:False
                                       Nn(s=0)      Integ_Nn     Nn/N0(@r0)   |    Sn(s=0)      Integ_Sn     Sn/S0(@r0)  
<multipole_order n>                    [T/m^n]      [T.m/m^n]        []       |    [T/m^n]      [T.m/m^n]        []      
n=00:                                5.5014e-01    -2.3975e-01   +1.0000e+00  |      ---           ---           ---     
n=01:                                7.2056e+00    +3.2195e+00   -1.6115e-01  |      ---           ---           ---     
n=02:                                5.9457e+00    +9.3044e-01   -5.5885e-04  |      ---           ---           ---     
n=03:                                5.4667e+01    -8.3905e+00   +6.0475e-05  |      ---           ---           ---     
n=04:                                2.5972e+03    +2.0025e+03   -1.7320e-04  |      ---           ---           ---     
n=05:                                7.7854e+05    -1.3588e+05   +1.4103e-04  |      ---           ---           ---     
n=06:                                9.7539e+06    -1.5095e+07   +1.8801e-04  |      ---           ---           ---     
