--- multipoles on reference trajectory (rz > 0) ---
effective_length:                   433.30121955969815 mm
perpendicular_grid:                 41 points in [-10.000000,+10.000000] mm
max_fitting_error_normal            0.048/4630.536 G/G
max_fitting_error_skew              315.420/315.420 G/G
r0_for_relative_multipoles          12 mm
main_monomial                       n = 0, skew:False
                                       Nn(s=0)      Integ_Nn     Nn/N0(@r0)   |    Sn(s=0)      Integ_Sn     Sn/S0(@r0)  
<multipole_order n>                    [T/m^n]      [T.m/m^n]        []       |    [T/m^n]      [T.m/m^n]        []      
n=00:                                5.2737e-01    -2.2851e-01   +1.0000e+00  |      ---           ---           ---     
n=01:                                6.9404e+00    +3.0622e+00   -1.6081e-01  |      ---           ---           ---     
n=02:                                4.5721e+00    +1.1433e+00   -7.2049e-04  |      ---           ---           ---     
n=03:                                3.4341e+01    -2.9147e+01   +2.2041e-04  |      ---           ---           ---     
n=04:                                5.6354e+02    -5.2170e+03   +4.7341e-04  |      ---           ---           ---     
n=05:                                9.1040e+04    -3.0350e+04   +3.3049e-05  |      ---           ---           ---     
n=06:                                4.9051e+06    +2.8872e+07   -3.7727e-04  |      ---           ---           ---     
