--- multipoles on reference trajectory (rz > 0) ---
effective_length:                   435.20990009532835 mm
perpendicular_grid:                 41 points in [-10.000000,+10.000000] mm
max_fitting_error_normal            0.038/3141.021 G/G
max_fitting_error_skew              342.884/342.884 G/G
r0_for_relative_multipoles          12 mm
main_monomial                       n = 0, skew:False
                                       Nn(s=0)      Integ_Nn     Nn/N0(@r0)   |    Sn(s=0)      Integ_Sn     Sn/S0(@r0)  
<multipole_order n>                    [T/m^n]      [T.m/m^n]        []       |    [T/m^n]      [T.m/m^n]        []      
n=00:                                5.5557e-01    -2.4179e-01   +1.0000e+00  |      ---           ---           ---     
n=01:                                7.2716e+00    +3.2335e+00   -1.6048e-01  |      ---           ---           ---     
n=02:                                5.2865e+00    +9.8880e-01   -5.8889e-04  |      ---           ---           ---     
n=03:                                4.4743e+00    -2.7544e+01   +1.9685e-04  |      ---           ---           ---     
n=04:                                3.3916e+03    -1.3387e+03   +1.1481e-04  |      ---           ---           ---     
n=05:                                2.7901e+05    +1.1801e+04   -1.2145e-05  |      ---           ---           ---     
n=06:                                3.3574e+07    +4.2924e+06   -5.3009e-05  |      ---           ---           ---     
