--- multipoles on reference trajectory (rz > 0) ---
effective_length:                   435.9748459864558 mm
perpendicular_grid:                 41 points in [-10.000000,+10.000000] mm
max_fitting_error_normal            0.077/5182.010 G/G
max_fitting_error_skew              373.788/373.788 G/G
r0_for_relative_multipoles          12 mm
main_monomial                       n = 0, skew:False
                                       Nn(s=0)      Integ_Nn     Nn/N0(@r0)   |    Sn(s=0)      Integ_Sn     Sn/S0(@r0)  
<multipole_order n>                    [T/m^n]      [T.m/m^n]        []       |    [T/m^n]      [T.m/m^n]        []      
n=00:                                5.7851e-01    -2.5221e-01   +1.0000e+00  |      ---           ---           ---     
n=01:                                7.5500e+00    +3.3708e+00   -1.6038e-01  |      ---           ---           ---     
n=02:                                6.5524e+00    +1.0224e+00   -5.8371e-04  |      ---           ---           ---     
n=03:                                3.8786e+01    -2.4963e+01   +1.7103e-04  |      ---           ---           ---     
n=04:                                1.3928e+04    -3.0811e+03   +2.5331e-04  |      ---           ---           ---     
n=05:                                3.5801e+05    -1.2356e+05   +1.2190e-04  |      ---           ---           ---     
n=06:                                6.4637e+07    +9.9724e+06   -1.1806e-04  |      ---           ---           ---     
