--- multipoles on reference trajectory (rz > 0) ---
effective_length:                   434.89832747500435 mm
perpendicular_grid:                 41 points in [-10.000000,+10.000000] mm
max_fitting_error_normal            0.031/6711.485 G/G
max_fitting_error_skew              361.085/361.085 G/G
r0_for_relative_multipoles          12 mm
main_monomial                       n = 0, skew:False
                                       Nn(s=0)      Integ_Nn     Nn/N0(@r0)   |    Sn(s=0)      Integ_Sn     Sn/S0(@r0)  
<multipole_order n>                    [T/m^n]      [T.m/m^n]        []       |    [T/m^n]      [T.m/m^n]        []      
n=00:                                5.7919e-01    -2.5189e-01   +1.0000e+00  |      ---           ---           ---     
n=01:                                7.6009e+00    +3.3761e+00   -1.6084e-01  |      ---           ---           ---     
n=02:                                5.9051e+00    +1.2484e+00   -7.1368e-04  |      ---           ---           ---     
n=03:                                5.4943e+01    -3.0847e+01   +2.1162e-04  |      ---           ---           ---     
n=04:                                8.5072e+03    -1.5282e+03   +1.2581e-04  |      ---           ---           ---     
n=05:                                1.3327e+05    +4.1384e+04   -4.0882e-05  |      ---           ---           ---     
n=06:                                5.4867e+07    +5.2112e+06   -6.1776e-05  |      ---           ---           ---     
