--- multipoles on reference trajectory (rz > 0) ---
effective_length:                   434.82112490775114 mm
perpendicular_grid:                 41 points in [-10.000000,+10.000000] mm
max_fitting_error_normal            0.040/6392.811 G/G
max_fitting_error_skew              343.451/343.451 G/G
r0_for_relative_multipoles          12 mm
main_monomial                       n = 0, skew:False
                                       Nn(s=0)      Integ_Nn     Nn/N0(@r0)   |    Sn(s=0)      Integ_Sn     Sn/S0(@r0)  
<multipole_order n>                    [T/m^n]      [T.m/m^n]        []       |    [T/m^n]      [T.m/m^n]        []      
n=00:                                5.5182e-01    -2.3994e-01   +1.0000e+00  |      ---           ---           ---     
n=01:                                7.2049e+00    +3.2096e+00   -1.6052e-01  |      ---           ---           ---     
n=02:                                5.2773e+00    +8.0896e-01   -4.8549e-04  |      ---           ---           ---     
n=03:                                1.0360e+02    -4.3284e+01   +3.1172e-04  |      ---           ---           ---     
n=04:                                2.7531e+03    +3.8782e+02   -3.3515e-05  |      ---           ---           ---     
n=05:                                1.8237e+05    +5.8951e+04   -6.1135e-05  |      ---           ---           ---     
n=06:                                1.5099e+07    -6.1486e+06   +7.6517e-05  |      ---           ---           ---     
