--- multipoles on reference trajectory (rz > 0) ---
effective_length:                   436.54450770669223 mm
perpendicular_grid:                 41 points in [-10.000000,+10.000000] mm
max_fitting_error_normal            0.034/4879.988 G/G
max_fitting_error_skew              358.493/358.493 G/G
r0_for_relative_multipoles          12 mm
main_monomial                       n = 0, skew:False
                                       Nn(s=0)      Integ_Nn     Nn/N0(@r0)   |    Sn(s=0)      Integ_Sn     Sn/S0(@r0)  
<multipole_order n>                    [T/m^n]      [T.m/m^n]        []       |    [T/m^n]      [T.m/m^n]        []      
n=00:                                5.5210e-01    -2.4102e-01   +1.0000e+00  |      ---           ---           ---     
n=01:                                7.2227e+00    +3.2361e+00   -1.6112e-01  |      ---           ---           ---     
n=02:                                5.4967e+00    +1.1709e+00   -6.9958e-04  |      ---           ---           ---     
n=03:                                1.8690e+01    -2.2867e+01   +1.6395e-04  |      ---           ---           ---     
n=04:                                3.5927e+03    -3.6451e+03   +3.1361e-04  |      ---           ---           ---     
n=05:                                1.2743e+05    +4.6010e+03   -4.7502e-06  |      ---           ---           ---     
n=06:                                7.2481e+06    +2.0085e+07   -2.4884e-04  |      ---           ---           ---     
