--- multipoles on reference trajectory (rz > 0) ---
effective_length:                   434.3454207297276 mm
perpendicular_grid:                 41 points in [-10.000000,+10.000000] mm
max_fitting_error_normal            0.031/6692.248 G/G
max_fitting_error_skew              360.416/360.416 G/G
r0_for_relative_multipoles          12 mm
main_monomial                       n = 0, skew:False
                                       Nn(s=0)      Integ_Nn     Nn/N0(@r0)   |    Sn(s=0)      Integ_Sn     Sn/S0(@r0)  
<multipole_order n>                    [T/m^n]      [T.m/m^n]        []       |    [T/m^n]      [T.m/m^n]        []      
n=00:                                5.7898e-01    -2.5148e-01   +1.0000e+00  |      ---           ---           ---     
n=01:                                7.6138e+00    +3.3757e+00   -1.6108e-01  |      ---           ---           ---     
n=02:                                5.9889e+00    +1.2204e+00   -6.9881e-04  |      ---           ---           ---     
n=03:                                3.1075e+01    -2.9859e+01   +2.0517e-04  |      ---           ---           ---     
n=04:                                2.9822e+01    -1.9726e+03   +1.6266e-04  |      ---           ---           ---     
n=05:                                1.9867e+05    +1.6820e+04   -1.6643e-05  |      ---           ---           ---     
n=06:                                8.1923e+06    +7.2492e+06   -8.6075e-05  |      ---           ---           ---     
