--- multipoles on reference trajectory (rz > 0) ---
effective_length:                   435.53821418911633 mm
perpendicular_grid:                 41 points in [-10.000000,+10.000000] mm
max_fitting_error_normal            0.045/3272.879 G/G
max_fitting_error_skew              332.700/332.700 G/G
r0_for_relative_multipoles          12 mm
main_monomial                       n = 0, skew:False
                                       Nn(s=0)      Integ_Nn     Nn/N0(@r0)   |    Sn(s=0)      Integ_Sn     Sn/S0(@r0)  
<multipole_order n>                    [T/m^n]      [T.m/m^n]        []       |    [T/m^n]      [T.m/m^n]        []      
n=00:                                5.5045e-01    -2.3974e-01   +1.0000e+00  |      ---           ---           ---     
n=01:                                7.2273e+00    +3.2222e+00   -1.6128e-01  |      ---           ---           ---     
n=02:                                5.9697e+00    +9.1269e-01   -5.4821e-04  |      ---           ---           ---     
n=03:                                4.1887e+01    -2.3719e+01   +1.7096e-04  |      ---           ---           ---     
n=04:                                2.7322e+03    +2.1494e+03   -1.8591e-04  |      ---           ---           ---     
n=05:                                6.5183e+05    -1.5831e+04   +1.6431e-05  |      ---           ---           ---     
n=06:                                3.8143e+06    -1.5814e+07   +1.9696e-04  |      ---           ---           ---     
