--- multipoles on reference trajectory (rz > 0) ---
effective_length:                   436.53841523456043 mm
perpendicular_grid:                 41 points in [-10.000000,+10.000000] mm
max_fitting_error_normal            0.050/6381.304 G/G
max_fitting_error_skew              356.923/356.923 G/G
r0_for_relative_multipoles          12 mm
main_monomial                       n = 0, skew:False
                                       Nn(s=0)      Integ_Nn     Nn/N0(@r0)   |    Sn(s=0)      Integ_Sn     Sn/S0(@r0)  
<multipole_order n>                    [T/m^n]      [T.m/m^n]        []       |    [T/m^n]      [T.m/m^n]        []      
n=00:                                5.4972e-01    -2.3997e-01   +1.0000e+00  |      ---           ---           ---     
n=01:                                7.1960e+00    +3.2230e+00   -1.6117e-01  |      ---           ---           ---     
n=02:                                5.0167e+00    +1.0020e+00   -6.0127e-04  |      ---           ---           ---     
n=03:                                7.7969e+01    -2.9954e+01   +2.1570e-04  |      ---           ---           ---     
n=04:                                2.0494e+04    +2.5084e+03   -2.1675e-04  |      ---           ---           ---     
n=05:                                1.4192e+05    +3.2841e+04   -3.4054e-05  |      ---           ---           ---     
n=06:                                1.1435e+08    -2.1239e+07   +2.6428e-04  |      ---           ---           ---     
