--- multipoles on reference trajectory (rz > 0) ---
effective_length:                   433.77152997467846 mm
perpendicular_grid:                 41 points in [-10.000000,+10.000000] mm
max_fitting_error_normal            0.024/5806.522 G/G
max_fitting_error_skew              334.439/334.439 G/G
r0_for_relative_multipoles          12 mm
main_monomial                       n = 0, skew:False
                                       Nn(s=0)      Integ_Nn     Nn/N0(@r0)   |    Sn(s=0)      Integ_Sn     Sn/S0(@r0)  
<multipole_order n>                    [T/m^n]      [T.m/m^n]        []       |    [T/m^n]      [T.m/m^n]        []      
n=00:                                5.5544e-01    -2.4093e-01   +1.0000e+00  |      ---           ---           ---     
n=01:                                7.3181e+00    +3.2286e+00   -1.6080e-01  |      ---           ---           ---     
n=02:                                4.4632e+00    +8.4835e-01   -5.0704e-04  |      ---           ---           ---     
n=03:                                1.2525e+02    -3.1943e+01   +2.2910e-04  |      ---           ---           ---     
n=04:                                1.4277e+03    -1.4469e+02   +1.2453e-05  |      ---           ---           ---     
n=05:                                4.5117e+05    -1.0659e+03   +1.1009e-06  |      ---           ---           ---     
n=06:                                1.3972e+07    -7.4362e+04   +9.2160e-07  |      ---           ---           ---     
