--- multipoles on reference trajectory (rz > 0) ---
effective_length:                   436.2500269811541 mm
perpendicular_grid:                 41 points in [-10.000000,+10.000000] mm
max_fitting_error_normal            0.041/4954.549 G/G
max_fitting_error_skew              372.985/372.985 G/G
r0_for_relative_multipoles          12 mm
main_monomial                       n = 0, skew:False
                                       Nn(s=0)      Integ_Nn     Nn/N0(@r0)   |    Sn(s=0)      Integ_Sn     Sn/S0(@r0)  
<multipole_order n>                    [T/m^n]      [T.m/m^n]        []       |    [T/m^n]      [T.m/m^n]        []      
n=00:                                5.7643e-01    -2.5147e-01   +1.0000e+00  |      ---           ---           ---     
n=01:                                7.5392e+00    +3.3785e+00   -1.6122e-01  |      ---           ---           ---     
n=02:                                5.7899e+00    +1.1880e+00   -6.8030e-04  |      ---           ---           ---     
n=03:                                9.4753e+01    -4.4546e+01   +3.0611e-04  |      ---           ---           ---     
n=04:                                1.3672e+04    -3.1584e+03   +2.6044e-04  |      ---           ---           ---     
n=05:                                1.4961e+05    +8.9875e+04   -8.8933e-05  |      ---           ---           ---     
n=06:                                6.0864e+07    +1.7652e+07   -2.0960e-04  |      ---           ---           ---     
