--- multipoles on reference trajectory (rz > 0) ---
effective_length:                   436.05617326421964 mm
perpendicular_grid:                 41 points in [-10.000000,+10.000000] mm
max_fitting_error_normal            0.048/6688.703 G/G
max_fitting_error_skew              371.549/371.549 G/G
r0_for_relative_multipoles          12 mm
main_monomial                       n = 0, skew:False
                                       Nn(s=0)      Integ_Nn     Nn/N0(@r0)   |    Sn(s=0)      Integ_Sn     Sn/S0(@r0)  
<multipole_order n>                    [T/m^n]      [T.m/m^n]        []       |    [T/m^n]      [T.m/m^n]        []      
n=00:                                5.7675e-01    -2.5149e-01   +1.0000e+00  |      ---           ---           ---     
n=01:                                7.5530e+00    +3.3761e+00   -1.6109e-01  |      ---           ---           ---     
n=02:                                6.5313e+00    +1.0864e+00   -6.2205e-04  |      ---           ---           ---     
n=03:                                5.0824e+01    -1.3773e+01   +9.4630e-05  |      ---           ---           ---     
n=04:                                1.4658e+04    -4.7456e+03   +3.9128e-04  |      ---           ---           ---     
n=05:                                2.7920e+05    -1.7660e+05   +1.7473e-04  |      ---           ---           ---     
n=06:                                6.7616e+07    +2.3914e+07   -2.8393e-04  |      ---           ---           ---     
