--- multipoles on reference trajectory (rz > 0) ---
effective_length:                   435.6809053973644 mm
perpendicular_grid:                 41 points in [-10.000000,+10.000000] mm
max_fitting_error_normal            0.040/4898.253 G/G
max_fitting_error_skew              340.910/340.910 G/G
r0_for_relative_multipoles          12 mm
main_monomial                       n = 0, skew:False
                                       Nn(s=0)      Integ_Nn     Nn/N0(@r0)   |    Sn(s=0)      Integ_Sn     Sn/S0(@r0)  
<multipole_order n>                    [T/m^n]      [T.m/m^n]        []       |    [T/m^n]      [T.m/m^n]        []      
n=00:                                5.5399e-01    -2.4136e-01   +1.0000e+00  |      ---           ---           ---     
n=01:                                7.2532e+00    +3.2305e+00   -1.6061e-01  |      ---           ---           ---     
n=02:                                5.4219e+00    +8.8868e-01   -5.3020e-04  |      ---           ---           ---     
n=03:                                5.3223e+01    -1.3171e+01   +9.4295e-05  |      ---           ---           ---     
n=04:                                1.9583e+02    +9.0342e+02   -7.7614e-05  |      ---           ---           ---     
n=05:                                7.2511e+05    -1.1212e+05   +1.1558e-04  |      ---           ---           ---     
n=06:                                4.6200e+06    -7.4697e+06   +9.2410e-05  |      ---           ---           ---     
