--- multipoles on reference trajectory (rz > 0) ---
effective_length:                   435.60295692617257 mm
perpendicular_grid:                 41 points in [-10.000000,+10.000000] mm
max_fitting_error_normal            0.076/5116.264 G/G
max_fitting_error_skew              350.642/350.642 G/G
r0_for_relative_multipoles          12 mm
main_monomial                       n = 0, skew:False
                                       Nn(s=0)      Integ_Nn     Nn/N0(@r0)   |    Sn(s=0)      Integ_Sn     Sn/S0(@r0)  
<multipole_order n>                    [T/m^n]      [T.m/m^n]        []       |    [T/m^n]      [T.m/m^n]        []      
n=00:                                5.7926e-01    -2.5233e-01   +1.0000e+00  |      ---           ---           ---     
n=01:                                7.5750e+00    +3.3770e+00   -1.6060e-01  |      ---           ---           ---     
n=02:                                7.2003e+00    +1.3080e+00   -7.4644e-04  |      ---           ---           ---     
n=03:                                1.4189e+02    -2.2148e+01   +1.5168e-04  |      ---           ---           ---     
n=04:                                2.2688e+04    -2.8309e+03   +2.3264e-04  |      ---           ---           ---     
n=05:                                6.2131e+05    -7.7376e+04   +7.6304e-05  |      ---           ---           ---     
n=06:                                1.4960e+08    +1.3221e+07   -1.5646e-04  |      ---           ---           ---     
