--- multipoles on reference trajectory (rz > 0) ---
effective_length:                   435.7095216590168 mm
perpendicular_grid:                 41 points in [-10.000000,+10.000000] mm
max_fitting_error_normal            0.048/4894.198 G/G
max_fitting_error_skew              336.483/336.483 G/G
r0_for_relative_multipoles          12 mm
main_monomial                       n = 0, skew:False
                                       Nn(s=0)      Integ_Nn     Nn/N0(@r0)   |    Sn(s=0)      Integ_Sn     Sn/S0(@r0)  
<multipole_order n>                    [T/m^n]      [T.m/m^n]        []       |    [T/m^n]      [T.m/m^n]        []      
n=00:                                5.5337e-01    -2.4111e-01   +1.0000e+00  |      ---           ---           ---     
n=01:                                7.2742e+00    +3.2367e+00   -1.6109e-01  |      ---           ---           ---     
n=02:                                6.3910e+00    +1.1167e+00   -6.6695e-04  |      ---           ---           ---     
n=03:                                2.8054e+01    -1.2480e+01   +8.9442e-05  |      ---           ---           ---     
n=04:                                2.7242e+04    -5.0704e+03   +4.3607e-04  |      ---           ---           ---     
n=05:                                9.5602e+04    -1.1852e+05   +1.2232e-04  |      ---           ---           ---     
n=06:                                1.5722e+08    +2.7487e+07   -3.4041e-04  |      ---           ---           ---     
