--- multipoles on reference trajectory (rz > 0) ---
effective_length:                   433.796526984961 mm
perpendicular_grid:                 41 points in [-10.000000,+10.000000] mm
max_fitting_error_normal            0.064/6405.297 G/G
max_fitting_error_skew              333.883/333.883 G/G
r0_for_relative_multipoles          12 mm
main_monomial                       n = 0, skew:False
                                       Nn(s=0)      Integ_Nn     Nn/N0(@r0)   |    Sn(s=0)      Integ_Sn     Sn/S0(@r0)  
<multipole_order n>                    [T/m^n]      [T.m/m^n]        []       |    [T/m^n]      [T.m/m^n]        []      
n=00:                                5.5477e-01    -2.4066e-01   +1.0000e+00  |      ---           ---           ---     
n=01:                                7.2855e+00    +3.2157e+00   -1.6035e-01  |      ---           ---           ---     
n=02:                                3.3050e+00    +7.0380e-01   -4.2113e-04  |      ---           ---           ---     
n=03:                                1.0202e+02    -6.6384e+01   +4.7666e-04  |      ---           ---           ---     
n=04:                                2.4741e+04    +4.2064e+03   -3.6244e-04  |      ---           ---           ---     
n=05:                                2.2640e+05    +2.1608e+05   -2.2343e-04  |      ---           ---           ---     
n=06:                                1.4250e+08    -2.7379e+07   +3.3971e-04  |      ---           ---           ---     
