--- multipoles on reference trajectory (rz > 0) ---
effective_length:                   435.81013758010016 mm
perpendicular_grid:                 41 points in [-10.000000,+10.000000] mm
max_fitting_error_normal            0.042/4639.172 G/G
max_fitting_error_skew              323.307/323.307 G/G
r0_for_relative_multipoles          12 mm
main_monomial                       n = 0, skew:False
                                       Nn(s=0)      Integ_Nn     Nn/N0(@r0)   |    Sn(s=0)      Integ_Sn     Sn/S0(@r0)  
<multipole_order n>                    [T/m^n]      [T.m/m^n]        []       |    [T/m^n]      [T.m/m^n]        []      
n=00:                                5.2465e-01    -2.2865e-01   +1.0000e+00  |      ---           ---           ---     
n=01:                                6.8481e+00    +3.0612e+00   -1.6066e-01  |      ---           ---           ---     
n=02:                                5.8669e+00    +8.8385e-01   -5.5664e-04  |      ---           ---           ---     
n=03:                                1.0705e+01    -1.0583e+01   +7.9980e-05  |      ---           ---           ---     
n=04:                                1.3475e+04    -1.6451e+03   +1.4919e-04  |      ---           ---           ---     
n=05:                                3.3244e+05    -1.3433e+05   +1.4619e-04  |      ---           ---           ---     
n=06:                                8.3309e+07    +9.3323e+06   -1.2187e-04  |      ---           ---           ---     
