--- multipoles on reference trajectory (rz > 0) ---
effective_length:                   436.29411618088295 mm
perpendicular_grid:                 41 points in [-10.000000,+10.000000] mm
max_fitting_error_normal            0.054/4860.279 G/G
max_fitting_error_skew              356.162/356.162 G/G
r0_for_relative_multipoles          12 mm
main_monomial                       n = 0, skew:False
                                       Nn(s=0)      Integ_Nn     Nn/N0(@r0)   |    Sn(s=0)      Integ_Sn     Sn/S0(@r0)  
<multipole_order n>                    [T/m^n]      [T.m/m^n]        []       |    [T/m^n]      [T.m/m^n]        []      
n=00:                                5.4972e-01    -2.3984e-01   +1.0000e+00  |      ---           ---           ---     
n=01:                                7.1960e+00    +3.2233e+00   -1.6127e-01  |      ---           ---           ---     
n=02:                                5.0167e+00    +9.6402e-01   -5.7880e-04  |      ---           ---           ---     
n=03:                                7.7969e+01    -5.2414e+01   +3.7764e-04  |      ---           ---           ---     
n=04:                                2.0494e+04    -5.3834e+02   +4.6544e-05  |      ---           ---           ---     
n=05:                                1.4192e+05    +1.3639e+05   -1.4150e-04  |      ---           ---           ---     
n=06:                                1.1435e+08    -2.9921e+05   +3.7252e-06  |      ---           ---           ---     
