--- multipoles on reference trajectory (rz > 0) ---
effective_length:                   435.43828118064073 mm
perpendicular_grid:                 41 points in [-10.000000,+10.000000] mm
max_fitting_error_normal            0.055/4620.907 G/G
max_fitting_error_skew              327.529/327.529 G/G
r0_for_relative_multipoles          12 mm
main_monomial                       n = 0, skew:False
                                       Nn(s=0)      Integ_Nn     Nn/N0(@r0)   |    Sn(s=0)      Integ_Sn     Sn/S0(@r0)  
<multipole_order n>                    [T/m^n]      [T.m/m^n]        []       |    [T/m^n]      [T.m/m^n]        []      
n=00:                                5.2347e-01    -2.2794e-01   +1.0000e+00  |      ---           ---           ---     
n=01:                                6.9076e+00    +3.0647e+00   -1.6134e-01  |      ---           ---           ---     
n=02:                                4.7982e+00    +9.0114e-01   -5.6929e-04  |      ---           ---           ---     
n=03:                                4.1484e+01    -2.8756e+01   +2.1799e-04  |      ---           ---           ---     
n=04:                                9.4136e+03    +5.9466e+02   -5.4097e-05  |      ---           ---           ---     
n=05:                                1.2462e+05    +6.0355e+04   -6.5887e-05  |      ---           ---           ---     
n=06:                                5.3758e+07    -2.8070e+06   +3.6771e-05  |      ---           ---           ---     
