--- multipoles on reference trajectory (rz > 0) ---
effective_length:                   435.5072911280719 mm
perpendicular_grid:                 41 points in [-10.000000,+10.000000] mm
max_fitting_error_normal            0.032/4870.550 G/G
max_fitting_error_skew              342.658/342.658 G/G
r0_for_relative_multipoles          12 mm
main_monomial                       n = 0, skew:False
                                       Nn(s=0)      Integ_Nn     Nn/N0(@r0)   |    Sn(s=0)      Integ_Sn     Sn/S0(@r0)  
<multipole_order n>                    [T/m^n]      [T.m/m^n]        []       |    [T/m^n]      [T.m/m^n]        []      
n=00:                                5.5045e-01    -2.3973e-01   +1.0000e+00  |      ---           ---           ---     
n=01:                                7.2270e+00    +3.2192e+00   -1.6114e-01  |      ---           ---           ---     
n=02:                                5.5958e+00    +1.0050e+00   -6.0367e-04  |      ---           ---           ---     
n=03:                                3.9923e+01    -2.9396e+01   +2.1190e-04  |      ---           ---           ---     
n=04:                                1.4958e+03    -2.1930e+03   +1.8970e-04  |      ---           ---           ---     
n=05:                                4.2027e+03    -1.6965e+04   +1.7610e-05  |      ---           ---           ---     
n=06:                                1.3791e+07    +1.0323e+07   -1.2858e-04  |      ---           ---           ---     
