--- multipoles on reference trajectory (rz > 0) ---
effective_length:                   434.49389621444556 mm
perpendicular_grid:                 41 points in [-10.000000,+10.000000] mm
max_fitting_error_normal            0.044/4632.926 G/G
max_fitting_error_skew              337.585/337.585 G/G
r0_for_relative_multipoles          12 mm
main_monomial                       n = 0, skew:False
                                       Nn(s=0)      Integ_Nn     Nn/N0(@r0)   |    Sn(s=0)      Integ_Sn     Sn/S0(@r0)  
<multipole_order n>                    [T/m^n]      [T.m/m^n]        []       |    [T/m^n]      [T.m/m^n]        []      
n=00:                                5.5401e-01    -2.4071e-01   +1.0000e+00  |      ---           ---           ---     
n=01:                                7.2547e+00    +3.2202e+00   -1.6053e-01  |      ---           ---           ---     
n=02:                                4.9825e+00    +9.0914e-01   -5.4387e-04  |      ---           ---           ---     
n=03:                                1.7496e+01    -1.4919e+01   +1.0710e-04  |      ---           ---           ---     
n=04:                                1.7520e+03    +2.1327e+02   -1.8372e-05  |      ---           ---           ---     
n=05:                                5.1350e+05    -1.2339e+05   +1.2755e-04  |      ---           ---           ---     
n=06:                                1.3927e+07    +1.5231e+06   -1.8894e-05  |      ---           ---           ---     
