--- multipoles on reference trajectory (rz > 0) ---
effective_length:                   434.58812186443805 mm
perpendicular_grid:                 41 points in [-10.000000,+10.000000] mm
max_fitting_error_normal            0.055/6057.827 G/G
max_fitting_error_skew              329.828/329.828 G/G
r0_for_relative_multipoles          12 mm
main_monomial                       n = 0, skew:False
                                       Nn(s=0)      Integ_Nn     Nn/N0(@r0)   |    Sn(s=0)      Integ_Sn     Sn/S0(@r0)  
<multipole_order n>                    [T/m^n]      [T.m/m^n]        []       |    [T/m^n]      [T.m/m^n]        []      
n=00:                                5.2287e-01    -2.2723e-01   +1.0000e+00  |      ---           ---           ---     
n=01:                                6.8660e+00    +3.0592e+00   -1.6155e-01  |      ---           ---           ---     
n=02:                                5.6441e+00    +1.0131e+00   -6.4198e-04  |      ---           ---           ---     
n=03:                                8.9011e+01    -4.2263e+01   +3.2139e-04  |      ---           ---           ---     
n=04:                                1.6259e+03    -1.6772e+03   +1.5305e-04  |      ---           ---           ---     
n=05:                                3.6976e+05    +1.3698e+05   -1.5000e-04  |      ---           ---           ---     
n=06:                                1.1836e+07    +5.4584e+06   -7.1727e-05  |      ---           ---           ---     
