--- multipoles on reference trajectory (rz > 0) ---
effective_length:                   433.79160257783207 mm
perpendicular_grid:                 41 points in [-10.000000,+10.000000] mm
max_fitting_error_normal            0.031/6702.480 G/G
max_fitting_error_skew              349.675/349.675 G/G
r0_for_relative_multipoles          12 mm
main_monomial                       n = 0, skew:False
                                       Nn(s=0)      Integ_Nn     Nn/N0(@r0)   |    Sn(s=0)      Integ_Sn     Sn/S0(@r0)  
<multipole_order n>                    [T/m^n]      [T.m/m^n]        []       |    [T/m^n]      [T.m/m^n]        []      
n=00:                                5.8016e-01    -2.5167e-01   +1.0000e+00  |      ---           ---           ---     
n=01:                                7.6364e+00    +3.3705e+00   -1.6071e-01  |      ---           ---           ---     
n=02:                                4.4286e+00    +9.9512e-01   -5.6939e-04  |      ---           ---           ---     
n=03:                                6.5044e+01    -3.5849e+01   +2.4615e-04  |      ---           ---           ---     
n=04:                                1.1744e+04    +1.3171e+03   -1.0852e-04  |      ---           ---           ---     
n=05:                                8.5032e+04    -1.2579e+04   +1.2437e-05  |      ---           ---           ---     
n=06:                                7.4209e+07    -1.4202e+07   +1.6851e-04  |      ---           ---           ---     
