--- multipoles on reference trajectory (rz > 0) ---
effective_length:                   434.1413387699698 mm
perpendicular_grid:                 41 points in [-10.000000,+10.000000] mm
max_fitting_error_normal            0.050/3809.256 G/G
max_fitting_error_skew              341.340/341.340 G/G
r0_for_relative_multipoles          12 mm
main_monomial                       n = 0, skew:False
                                       Nn(s=0)      Integ_Nn     Nn/N0(@r0)   |    Sn(s=0)      Integ_Sn     Sn/S0(@r0)  
<multipole_order n>                    [T/m^n]      [T.m/m^n]        []       |    [T/m^n]      [T.m/m^n]        []      
n=00:                                5.5587e-01    -2.4132e-01   +1.0000e+00  |      ---           ---           ---     
n=01:                                7.2896e+00    +3.2300e+00   -1.6062e-01  |      ---           ---           ---     
n=02:                                5.3893e+00    +8.5422e-01   -5.0972e-04  |      ---           ---           ---     
n=03:                                1.1937e+02    -3.8989e+01   +2.7918e-04  |      ---           ---           ---     
n=04:                                7.1944e+03    -2.0594e+03   +1.7695e-04  |      ---           ---           ---     
n=05:                                3.3427e+05    +1.2001e+04   -1.2374e-05  |      ---           ---           ---     
n=06:                                5.2145e+07    +1.3514e+07   -1.6721e-04  |      ---           ---           ---     
