--- multipoles on reference trajectory (rz > 0) ---
effective_length:                   436.04577757885903 mm
perpendicular_grid:                 41 points in [-10.000000,+10.000000] mm
max_fitting_error_normal            0.045/5119.384 G/G
max_fitting_error_skew              348.231/348.231 G/G
r0_for_relative_multipoles          12 mm
main_monomial                       n = 0, skew:False
                                       Nn(s=0)      Integ_Nn     Nn/N0(@r0)   |    Sn(s=0)      Integ_Sn     Sn/S0(@r0)  
<multipole_order n>                    [T/m^n]      [T.m/m^n]        []       |    [T/m^n]      [T.m/m^n]        []      
n=00:                                5.7911e-01    -2.5252e-01   +1.0000e+00  |      ---           ---           ---     
n=01:                                7.5471e+00    +3.3734e+00   -1.6031e-01  |      ---           ---           ---     
n=02:                                6.2376e+00    +1.0083e+00   -5.7498e-04  |      ---           ---           ---     
n=03:                                7.9688e+00    +5.9831e-01   -4.0943e-06  |      ---           ---           ---     
n=04:                                1.0210e+03    -2.5979e+02   +2.1333e-05  |      ---           ---           ---     
n=05:                                5.0927e+05    -2.5596e+05   +2.5223e-04  |      ---           ---           ---     
n=06:                                4.9937e+06    +4.6259e+05   -5.4701e-06  |      ---           ---           ---     
