--- multipoles on reference trajectory (rz > 0) ---
effective_length:                   433.72278901731187 mm
perpendicular_grid:                 41 points in [-10.000000,+10.000000] mm
max_fitting_error_normal            0.062/6074.417 G/G
max_fitting_error_skew              316.137/316.137 G/G
r0_for_relative_multipoles          12 mm
main_monomial                       n = 0, skew:False
                                       Nn(s=0)      Integ_Nn     Nn/N0(@r0)   |    Sn(s=0)      Integ_Sn     Sn/S0(@r0)  
<multipole_order n>                    [T/m^n]      [T.m/m^n]        []       |    [T/m^n]      [T.m/m^n]        []      
n=00:                                5.2587e-01    -2.2808e-01   +1.0000e+00  |      ---           ---           ---     
n=01:                                6.9312e+00    +3.0573e+00   -1.6086e-01  |      ---           ---           ---     
n=02:                                3.5927e+00    +7.9171e-01   -4.9985e-04  |      ---           ---           ---     
n=03:                                9.3152e+01    -4.2405e+01   +3.2128e-04  |      ---           ---           ---     
n=04:                                1.4485e+04    +1.0425e+03   -9.4780e-05  |      ---           ---           ---     
n=05:                                2.8670e+05    +1.2808e+05   -1.3974e-04  |      ---           ---           ---     
n=06:                                9.6367e+07    -1.2407e+07   +1.6243e-04  |      ---           ---           ---     
