--- multipoles on reference trajectory (rz > 0) ---
effective_length:                   433.2889500041116 mm
perpendicular_grid:                 41 points in [-10.000000,+10.000000] mm
max_fitting_error_normal            0.046/4618.753 G/G
max_fitting_error_skew              314.766/314.766 G/G
r0_for_relative_multipoles          12 mm
main_monomial                       n = 0, skew:False
                                       Nn(s=0)      Integ_Nn     Nn/N0(@r0)   |    Sn(s=0)      Integ_Sn     Sn/S0(@r0)  
<multipole_order n>                    [T/m^n]      [T.m/m^n]        []       |    [T/m^n]      [T.m/m^n]        []      
n=00:                                5.2625e-01    -2.2802e-01   +1.0000e+00  |      ---           ---           ---     
n=01:                                6.9419e+00    +3.0626e+00   -1.6118e-01  |      ---           ---           ---     
n=02:                                4.5538e+00    +1.1332e+00   -7.1563e-04  |      ---           ---           ---     
n=03:                                3.3343e+01    -3.1543e+01   +2.3904e-04  |      ---           ---           ---     
n=04:                                5.5696e+02    -5.3953e+03   +4.9065e-04  |      ---           ---           ---     
n=05:                                9.3250e+04    -1.2665e+04   +1.3821e-05  |      ---           ---           ---     
n=06:                                4.3407e+06    +3.0207e+07   -3.9557e-04  |      ---           ---           ---     
