--- multipoles on reference trajectory (rz > 0) ---
effective_length:                   435.85343503480345 mm
perpendicular_grid:                 41 points in [-10.000000,+10.000000] mm
max_fitting_error_normal            0.038/6372.834 G/G
max_fitting_error_skew              336.403/336.403 G/G
r0_for_relative_multipoles          12 mm
main_monomial                       n = 0, skew:False
                                       Nn(s=0)      Integ_Nn     Nn/N0(@r0)   |    Sn(s=0)      Integ_Sn     Sn/S0(@r0)  
<multipole_order n>                    [T/m^n]      [T.m/m^n]        []       |    [T/m^n]      [T.m/m^n]        []      
n=00:                                5.4964e-01    -2.3956e-01   +1.0000e+00  |      ---           ---           ---     
n=01:                                7.2051e+00    +3.2193e+00   -1.6126e-01  |      ---           ---           ---     
n=02:                                5.8639e+00    +1.0239e+00   -6.1546e-04  |      ---           ---           ---     
n=03:                                8.3234e+01    -5.4961e+01   +3.9644e-04  |      ---           ---           ---     
n=04:                                9.5887e+03    -3.0084e+03   +2.6040e-04  |      ---           ---           ---     
n=05:                                4.4090e+04    +1.0131e+05   -1.0523e-04  |      ---           ---           ---     
n=06:                                6.8224e+07    +1.2698e+07   -1.5827e-04  |      ---           ---           ---     
