--- multipoles on reference trajectory (rz > 0) ---
effective_length:                   436.6735884782485 mm
perpendicular_grid:                 41 points in [-10.000000,+10.000000] mm
max_fitting_error_normal            0.239/6251.169 G/G
max_fitting_error_skew              5.007/5.007 G/G
r0_for_relative_multipoles          12 mm
main_monomial                       n = 0, skew:False
                                       Nn(s=0)      Integ_Nn     Nn/N0(@r0)   |    Sn(s=0)      Integ_Sn     Sn/S0(@r0)  
<multipole_order n>                    [T/m^n]      [T.m/m^n]        []       |    [T/m^n]      [T.m/m^n]        []      
n=00:                                5.5731e-01    -2.4336e-01   +1.0000e+00  |      ---           ---           ---     
n=01:                                7.3119e+00    +3.2745e+00   -1.6146e-01  |      ---           ---           ---     
n=02:                                6.5190e+00    +9.4584e-01   -5.5966e-04  |      ---           ---           ---     
n=03:                                8.9817e+01    -1.4002e+01   +9.9420e-05  |      ---           ---           ---     
n=04:                                2.2743e+04    -3.0364e+03   +2.5872e-04  |      ---           ---           ---     
n=05:                                1.3892e+05    -2.0402e+05   +2.0861e-04  |      ---           ---           ---     
n=06:                                1.2281e+08    +3.9475e+06   -4.8435e-05  |      ---           ---           ---     
