--- multipoles on reference trajectory (rz > 0) ---
effective_length:                   436.7510032911771 mm
perpendicular_grid:                 41 points in [-10.000000,+10.000000] mm
max_fitting_error_normal            0.027/6707.835 G/G
max_fitting_error_skew              353.631/353.631 G/G
r0_for_relative_multipoles          12 mm
main_monomial                       n = 0, skew:False
                                       Nn(s=0)      Integ_Nn     Nn/N0(@r0)   |    Sn(s=0)      Integ_Sn     Sn/S0(@r0)  
<multipole_order n>                    [T/m^n]      [T.m/m^n]        []       |    [T/m^n]      [T.m/m^n]        []      
n=00:                                5.7786e-01    -2.5238e-01   +1.0000e+00  |      ---           ---           ---     
n=01:                                7.5436e+00    +3.3768e+00   -1.6056e-01  |      ---           ---           ---     
n=02:                                6.4012e+00    +9.5339e-01   -5.4397e-04  |      ---           ---           ---     
n=03:                                4.1390e+01    -1.9284e+01   +1.3203e-04  |      ---           ---           ---     
n=04:                                7.6956e+03    -9.8957e+02   +8.1304e-05  |      ---           ---           ---     
n=05:                                8.0109e+04    -6.8419e+04   +6.7456e-05  |      ---           ---           ---     
n=06:                                5.4432e+07    +9.0447e+06   -1.0701e-04  |      ---           ---           ---     
