--- multipoles on reference trajectory (rz > 0) ---
effective_length:                   434.9305499810676 mm
perpendicular_grid:                 41 points in [-10.000000,+10.000000] mm
max_fitting_error_normal            0.050/4713.789 G/G
max_fitting_error_skew              356.939/356.939 G/G
r0_for_relative_multipoles          12 mm
main_monomial                       n = 0, skew:False
                                       Nn(s=0)      Integ_Nn     Nn/N0(@r0)   |    Sn(s=0)      Integ_Sn     Sn/S0(@r0)  
<multipole_order n>                    [T/m^n]      [T.m/m^n]        []       |    [T/m^n]      [T.m/m^n]        []      
n=00:                                5.5264e-01    -2.4036e-01   +1.0000e+00  |      ---           ---           ---     
n=01:                                7.2483e+00    +3.2184e+00   -1.6068e-01  |      ---           ---           ---     
n=02:                                4.1492e+00    +8.5361e-01   -5.1140e-04  |      ---           ---           ---     
n=03:                                2.9392e+01    -2.5952e+01   +1.8658e-04  |      ---           ---           ---     
n=04:                                1.6432e+04    -1.2439e+02   +1.0731e-05  |      ---           ---           ---     
n=05:                                5.1692e+05    -1.1435e+04   +1.1838e-05  |      ---           ---           ---     
n=06:                                8.9427e+07    +2.4043e+06   -2.9868e-05  |      ---           ---           ---     
