--- multipoles on reference trajectory (rz > 0) ---
effective_length:                   436.12709544453674 mm
perpendicular_grid:                 41 points in [-10.000000,+10.000000] mm
max_fitting_error_normal            0.044/4624.179 G/G
max_fitting_error_skew              337.075/337.075 G/G
r0_for_relative_multipoles          12 mm
main_monomial                       n = 0, skew:False
                                       Nn(s=0)      Integ_Nn     Nn/N0(@r0)   |    Sn(s=0)      Integ_Sn     Sn/S0(@r0)  
<multipole_order n>                    [T/m^n]      [T.m/m^n]        []       |    [T/m^n]      [T.m/m^n]        []      
n=00:                                5.2259e-01    -2.2792e-01   +1.0000e+00  |      ---           ---           ---     
n=01:                                6.8496e+00    +3.0657e+00   -1.6141e-01  |      ---           ---           ---     
n=02:                                6.0502e+00    +1.0590e+00   -6.6909e-04  |      ---           ---           ---     
n=03:                                1.9982e+02    -3.9648e+01   +3.0060e-04  |      ---           ---           ---     
n=04:                                3.6167e+03    -3.9143e+03   +3.5613e-04  |      ---           ---           ---     
n=05:                                1.0863e+06    +8.4980e+04   -9.2779e-05  |      ---           ---           ---     
n=06:                                5.1474e+06    +1.9136e+07   -2.5070e-04  |      ---           ---           ---     
