--- multipoles on reference trajectory (rz > 0) ---
effective_length:                   434.19859899001307 mm
perpendicular_grid:                 41 points in [-10.000000,+10.000000] mm
max_fitting_error_normal            0.026/3858.745 G/G
max_fitting_error_skew              353.926/353.926 G/G
r0_for_relative_multipoles          12 mm
main_monomial                       n = 0, skew:False
                                       Nn(s=0)      Integ_Nn     Nn/N0(@r0)   |    Sn(s=0)      Integ_Sn     Sn/S0(@r0)  
<multipole_order n>                    [T/m^n]      [T.m/m^n]        []       |    [T/m^n]      [T.m/m^n]        []      
n=00:                                5.7938e-01    -2.5156e-01   +1.0000e+00  |      ---           ---           ---     
n=01:                                7.6064e+00    +3.3744e+00   -1.6096e-01  |      ---           ---           ---     
n=02:                                5.9006e+00    +1.2103e+00   -6.9282e-04  |      ---           ---           ---     
n=03:                                3.4280e+01    -1.6335e+01   +1.1221e-04  |      ---           ---           ---     
n=04:                                7.0482e+03    -1.7885e+02   +1.4742e-05  |      ---           ---           ---     
n=05:                                2.1104e+05    -6.2357e+04   +6.1679e-05  |      ---           ---           ---     
n=06:                                5.1709e+07    -5.7452e+06   +6.8194e-05  |      ---           ---           ---     
