--- multipoles on reference trajectory (rz > 0) ---
effective_length:                   435.82863347427 mm
perpendicular_grid:                 41 points in [-10.000000,+10.000000] mm
max_fitting_error_normal            0.051/4910.824 G/G
max_fitting_error_skew              340.081/340.081 G/G
r0_for_relative_multipoles          12 mm
main_monomial                       n = 0, skew:False
                                       Nn(s=0)      Integ_Nn     Nn/N0(@r0)   |    Sn(s=0)      Integ_Sn     Sn/S0(@r0)  
<multipole_order n>                    [T/m^n]      [T.m/m^n]        []       |    [T/m^n]      [T.m/m^n]        []      
n=00:                                5.5427e-01    -2.4157e-01   +1.0000e+00  |      ---           ---           ---     
n=01:                                7.2416e+00    +3.2340e+00   -1.6065e-01  |      ---           ---           ---     
n=02:                                6.3469e+00    +1.1830e+00   -7.0522e-04  |      ---           ---           ---     
n=03:                                1.7823e+02    -3.3155e+01   +2.3717e-04  |      ---           ---           ---     
n=04:                                1.6260e+04    -3.6348e+03   +3.1201e-04  |      ---           ---           ---     
n=05:                                8.6476e+05    +2.9609e+04   -3.0499e-05  |      ---           ---           ---     
n=06:                                1.1541e+08    +1.9415e+07   -2.3998e-04  |      ---           ---           ---     
