--- multipoles on reference trajectory (rz > 0) ---
effective_length:                   434.8725588381343 mm
perpendicular_grid:                 41 points in [-10.000000,+10.000000] mm
max_fitting_error_normal            0.049/6427.472 G/G
max_fitting_error_skew              345.675/345.675 G/G
r0_for_relative_multipoles          12 mm
main_monomial                       n = 0, skew:False
                                       Nn(s=0)      Integ_Nn     Nn/N0(@r0)   |    Sn(s=0)      Integ_Sn     Sn/S0(@r0)  
<multipole_order n>                    [T/m^n]      [T.m/m^n]        []       |    [T/m^n]      [T.m/m^n]        []      
n=00:                                5.5518e-01    -2.4143e-01   +1.0000e+00  |      ---           ---           ---     
n=01:                                7.2882e+00    +3.2354e+00   -1.6081e-01  |      ---           ---           ---     
n=02:                                6.5266e+00    +1.2427e+00   -7.4121e-04  |      ---           ---           ---     
n=03:                                6.1013e+01    -2.1188e+01   +1.5165e-04  |      ---           ---           ---     
n=04:                                2.1353e+04    -4.3777e+03   +3.7599e-04  |      ---           ---           ---     
n=05:                                2.0615e+04    -8.5359e+04   +8.7975e-05  |      ---           ---           ---     
n=06:                                1.3147e+08    +2.4959e+07   -3.0869e-04  |      ---           ---           ---     
