--- multipoles on reference trajectory (rz > 0) ---
effective_length:                   435.87486487851027 mm
perpendicular_grid:                 41 points in [-10.000000,+10.000000] mm
max_fitting_error_normal            0.039/4465.607 G/G
max_fitting_error_skew              338.674/338.674 G/G
r0_for_relative_multipoles          12 mm
main_monomial                       n = 0, skew:False
                                       Nn(s=0)      Integ_Nn     Nn/N0(@r0)   |    Sn(s=0)      Integ_Sn     Sn/S0(@r0)  
<multipole_order n>                    [T/m^n]      [T.m/m^n]        []       |    [T/m^n]      [T.m/m^n]        []      
n=00:                                5.5323e-01    -2.4114e-01   +1.0000e+00  |      ---           ---           ---     
n=01:                                7.2283e+00    +3.2305e+00   -1.6076e-01  |      ---           ---           ---     
n=02:                                5.0785e+00    +7.3437e-01   -4.3854e-04  |      ---           ---           ---     
n=03:                                1.7825e+01    -1.7659e+01   +1.2654e-04  |      ---           ---           ---     
n=04:                                4.8168e+03    +3.9954e+02   -3.4357e-05  |      ---           ---           ---     
n=05:                                2.5655e+05    -9.9766e+04   +1.0295e-04  |      ---           ---           ---     
n=06:                                5.1269e+06    +9.0015e+05   -1.1146e-05  |      ---           ---           ---     
