--- multipoles on reference trajectory (rz > 0) ---
effective_length:                   426.3172928867876 mm
perpendicular_grid:                 41 points in [-10.000000,+10.000000] mm
max_fitting_error_normal            0.021/4796.604 G/G
max_fitting_error_skew              0.000/0.000 G/G
r0_for_relative_multipoles          12 mm
main_monomial                       n = 0, skew:False
                                       Nn(s=0)      Integ_Nn     Nn/N0(@r0)   |    Sn(s=0)      Integ_Sn     Sn/S0(@r0)  
<multipole_order n>                    [T/m^n]      [T.m/m^n]        []       |    [T/m^n]      [T.m/m^n]        []      
n=00:                                5.6451e-01    -2.4060e-01   +1.0000e+00  |      ---           ---           ---     
n=01:                                7.6399e+00    +3.2305e+00   -1.6112e-01  |      ---           ---           ---     
n=02:                                3.3773e+00    -4.5570e-01   +2.7274e-04  |      ---           ---           ---     
n=03:                                2.0724e+02    -1.1370e+02   +8.1656e-04  |      ---           ---           ---     
n=04:                                4.9500e+03    -1.4791e+03   +1.2748e-04  |      ---           ---           ---     
n=05:                                7.8261e+03    +3.0928e+03   -3.1985e-06  |      ---           ---           ---     
n=06:                                5.6712e+06    +5.2840e+05   -6.5576e-06  |      ---           ---           ---     
