--- multipoles on reference trajectory (rz > 0) ---
effective_length:                   433.8199237951208 mm
perpendicular_grid:                 41 points in [-10.000000,+10.000000] mm
max_fitting_error_normal            0.036/3586.564 G/G
max_fitting_error_skew              336.562/336.562 G/G
r0_for_relative_multipoles          12 mm
main_monomial                       n = 0, skew:False
                                       Nn(s=0)      Integ_Nn     Nn/N0(@r0)   |    Sn(s=0)      Integ_Sn     Sn/S0(@r0)  
<multipole_order n>                    [T/m^n]      [T.m/m^n]        []       |    [T/m^n]      [T.m/m^n]        []      
n=00:                                5.5225e-01    -2.3958e-01   +1.0000e+00  |      ---           ---           ---     
n=01:                                7.2571e+00    +3.2162e+00   -1.6109e-01  |      ---           ---           ---     
n=02:                                5.0112e+00    +9.0474e-01   -5.4380e-04  |      ---           ---           ---     
n=03:                                2.0544e+01    -1.4541e+01   +1.0488e-04  |      ---           ---           ---     
n=04:                                6.0897e+02    -2.4025e+02   +2.0794e-05  |      ---           ---           ---     
n=05:                                5.1026e+05    -1.2304e+05   +1.2779e-04  |      ---           ---           ---     
n=06:                                1.8281e+07    +3.9999e+06   -4.9853e-05  |      ---           ---           ---     
