--- multipoles on reference trajectory (rz > 0) ---
effective_length:                   434.81040779143075 mm
perpendicular_grid:                 41 points in [-10.000000,+10.000000] mm
max_fitting_error_normal            0.041/3410.125 G/G
max_fitting_error_skew              358.993/358.993 G/G
r0_for_relative_multipoles          12 mm
main_monomial                       n = 0, skew:False
                                       Nn(s=0)      Integ_Nn     Nn/N0(@r0)   |    Sn(s=0)      Integ_Sn     Sn/S0(@r0)  
<multipole_order n>                    [T/m^n]      [T.m/m^n]        []       |    [T/m^n]      [T.m/m^n]        []      
n=00:                                5.5567e-01    -2.4161e-01   +1.0000e+00  |      ---           ---           ---     
n=01:                                7.2812e+00    +3.2298e+00   -1.6042e-01  |      ---           ---           ---     
n=02:                                5.3319e+00    +8.5994e-01   -5.1253e-04  |      ---           ---           ---     
n=03:                                2.7602e+01    -2.7953e+01   +1.9992e-04  |      ---           ---           ---     
n=04:                                1.2239e+04    +1.6523e+02   -1.4181e-05  |      ---           ---           ---     
n=05:                                2.0105e+05    -4.1290e+04   +4.2525e-05  |      ---           ---           ---     
n=06:                                8.5156e+07    -9.1830e+05   +1.1349e-05  |      ---           ---           ---     
