--- multipoles on reference trajectory (rz > 0) ---
effective_length:                   435.4282780597846 mm
perpendicular_grid:                 41 points in [-10.000000,+10.000000] mm
max_fitting_error_normal            0.047/6705.915 G/G
max_fitting_error_skew              362.098/362.098 G/G
r0_for_relative_multipoles          12 mm
main_monomial                       n = 0, skew:False
                                       Nn(s=0)      Integ_Nn     Nn/N0(@r0)   |    Sn(s=0)      Integ_Sn     Sn/S0(@r0)  
<multipole_order n>                    [T/m^n]      [T.m/m^n]        []       |    [T/m^n]      [T.m/m^n]        []      
n=00:                                5.7914e-01    -2.5217e-01   +1.0000e+00  |      ---           ---           ---     
n=01:                                7.5787e+00    +3.3771e+00   -1.6071e-01  |      ---           ---           ---     
n=02:                                5.8541e+00    +1.1357e+00   -6.4855e-04  |      ---           ---           ---     
n=03:                                5.9451e+00    -2.3979e+01   +1.6431e-04  |      ---           ---           ---     
n=04:                                1.1771e+04    +9.7642e+02   -8.0291e-05  |      ---           ---           ---     
n=05:                                3.7616e+05    -8.5573e+03   +8.4439e-06  |      ---           ---           ---     
n=06:                                8.0474e+07    -1.0178e+07   +1.2052e-04  |      ---           ---           ---     
