--- multipoles on reference trajectory (rz > 0) ---
effective_length:                   434.48970869940257 mm
perpendicular_grid:                 41 points in [-10.000000,+10.000000] mm
max_fitting_error_normal            0.035/4902.198 G/G
max_fitting_error_skew              340.721/340.721 G/G
r0_for_relative_multipoles          12 mm
main_monomial                       n = 0, skew:False
                                       Nn(s=0)      Integ_Nn     Nn/N0(@r0)   |    Sn(s=0)      Integ_Sn     Sn/S0(@r0)  
<multipole_order n>                    [T/m^n]      [T.m/m^n]        []       |    [T/m^n]      [T.m/m^n]        []      
n=00:                                5.5671e-01    -2.4188e-01   +1.0000e+00  |      ---           ---           ---     
n=01:                                7.3105e+00    +3.2355e+00   -1.6052e-01  |      ---           ---           ---     
n=02:                                4.3775e+00    +1.0474e+00   -6.2353e-04  |      ---           ---           ---     
n=03:                                3.6024e+01    -3.4266e+01   +2.4479e-04  |      ---           ---           ---     
n=04:                                2.9481e+03    -3.1837e+03   +2.7293e-04  |      ---           ---           ---     
n=05:                                2.2271e+05    +3.3505e+03   -3.4468e-06  |      ---           ---           ---     
n=06:                                1.3374e+07    +1.6767e+07   -2.0698e-04  |      ---           ---           ---     
