--- multipoles on reference trajectory (rz > 0) ---
effective_length:                   433.7773217390625 mm
perpendicular_grid:                 41 points in [-10.000000,+10.000000] mm
max_fitting_error_normal            0.059/6386.594 G/G
max_fitting_error_skew              332.915/332.915 G/G
r0_for_relative_multipoles          12 mm
main_monomial                       n = 0, skew:False
                                       Nn(s=0)      Integ_Nn     Nn/N0(@r0)   |    Sn(s=0)      Integ_Sn     Sn/S0(@r0)  
<multipole_order n>                    [T/m^n]      [T.m/m^n]        []       |    [T/m^n]      [T.m/m^n]        []      
n=00:                                5.5300e-01    -2.3988e-01   +1.0000e+00  |      ---           ---           ---     
n=01:                                7.2872e+00    +3.2161e+00   -1.6089e-01  |      ---           ---           ---     
n=02:                                3.2385e+00    +6.4288e-01   -3.8592e-04  |      ---           ---           ---     
n=03:                                8.5258e+01    -6.3572e+01   +4.5795e-04  |      ---           ---           ---     
n=04:                                2.4884e+04    +4.9346e+03   -4.2656e-04  |      ---           ---           ---     
n=05:                                9.6630e+04    +1.9048e+05   -1.9759e-04  |      ---           ---           ---     
n=06:                                1.4207e+08    -3.1381e+07   +3.9062e-04  |      ---           ---           ---     
