--- multipoles on reference trajectory (rz > 0) ---
effective_length:                   435.63356170238967 mm
perpendicular_grid:                 41 points in [-10.000000,+10.000000] mm
max_fitting_error_normal            0.037/4822.237 G/G
max_fitting_error_skew              343.141/343.141 G/G
r0_for_relative_multipoles          12 mm
main_monomial                       n = 0, skew:False
                                       Nn(s=0)      Integ_Nn     Nn/N0(@r0)   |    Sn(s=0)      Integ_Sn     Sn/S0(@r0)  
<multipole_order n>                    [T/m^n]      [T.m/m^n]        []       |    [T/m^n]      [T.m/m^n]        []      
n=00:                                5.5014e-01    -2.3966e-01   +1.0000e+00  |      ---           ---           ---     
n=01:                                7.2302e+00    +3.2231e+00   -1.6138e-01  |      ---           ---           ---     
n=02:                                5.1659e+00    +9.5233e-01   -5.7221e-04  |      ---           ---           ---     
n=03:                                4.1918e+00    -4.5790e+01   +3.3016e-04  |      ---           ---           ---     
n=04:                                3.7348e+03    -1.2516e+03   +1.0829e-04  |      ---           ---           ---     
n=05:                                4.7174e+05    +2.4596e+04   -2.5537e-05  |      ---           ---           ---     
n=06:                                1.0028e+07    +6.7820e+06   -8.4499e-05  |      ---           ---           ---     
