--- multipoles on reference trajectory (rz > 0) ---
effective_length:                   433.5410624196318 mm
perpendicular_grid:                 41 points in [-10.000000,+10.000000] mm
max_fitting_error_normal            0.068/5113.173 G/G
max_fitting_error_skew              356.337/356.337 G/G
r0_for_relative_multipoles          12 mm
main_monomial                       n = 0, skew:False
                                       Nn(s=0)      Integ_Nn     Nn/N0(@r0)   |    Sn(s=0)      Integ_Sn     Sn/S0(@r0)  
<multipole_order n>                    [T/m^n]      [T.m/m^n]        []       |    [T/m^n]      [T.m/m^n]        []      
n=00:                                5.7939e-01    -2.5119e-01   +1.0000e+00  |      ---           ---           ---     
n=01:                                7.6088e+00    +3.3677e+00   -1.6089e-01  |      ---           ---           ---     
n=02:                                6.2596e+00    +1.0086e+00   -5.7823e-04  |      ---           ---           ---     
n=03:                                1.5585e+02    -6.4370e+01   +4.4282e-04  |      ---           ---           ---     
n=04:                                2.1173e+04    -3.5763e+03   +2.9523e-04  |      ---           ---           ---     
n=05:                                6.2781e+05    +1.8171e+05   -1.8000e-04  |      ---           ---           ---     
n=06:                                1.5406e+08    +2.1092e+07   -2.5074e-04  |      ---           ---           ---     
