--- multipoles on reference trajectory (rz > 0) ---
effective_length:                   433.79071587752713 mm
perpendicular_grid:                 41 points in [-10.000000,+10.000000] mm
max_fitting_error_normal            0.031/6701.508 G/G
max_fitting_error_skew              349.624/349.624 G/G
r0_for_relative_multipoles          12 mm
main_monomial                       n = 0, skew:False
                                       Nn(s=0)      Integ_Nn     Nn/N0(@r0)   |    Sn(s=0)      Integ_Sn     Sn/S0(@r0)  
<multipole_order n>                    [T/m^n]      [T.m/m^n]        []       |    [T/m^n]      [T.m/m^n]        []      
n=00:                                5.8007e-01    -2.5163e-01   +1.0000e+00  |      ---           ---           ---     
n=01:                                7.6365e+00    +3.3705e+00   -1.6074e-01  |      ---           ---           ---     
n=02:                                4.4268e+00    +9.9379e-01   -5.6872e-04  |      ---           ---           ---     
n=03:                                6.4702e+01    -3.5830e+01   +2.4605e-04  |      ---           ---           ---     
n=04:                                1.1717e+04    +1.3176e+03   -1.0858e-04  |      ---           ---           ---     
n=05:                                8.8037e+04    -1.3137e+04   +1.2991e-05  |      ---           ---           ---     
n=06:                                7.4032e+07    -1.4213e+07   +1.6866e-04  |      ---           ---           ---     
