--- multipoles on reference trajectory (rz > 0) ---
effective_length:                   435.23952323458883 mm
perpendicular_grid:                 41 points in [-10.000000,+10.000000] mm
max_fitting_error_normal            0.061/4875.381 G/G
max_fitting_error_skew              345.389/345.389 G/G
r0_for_relative_multipoles          12 mm
main_monomial                       n = 0, skew:False
                                       Nn(s=0)      Integ_Nn     Nn/N0(@r0)   |    Sn(s=0)      Integ_Sn     Sn/S0(@r0)  
<multipole_order n>                    [T/m^n]      [T.m/m^n]        []       |    [T/m^n]      [T.m/m^n]        []      
n=00:                                5.5261e-01    -2.4052e-01   +1.0000e+00  |      ---           ---           ---     
n=01:                                7.2568e+00    +3.2366e+00   -1.6148e-01  |      ---           ---           ---     
n=02:                                5.0628e+00    +1.0564e+00   -6.3250e-04  |      ---           ---           ---     
n=03:                                9.5626e+01    -9.7851e+00   +7.0302e-05  |      ---           ---           ---     
n=04:                                2.1893e+04    -1.0903e+03   +9.4001e-05  |      ---           ---           ---     
n=05:                                9.8320e+05    -7.2371e+04   +7.4873e-05  |      ---           ---           ---     
n=06:                                1.4881e+08    +5.7399e+05   -7.1261e-06  |      ---           ---           ---     
