--- multipoles on reference trajectory (rz > 0) ---
effective_length:                   436.74957550449403 mm
perpendicular_grid:                 41 points in [-10.000000,+10.000000] mm
max_fitting_error_normal            0.054/6527.379 G/G
max_fitting_error_skew              346.395/346.395 G/G
r0_for_relative_multipoles          12 mm
main_monomial                       n = 0, skew:False
                                       Nn(s=0)      Integ_Nn     Nn/N0(@r0)   |    Sn(s=0)      Integ_Sn     Sn/S0(@r0)  
<multipole_order n>                    [T/m^n]      [T.m/m^n]        []       |    [T/m^n]      [T.m/m^n]        []      
n=00:                                5.7853e-01    -2.5267e-01   +1.0000e+00  |      ---           ---           ---     
n=01:                                7.5375e+00    +3.3756e+00   -1.6032e-01  |      ---           ---           ---     
n=02:                                6.1523e+00    +9.5159e-01   -5.4232e-04  |      ---           ---           ---     
n=03:                                1.2597e+02    -5.7143e+01   +3.9080e-04  |      ---           ---           ---     
n=04:                                8.8261e+03    +9.4035e+02   -7.7172e-05  |      ---           ---           ---     
n=05:                                3.8120e+05    +1.1483e+05   -1.1309e-04  |      ---           ---           ---     
n=06:                                8.6192e+07    -4.5378e+06   +5.3627e-05  |      ---           ---           ---     
