--- multipoles on reference trajectory (rz > 0) ---
effective_length:                   434.6006619361234 mm
perpendicular_grid:                 41 points in [-10.000000,+10.000000] mm
max_fitting_error_normal            0.033/3157.979 G/G
max_fitting_error_skew              317.158/317.158 G/G
r0_for_relative_multipoles          12 mm
main_monomial                       n = 0, skew:False
                                       Nn(s=0)      Integ_Nn     Nn/N0(@r0)   |    Sn(s=0)      Integ_Sn     Sn/S0(@r0)  
<multipole_order n>                    [T/m^n]      [T.m/m^n]        []       |    [T/m^n]      [T.m/m^n]        []      
n=00:                                5.2393e-01    -2.2770e-01   +1.0000e+00  |      ---           ---           ---     
n=01:                                6.8949e+00    +3.0564e+00   -1.6108e-01  |      ---           ---           ---     
n=02:                                4.2396e+00    +7.0275e-01   -4.4443e-04  |      ---           ---           ---     
n=03:                                4.5579e+01    -3.6390e+01   +2.7616e-04  |      ---           ---           ---     
n=04:                                8.0452e+03    +1.7452e+03   -1.5893e-04  |      ---           ---           ---     
n=05:                                1.1324e+04    +4.8897e+04   -5.3435e-05  |      ---           ---           ---     
n=06:                                3.1352e+07    -1.0554e+07   +1.3840e-04  |      ---           ---           ---     
