--- multipoles on reference trajectory (rz > 0) ---
effective_length:                   434.7600221229841 mm
perpendicular_grid:                 41 points in [-10.000000,+10.000000] mm
max_fitting_error_normal            0.040/6373.717 G/G
max_fitting_error_skew              342.433/342.433 G/G
r0_for_relative_multipoles          12 mm
main_monomial                       n = 0, skew:False
                                       Nn(s=0)      Integ_Nn     Nn/N0(@r0)   |    Sn(s=0)      Integ_Sn     Sn/S0(@r0)  
<multipole_order n>                    [T/m^n]      [T.m/m^n]        []       |    [T/m^n]      [T.m/m^n]        []      
n=00:                                5.5007e-01    -2.3915e-01   +1.0000e+00  |      ---           ---           ---     
n=01:                                7.2075e+00    +3.2100e+00   -1.6107e-01  |      ---           ---           ---     
n=02:                                5.1929e+00    +7.7137e-01   -4.6447e-04  |      ---           ---           ---     
n=03:                                1.0166e+02    -4.3297e+01   +3.1285e-04  |      ---           ---           ---     
n=04:                                3.3129e+03    +6.6552e+02   -5.7706e-05  |      ---           ---           ---     
n=05:                                1.6889e+05    +5.4126e+04   -5.6317e-05  |      ---           ---           ---     
n=06:                                1.7986e+07    -7.8966e+06   +9.8596e-05  |      ---           ---           ---     
