--- multipoles on reference trajectory (rz > 0) ---
effective_length:                   436.2276455102401 mm
perpendicular_grid:                 41 points in [-10.000000,+10.000000] mm
max_fitting_error_normal            0.042/6068.911 G/G
max_fitting_error_skew              323.511/323.511 G/G
r0_for_relative_multipoles          12 mm
main_monomial                       n = 0, skew:False
                                       Nn(s=0)      Integ_Nn     Nn/N0(@r0)   |    Sn(s=0)      Integ_Sn     Sn/S0(@r0)  
<multipole_order n>                    [T/m^n]      [T.m/m^n]        []       |    [T/m^n]      [T.m/m^n]        []      
n=00:                                5.2384e-01    -2.2851e-01   +1.0000e+00  |      ---           ---           ---     
n=01:                                6.8473e+00    +3.0657e+00   -1.6099e-01  |      ---           ---           ---     
n=02:                                5.6594e+00    +8.9741e-01   -5.6551e-04  |      ---           ---           ---     
n=03:                                5.7779e+01    -3.8676e+01   +2.9247e-04  |      ---           ---           ---     
n=04:                                9.1767e+03    -2.2575e+03   +2.0485e-04  |      ---           ---           ---     
n=05:                                8.7097e+03    +2.5938e+04   -2.8244e-05  |      ---           ---           ---     
n=06:                                6.1039e+07    +1.1576e+07   -1.5126e-04  |      ---           ---           ---     
