--- multipoles on reference trajectory (rz > 0) ---
effective_length:                   436.913561686263 mm
perpendicular_grid:                 41 points in [-10.000000,+10.000000] mm
max_fitting_error_normal            0.057/4889.563 G/G
max_fitting_error_skew              334.020/334.020 G/G
r0_for_relative_multipoles          12 mm
main_monomial                       n = 0, skew:False
                                       Nn(s=0)      Integ_Nn     Nn/N0(@r0)   |    Sn(s=0)      Integ_Sn     Sn/S0(@r0)  
<multipole_order n>                    [T/m^n]      [T.m/m^n]        []       |    [T/m^n]      [T.m/m^n]        []      
n=00:                                5.5189e-01    -2.4113e-01   +1.0000e+00  |      ---           ---           ---     
n=01:                                7.2187e+00    +3.2336e+00   -1.6093e-01  |      ---           ---           ---     
n=02:                                6.5915e+00    +9.4918e-01   -5.6685e-04  |      ---           ---           ---     
n=03:                                1.4479e+02    -3.2108e+01   +2.3010e-04  |      ---           ---           ---     
n=04:                                1.9035e+04    -1.6598e+03   +1.4273e-04  |      ---           ---           ---     
n=05:                                6.8192e+05    +3.7181e+04   -3.8369e-05  |      ---           ---           ---     
n=06:                                1.2556e+08    +8.3105e+06   -1.0291e-04  |      ---           ---           ---     
