--- multipoles on reference trajectory (rz > 0) ---
effective_length:                   436.6773522097795 mm
perpendicular_grid:                 41 points in [-10.000000,+10.000000] mm
max_fitting_error_normal            0.040/6052.377 G/G
max_fitting_error_skew              374.245/374.245 G/G
r0_for_relative_multipoles          12 mm
main_monomial                       n = 0, skew:False
                                       Nn(s=0)      Integ_Nn     Nn/N0(@r0)   |    Sn(s=0)      Integ_Sn     Sn/S0(@r0)  
<multipole_order n>                    [T/m^n]      [T.m/m^n]        []       |    [T/m^n]      [T.m/m^n]        []      
n=00:                                5.7589e-01    -2.5148e-01   +1.0000e+00  |      ---           ---           ---     
n=01:                                7.5400e+00    +3.3781e+00   -1.6119e-01  |      ---           ---           ---     
n=02:                                5.7661e+00    +1.0567e+00   -6.0508e-04  |      ---           ---           ---     
n=03:                                9.1276e+01    -4.9111e+01   +3.3746e-04  |      ---           ---           ---     
n=04:                                1.3860e+04    +1.2100e+03   -9.9771e-05  |      ---           ---           ---     
n=05:                                1.2802e+05    +1.2420e+05   -1.2289e-04  |      ---           ---           ---     
n=06:                                6.2015e+07    -1.0214e+07   +1.2128e-04  |      ---           ---           ---     
