--- multipoles on reference trajectory (rz > 0) ---
effective_length:                   434.4383630132194 mm
perpendicular_grid:                 41 points in [-10.000000,+10.000000] mm
max_fitting_error_normal            0.033/6380.999 G/G
max_fitting_error_skew              337.912/337.912 G/G
r0_for_relative_multipoles          12 mm
main_monomial                       n = 0, skew:False
                                       Nn(s=0)      Integ_Nn     Nn/N0(@r0)   |    Sn(s=0)      Integ_Sn     Sn/S0(@r0)  
<multipole_order n>                    [T/m^n]      [T.m/m^n]        []       |    [T/m^n]      [T.m/m^n]        []      
n=00:                                5.5136e-01    -2.3953e-01   +1.0000e+00  |      ---           ---           ---     
n=01:                                7.2337e+00    +3.2145e+00   -1.6104e-01  |      ---           ---           ---     
n=02:                                5.1871e+00    +9.7649e-01   -5.8703e-04  |      ---           ---           ---     
n=03:                                5.5051e+01    -1.3724e+01   +9.9006e-05  |      ---           ---           ---     
n=04:                                4.8806e+03    -2.4466e+03   +2.1180e-04  |      ---           ---           ---     
n=05:                                1.2888e+05    -8.9999e+04   +9.3493e-05  |      ---           ---           ---     
n=06:                                3.6548e+07    +1.3148e+07   -1.6390e-04  |      ---           ---           ---     
