--- multipoles on reference trajectory (rz > 0) ---
effective_length:                   435.8069575991114 mm
perpendicular_grid:                 41 points in [-10.000000,+10.000000] mm
max_fitting_error_normal            0.026/4871.501 G/G
max_fitting_error_skew              347.945/347.945 G/G
r0_for_relative_multipoles          12 mm
main_monomial                       n = 0, skew:False
                                       Nn(s=0)      Integ_Nn     Nn/N0(@r0)   |    Sn(s=0)      Integ_Sn     Sn/S0(@r0)  
<multipole_order n>                    [T/m^n]      [T.m/m^n]        []       |    [T/m^n]      [T.m/m^n]        []      
n=00:                                5.5264e-01    -2.4085e-01   +1.0000e+00  |      ---           ---           ---     
n=01:                                7.2227e+00    +3.2218e+00   -1.6052e-01  |      ---           ---           ---     
n=02:                                5.9932e+00    +9.4116e-01   -5.6271e-04  |      ---           ---           ---     
n=03:                                1.4432e+01    -1.5060e+01   +1.0805e-04  |      ---           ---           ---     
n=04:                                1.1703e+04    -6.2851e+02   +5.4113e-05  |      ---           ---           ---     
n=05:                                3.0020e+05    -9.5443e+04   +9.8608e-05  |      ---           ---           ---     
n=06:                                7.7656e+07    +7.1479e+06   -8.8620e-05  |      ---           ---           ---     
