--- multipoles on reference trajectory (rz > 0) ---
effective_length:                   434.55191631404824 mm
perpendicular_grid:                 41 points in [-10.000000,+10.000000] mm
max_fitting_error_normal            0.031/2770.671 G/G
max_fitting_error_skew              337.621/337.621 G/G
r0_for_relative_multipoles          12 mm
main_monomial                       n = 0, skew:False
                                       Nn(s=0)      Integ_Nn     Nn/N0(@r0)   |    Sn(s=0)      Integ_Sn     Sn/S0(@r0)  
<multipole_order n>                    [T/m^n]      [T.m/m^n]        []       |    [T/m^n]      [T.m/m^n]        []      
n=00:                                5.5136e-01    -2.3960e-01   +1.0000e+00  |      ---           ---           ---     
n=01:                                7.2337e+00    +3.2132e+00   -1.6093e-01  |      ---           ---           ---     
n=02:                                5.1871e+00    +7.5530e-01   -4.5394e-04  |      ---           ---           ---     
n=03:                                5.5051e+01    -1.5394e+01   +1.1103e-04  |      ---           ---           ---     
n=04:                                4.8806e+03    -1.0366e+03   +8.9710e-05  |      ---           ---           ---     
n=05:                                1.2888e+05    -1.0320e+05   +1.0717e-04  |      ---           ---           ---     
n=06:                                3.6548e+07    +7.4832e+06   -9.3260e-05  |      ---           ---           ---     
