--- multipoles on reference trajectory (rz > 0) ---
effective_length:                   434.7519404855592 mm
perpendicular_grid:                 41 points in [-10.000000,+10.000000] mm
max_fitting_error_normal            0.039/6368.244 G/G
max_fitting_error_skew              342.149/342.149 G/G
r0_for_relative_multipoles          12 mm
main_monomial                       n = 0, skew:False
                                       Nn(s=0)      Integ_Nn     Nn/N0(@r0)   |    Sn(s=0)      Integ_Sn     Sn/S0(@r0)  
<multipole_order n>                    [T/m^n]      [T.m/m^n]        []       |    [T/m^n]      [T.m/m^n]        []      
n=00:                                5.4956e-01    -2.3892e-01   +1.0000e+00  |      ---           ---           ---     
n=01:                                7.2082e+00    +3.2102e+00   -1.6123e-01  |      ---           ---           ---     
n=02:                                5.1689e+00    +7.6057e-01   -4.5840e-04  |      ---           ---           ---     
n=03:                                1.0098e+02    -4.3256e+01   +3.1285e-04  |      ---           ---           ---     
n=04:                                3.4584e+03    +7.3990e+02   -6.4215e-05  |      ---           ---           ---     
n=05:                                1.6404e+05    +5.2339e+04   -5.4510e-05  |      ---           ---           ---     
n=06:                                1.8705e+07    -8.3576e+06   +1.0445e-04  |      ---           ---           ---     
