--- multipoles on reference trajectory (rz > 0) ---
effective_length:                   435.98600631657933 mm
perpendicular_grid:                 41 points in [-10.000000,+10.000000] mm
max_fitting_error_normal            0.036/3298.594 G/G
max_fitting_error_skew              352.706/352.706 G/G
r0_for_relative_multipoles          12 mm
main_monomial                       n = 0, skew:False
                                       Nn(s=0)      Integ_Nn     Nn/N0(@r0)   |    Sn(s=0)      Integ_Sn     Sn/S0(@r0)  
<multipole_order n>                    [T/m^n]      [T.m/m^n]        []       |    [T/m^n]      [T.m/m^n]        []      
n=00:                                5.5321e-01    -2.4119e-01   +1.0000e+00  |      ---           ---           ---     
n=01:                                7.2520e+00    +3.2351e+00   -1.6095e-01  |      ---           ---           ---     
n=02:                                5.7065e+00    +7.1191e-01   -4.2503e-04  |      ---           ---           ---     
n=03:                                1.1654e+02    -3.4494e+01   +2.4713e-04  |      ---           ---           ---     
n=04:                                6.1880e+03    +2.4279e+03   -2.0873e-04  |      ---           ---           ---     
n=05:                                2.8639e+05    -3.7508e+04   +3.8696e-05  |      ---           ---           ---     
n=06:                                4.8793e+07    -1.2644e+07   +1.5653e-04  |      ---           ---           ---     
