--- multipoles on reference trajectory (rz > 0) ---
effective_length:                   435.85565718143937 mm
perpendicular_grid:                 41 points in [-10.000000,+10.000000] mm
max_fitting_error_normal            0.055/3631.338 G/G
max_fitting_error_skew              317.233/317.233 G/G
r0_for_relative_multipoles          12 mm
main_monomial                       n = 0, skew:False
                                       Nn(s=0)      Integ_Nn     Nn/N0(@r0)   |    Sn(s=0)      Integ_Sn     Sn/S0(@r0)  
<multipole_order n>                    [T/m^n]      [T.m/m^n]        []       |    [T/m^n]      [T.m/m^n]        []      
n=00:                                5.2454e-01    -2.2862e-01   +1.0000e+00  |      ---           ---           ---     
n=01:                                6.8817e+00    +3.0652e+00   -1.6089e-01  |      ---           ---           ---     
n=02:                                5.9635e+00    +1.1885e+00   -7.4859e-04  |      ---           ---           ---     
n=03:                                1.1930e+02    -3.1642e+01   +2.3916e-04  |      ---           ---           ---     
n=04:                                1.7048e+04    -6.7621e+03   +6.1331e-04  |      ---           ---           ---     
n=05:                                4.8530e+05    +4.7179e+04   -5.1349e-05  |      ---           ---           ---     
n=06:                                9.8082e+07    +3.6448e+07   -4.7604e-04  |      ---           ---           ---     
