--- multipoles on reference trajectory (rz > 0) ---
effective_length:                   434.182247219449 mm
perpendicular_grid:                 41 points in [-10.000000,+10.000000] mm
max_fitting_error_normal            0.050/4397.535 G/G
max_fitting_error_skew              339.046/339.046 G/G
r0_for_relative_multipoles          12 mm
main_monomial                       n = 0, skew:False
                                       Nn(s=0)      Integ_Nn     Nn/N0(@r0)   |    Sn(s=0)      Integ_Sn     Sn/S0(@r0)  
<multipole_order n>                    [T/m^n]      [T.m/m^n]        []       |    [T/m^n]      [T.m/m^n]        []      
n=00:                                5.5588e-01    -2.4135e-01   +1.0000e+00  |      ---           ---           ---     
n=01:                                7.2911e+00    +3.2345e+00   -1.6082e-01  |      ---           ---           ---     
n=02:                                5.7440e+00    +1.0737e+00   -6.4060e-04  |      ---           ---           ---     
n=03:                                9.9305e+01    -2.7318e+01   +1.9559e-04  |      ---           ---           ---     
n=04:                                7.0508e+03    -1.4963e+03   +1.2855e-04  |      ---           ---           ---     
n=05:                                2.5882e+05    -5.8539e+04   +6.0353e-05  |      ---           ---           ---     
n=06:                                4.4836e+07    +7.3520e+06   -9.0958e-05  |      ---           ---           ---     
