--- multipoles on reference trajectory (rz > 0) ---
effective_length:                   435.62857379485604 mm
perpendicular_grid:                 41 points in [-10.000000,+10.000000] mm
max_fitting_error_normal            0.051/4799.990 G/G
max_fitting_error_skew              344.920/344.920 G/G
r0_for_relative_multipoles          12 mm
main_monomial                       n = 0, skew:False
                                       Nn(s=0)      Integ_Nn     Nn/N0(@r0)   |    Sn(s=0)      Integ_Sn     Sn/S0(@r0)  
<multipole_order n>                    [T/m^n]      [T.m/m^n]        []       |    [T/m^n]      [T.m/m^n]        []      
n=00:                                5.5312e-01    -2.4096e-01   +1.0000e+00  |      ---           ---           ---     
n=01:                                7.2560e+00    +3.2353e+00   -1.6112e-01  |      ---           ---           ---     
n=02:                                5.0243e+00    +7.8077e-01   -4.6660e-04  |      ---           ---           ---     
n=03:                                9.2143e+01    -1.6159e+01   +1.1588e-04  |      ---           ---           ---     
n=04:                                2.2885e+04    +3.2314e+03   -2.7808e-04  |      ---           ---           ---     
n=05:                                9.4907e+05    -4.9949e+04   +5.1581e-05  |      ---           ---           ---     
n=06:                                1.5419e+08    -2.2094e+07   +2.7380e-04  |      ---           ---           ---     
