--- multipoles on reference trajectory (rz > 0) ---
effective_length:                   437.2769768157794 mm
perpendicular_grid:                 41 points in [-10.000000,+10.000000] mm
max_fitting_error_normal            0.049/6707.594 G/G
max_fitting_error_skew              358.755/358.755 G/G
r0_for_relative_multipoles          12 mm
main_monomial                       n = 0, skew:False
                                       Nn(s=0)      Integ_Nn     Nn/N0(@r0)   |    Sn(s=0)      Integ_Sn     Sn/S0(@r0)  
<multipole_order n>                    [T/m^n]      [T.m/m^n]        []       |    [T/m^n]      [T.m/m^n]        []      
n=00:                                5.7829e-01    -2.5287e-01   +1.0000e+00  |      ---           ---           ---     
n=01:                                7.5521e+00    +3.3826e+00   -1.6052e-01  |      ---           ---           ---     
n=02:                                5.5614e+00    +9.7089e-01   -5.5288e-04  |      ---           ---           ---     
n=03:                                1.1339e+02    -4.3963e+01   +3.0042e-04  |      ---           ---           ---     
n=04:                                1.1452e+03    -2.4327e+03   +1.9948e-04  |      ---           ---           ---     
n=05:                                2.9242e+05    +1.6677e+04   -1.6410e-05  |      ---           ---           ---     
n=06:                                8.1734e+06    +1.4328e+07   -1.6919e-04  |      ---           ---           ---     
