--- multipoles on reference trajectory (rz > 0) ---
effective_length:                   436.23044625210457 mm
perpendicular_grid:                 41 points in [-10.000000,+10.000000] mm
max_fitting_error_normal            0.039/4950.653 G/G
max_fitting_error_skew              372.660/372.660 G/G
r0_for_relative_multipoles          12 mm
main_monomial                       n = 0, skew:False
                                       Nn(s=0)      Integ_Nn     Nn/N0(@r0)   |    Sn(s=0)      Integ_Sn     Sn/S0(@r0)  
<multipole_order n>                    [T/m^n]      [T.m/m^n]        []       |    [T/m^n]      [T.m/m^n]        []      
n=00:                                5.7589e-01    -2.5122e-01   +1.0000e+00  |      ---           ---           ---     
n=01:                                7.5400e+00    +3.3787e+00   -1.6139e-01  |      ---           ---           ---     
n=02:                                5.7661e+00    +1.1755e+00   -6.7379e-04  |      ---           ---           ---     
n=03:                                9.1276e+01    -4.5197e+01   +3.1088e-04  |      ---           ---           ---     
n=04:                                1.3860e+04    -3.0344e+03   +2.5046e-04  |      ---           ---           ---     
n=05:                                1.2802e+05    +9.4758e+04   -9.3856e-05  |      ---           ---           ---     
n=06:                                6.2015e+07    +1.6894e+07   -2.0080e-04  |      ---           ---           ---     
