--- multipoles on reference trajectory (rz > 0) ---
effective_length:                   435.2863139968029 mm
perpendicular_grid:                 41 points in [-10.000000,+10.000000] mm
max_fitting_error_normal            0.048/4644.686 G/G
max_fitting_error_skew              359.030/359.030 G/G
r0_for_relative_multipoles          12 mm
main_monomial                       n = 0, skew:False
                                       Nn(s=0)      Integ_Nn     Nn/N0(@r0)   |    Sn(s=0)      Integ_Sn     Sn/S0(@r0)  
<multipole_order n>                    [T/m^n]      [T.m/m^n]        []       |    [T/m^n]      [T.m/m^n]        []      
n=00:                                5.8088e-01    -2.5285e-01   +1.0000e+00  |      ---           ---           ---     
n=01:                                7.5905e+00    +3.3758e+00   -1.6021e-01  |      ---           ---           ---     
n=02:                                6.0084e+00    +1.0328e+00   -5.8820e-04  |      ---           ---           ---     
n=03:                                3.3564e+01    -2.7680e+01   +1.8917e-04  |      ---           ---           ---     
n=04:                                8.4470e+03    +2.4312e+02   -1.9938e-05  |      ---           ---           ---     
n=05:                                2.8947e+05    -6.0038e+04   +5.9084e-05  |      ---           ---           ---     
n=06:                                6.6550e+07    -1.0753e+06   +1.2699e-05  |      ---           ---           ---     
