--- multipoles on reference trajectory (rz > 0) ---
effective_length:                   435.3148113578465 mm
perpendicular_grid:                 41 points in [-10.000000,+10.000000] mm
max_fitting_error_normal            0.046/5095.625 G/G
max_fitting_error_skew              357.563/357.563 G/G
r0_for_relative_multipoles          12 mm
main_monomial                       n = 0, skew:False
                                       Nn(s=0)      Integ_Nn     Nn/N0(@r0)   |    Sn(s=0)      Integ_Sn     Sn/S0(@r0)  
<multipole_order n>                    [T/m^n]      [T.m/m^n]        []       |    [T/m^n]      [T.m/m^n]        []      
n=00:                                5.7814e-01    -2.5167e-01   +1.0000e+00  |      ---           ---           ---     
n=01:                                7.5862e+00    +3.3791e+00   -1.6112e-01  |      ---           ---           ---     
n=02:                                5.3752e+00    +1.0597e+00   -6.0636e-04  |      ---           ---           ---     
n=03:                                7.8812e+01    -2.8187e+01   +1.9354e-04  |      ---           ---           ---     
n=04:                                1.9521e+04    +2.1365e+03   -1.7603e-04  |      ---           ---           ---     
n=05:                                2.5060e+05    +5.0357e+04   -4.9789e-05  |      ---           ---           ---     
n=06:                                1.2330e+08    -1.4608e+07   +1.7331e-04  |      ---           ---           ---     
