--- multipoles on reference trajectory (rz > 0) ---
effective_length:                   434.49908201892435 mm
perpendicular_grid:                 41 points in [-10.000000,+10.000000] mm
max_fitting_error_normal            0.031/4781.750 G/G
max_fitting_error_skew              342.485/342.485 G/G
r0_for_relative_multipoles          12 mm
main_monomial                       n = 0, skew:False
                                       Nn(s=0)      Integ_Nn     Nn/N0(@r0)   |    Sn(s=0)      Integ_Sn     Sn/S0(@r0)  
<multipole_order n>                    [T/m^n]      [T.m/m^n]        []       |    [T/m^n]      [T.m/m^n]        []      
n=00:                                5.5109e-01    -2.3945e-01   +1.0000e+00  |      ---           ---           ---     
n=01:                                7.2417e+00    +3.2184e+00   -1.6129e-01  |      ---           ---           ---     
n=02:                                4.4773e+00    +8.9435e-01   -5.3785e-04  |      ---           ---           ---     
n=03:                                5.7488e+00    -2.0557e+01   +1.4835e-04  |      ---           ---           ---     
n=04:                                2.0601e+04    +1.9746e+03   -1.7100e-04  |      ---           ---           ---     
n=05:                                4.8157e+05    -8.2116e+04   +8.5334e-05  |      ---           ---           ---     
n=06:                                1.1565e+08    -1.2050e+07   +1.5027e-04  |      ---           ---           ---     
