--- multipoles on reference trajectory (rz > 0) ---
effective_length:                   434.05279805541846 mm
perpendicular_grid:                 41 points in [-10.000000,+10.000000] mm
max_fitting_error_normal            0.029/5165.837 G/G
max_fitting_error_skew              318.611/318.611 G/G
r0_for_relative_multipoles          12 mm
main_monomial                       n = 0, skew:False
                                       Nn(s=0)      Integ_Nn     Nn/N0(@r0)   |    Sn(s=0)      Integ_Sn     Sn/S0(@r0)  
<multipole_order n>                    [T/m^n]      [T.m/m^n]        []       |    [T/m^n]      [T.m/m^n]        []      
n=00:                                5.2650e-01    -2.2853e-01   +1.0000e+00  |      ---           ---           ---     
n=01:                                6.9079e+00    +3.0613e+00   -1.6075e-01  |      ---           ---           ---     
n=02:                                4.1045e+00    +7.9973e-01   -5.0393e-04  |      ---           ---           ---     
n=03:                                5.4807e+01    -3.8971e+01   +2.9468e-04  |      ---           ---           ---     
n=04:                                1.6054e+04    +1.7341e+02   -1.5735e-05  |      ---           ---           ---     
n=05:                                6.9103e+04    +4.8243e+04   -5.2530e-05  |      ---           ---           ---     
n=06:                                8.2285e+07    -1.6320e+06   +2.1323e-05  |      ---           ---           ---     
