--- multipoles on reference trajectory (rz > 0) ---
effective_length:                   434.59664779551156 mm
perpendicular_grid:                 41 points in [-10.000000,+10.000000] mm
max_fitting_error_normal            0.041/4854.031 G/G
max_fitting_error_skew              346.120/346.120 G/G
r0_for_relative_multipoles          12 mm
main_monomial                       n = 0, skew:False
                                       Nn(s=0)      Integ_Nn     Nn/N0(@r0)   |    Sn(s=0)      Integ_Sn     Sn/S0(@r0)  
<multipole_order n>                    [T/m^n]      [T.m/m^n]        []       |    [T/m^n]      [T.m/m^n]        []      
n=00:                                5.5134e-01    -2.3961e-01   +1.0000e+00  |      ---           ---           ---     
n=01:                                7.2536e+00    +3.2208e+00   -1.6130e-01  |      ---           ---           ---     
n=02:                                5.0795e+00    +6.8933e-01   -4.1427e-04  |      ---           ---           ---     
n=03:                                2.1224e+01    -2.7773e+01   +2.0029e-04  |      ---           ---           ---     
n=04:                                3.0512e+03    +4.2085e+03   -3.6420e-04  |      ---           ---           ---     
n=05:                                4.5720e+05    -3.7079e+04   +3.8505e-05  |      ---           ---           ---     
n=06:                                1.7977e+07    -2.2959e+07   +2.8610e-04  |      ---           ---           ---     
