--- multipoles on reference trajectory (rz > 0) ---
effective_length:                   434.65357354858634 mm
perpendicular_grid:                 41 points in [-10.000000,+10.000000] mm
max_fitting_error_normal            0.046/3430.343 G/G
max_fitting_error_skew              335.620/335.620 G/G
r0_for_relative_multipoles          12 mm
main_monomial                       n = 0, skew:False
                                       Nn(s=0)      Integ_Nn     Nn/N0(@r0)   |    Sn(s=0)      Integ_Sn     Sn/S0(@r0)  
<multipole_order n>                    [T/m^n]      [T.m/m^n]        []       |    [T/m^n]      [T.m/m^n]        []      
n=00:                                5.5328e-01    -2.4049e-01   +1.0000e+00  |      ---           ---           ---     
n=01:                                7.2744e+00    +3.2261e+00   -1.6098e-01  |      ---           ---           ---     
n=02:                                6.3887e+00    +9.4247e-01   -5.6433e-04  |      ---           ---           ---     
n=03:                                2.8952e+01    -1.8934e+01   +1.3605e-04  |      ---           ---           ---     
n=04:                                2.7203e+04    -1.7115e+03   +1.4757e-04  |      ---           ---           ---     
n=05:                                8.8617e+04    -7.0506e+04   +7.2953e-05  |      ---           ---           ---     
n=06:                                1.5686e+08    +6.6526e+06   -8.2602e-05  |      ---           ---           ---     
