--- multipoles on reference trajectory (rz > 0) ---
effective_length:                   436.06607045686445 mm
perpendicular_grid:                 41 points in [-10.000000,+10.000000] mm
max_fitting_error_normal            0.037/6075.563 G/G
max_fitting_error_skew              312.108/312.108 G/G
r0_for_relative_multipoles          12 mm
main_monomial                       n = 0, skew:False
                                       Nn(s=0)      Integ_Nn     Nn/N0(@r0)   |    Sn(s=0)      Integ_Sn     Sn/S0(@r0)  
<multipole_order n>                    [T/m^n]      [T.m/m^n]        []       |    [T/m^n]      [T.m/m^n]        []      
n=00:                                5.2379e-01    -2.2841e-01   +1.0000e+00  |      ---           ---           ---     
n=01:                                6.8468e+00    +3.0615e+00   -1.6084e-01  |      ---           ---           ---     
n=02:                                4.7533e+00    +7.0826e-01   -4.4652e-04  |      ---           ---           ---     
n=03:                                8.6691e+01    -4.8572e+01   +3.6747e-04  |      ---           ---           ---     
n=04:                                7.1216e+03    +1.1220e+03   -1.0186e-04  |      ---           ---           ---     
n=05:                                1.8085e+05    +8.5561e+04   -9.3212e-05  |      ---           ---           ---     
n=06:                                4.0437e+07    -8.7728e+06   +1.1469e-04  |      ---           ---           ---     
