--- multipoles on reference trajectory (rz > 0) ---
effective_length:                   434.4630596963951 mm
perpendicular_grid:                 41 points in [-10.000000,+10.000000] mm
max_fitting_error_normal            0.053/6382.640 G/G
max_fitting_error_skew              338.171/338.171 G/G
r0_for_relative_multipoles          12 mm
main_monomial                       n = 0, skew:False
                                       Nn(s=0)      Integ_Nn     Nn/N0(@r0)   |    Sn(s=0)      Integ_Sn     Sn/S0(@r0)  
<multipole_order n>                    [T/m^n]      [T.m/m^n]        []       |    [T/m^n]      [T.m/m^n]        []      
n=00:                                5.5246e-01    -2.4002e-01   +1.0000e+00  |      ---           ---           ---     
n=01:                                7.2798e+00    +3.2209e+00   -1.6103e-01  |      ---           ---           ---     
n=02:                                4.5432e+00    +9.6912e-01   -5.8141e-04  |      ---           ---           ---     
n=03:                                2.2139e+00    +5.1284e+00   -3.6921e-05  |      ---           ---           ---     
n=04:                                5.4331e+02    -1.6907e+03   +1.4606e-04  |      ---           ---           ---     
n=05:                                2.9663e+05    -2.4906e+05   +2.5819e-04  |      ---           ---           ---     
n=06:                                9.3666e+06    +8.9913e+06   -1.1186e-04  |      ---           ---           ---     
