--- multipoles on reference trajectory (rz > 0) ---
effective_length:                   435.11125596307454 mm
perpendicular_grid:                 41 points in [-10.000000,+10.000000] mm
max_fitting_error_normal            0.063/6397.043 G/G
max_fitting_error_skew              341.990/341.990 G/G
r0_for_relative_multipoles          12 mm
main_monomial                       n = 0, skew:False
                                       Nn(s=0)      Integ_Nn     Nn/N0(@r0)   |    Sn(s=0)      Integ_Sn     Sn/S0(@r0)  
<multipole_order n>                    [T/m^n]      [T.m/m^n]        []       |    [T/m^n]      [T.m/m^n]        []      
n=00:                                5.5283e-01    -2.4054e-01   +1.0000e+00  |      ---           ---           ---     
n=01:                                7.2378e+00    +3.2193e+00   -1.6060e-01  |      ---           ---           ---     
n=02:                                5.1880e+00    +8.9184e-01   -5.3389e-04  |      ---           ---           ---     
n=03:                                5.3511e+01    -4.6761e+01   +3.3592e-04  |      ---           ---           ---     
n=04:                                1.1092e+04    +1.4262e+03   -1.2294e-04  |      ---           ---           ---     
n=05:                                8.9545e+03    +1.2809e+05   -1.3251e-04  |      ---           ---           ---     
n=06:                                6.0972e+07    -1.2441e+07   +1.5444e-04  |      ---           ---           ---     
