--- multipoles on reference trajectory (rz > 0) ---
effective_length:                   434.1219550847669 mm
perpendicular_grid:                 41 points in [-10.000000,+10.000000] mm
max_fitting_error_normal            0.021/5989.342 G/G
max_fitting_error_skew              325.448/325.448 G/G
r0_for_relative_multipoles          12 mm
main_monomial                       n = 0, skew:False
                                       Nn(s=0)      Integ_Nn     Nn/N0(@r0)   |    Sn(s=0)      Integ_Sn     Sn/S0(@r0)  
<multipole_order n>                    [T/m^n]      [T.m/m^n]        []       |    [T/m^n]      [T.m/m^n]        []      
n=00:                                5.2301e-01    -2.2705e-01   +1.0000e+00  |      ---           ---           ---     
n=01:                                6.8560e+00    +3.0487e+00   -1.6113e-01  |      ---           ---           ---     
n=02:                                5.0034e+00    +6.7219e-01   -4.2632e-04  |      ---           ---           ---     
n=03:                                4.6382e+00    -1.6187e+01   +1.2319e-04  |      ---           ---           ---     
n=04:                                3.1656e+03    -5.4389e+02   +4.9672e-05  |      ---           ---           ---     
n=05:                                3.1595e+05    -7.8104e+04   +8.5597e-05  |      ---           ---           ---     
n=06:                                1.4540e+07    -4.0674e+05   +5.3491e-06  |      ---           ---           ---     
