--- multipoles on reference trajectory (rz > 0) ---
effective_length:                   435.98182916443307 mm
perpendicular_grid:                 41 points in [-10.000000,+10.000000] mm
max_fitting_error_normal            0.030/6422.051 G/G
max_fitting_error_skew              333.883/333.883 G/G
r0_for_relative_multipoles          12 mm
main_monomial                       n = 0, skew:False
                                       Nn(s=0)      Integ_Nn     Nn/N0(@r0)   |    Sn(s=0)      Integ_Sn     Sn/S0(@r0)  
<multipole_order n>                    [T/m^n]      [T.m/m^n]        []       |    [T/m^n]      [T.m/m^n]        []      
n=00:                                5.5390e-01    -2.4149e-01   +1.0000e+00  |      ---           ---           ---     
n=01:                                7.2399e+00    +3.2348e+00   -1.6074e-01  |      ---           ---           ---     
n=02:                                5.9229e+00    +1.2140e+00   -7.2391e-04  |      ---           ---           ---     
n=03:                                1.3576e+02    -5.4058e+01   +3.8682e-04  |      ---           ---           ---     
n=04:                                4.8120e+03    -5.0534e+03   +4.3392e-04  |      ---           ---           ---     
n=05:                                3.8541e+05    +1.1642e+05   -1.1996e-04  |      ---           ---           ---     
n=06:                                3.9354e+07    +2.3331e+07   -2.8848e-04  |      ---           ---           ---     
