--- multipoles on reference trajectory (rz > 0) ---
effective_length:                   436.17779392217403 mm
perpendicular_grid:                 41 points in [-10.000000,+10.000000] mm
max_fitting_error_normal            0.037/6371.059 G/G
max_fitting_error_skew              355.007/355.007 G/G
r0_for_relative_multipoles          12 mm
main_monomial                       n = 0, skew:False
                                       Nn(s=0)      Integ_Nn     Nn/N0(@r0)   |    Sn(s=0)      Integ_Sn     Sn/S0(@r0)  
<multipole_order n>                    [T/m^n]      [T.m/m^n]        []       |    [T/m^n]      [T.m/m^n]        []      
n=00:                                5.4948e-01    -2.3967e-01   +1.0000e+00  |      ---           ---           ---     
n=01:                                7.1890e+00    +3.2208e+00   -1.6126e-01  |      ---           ---           ---     
n=02:                                7.1809e+00    +1.0824e+00   -6.5031e-04  |      ---           ---           ---     
n=03:                                6.8834e+01    +1.6236e+01   -1.1706e-04  |      ---           ---           ---     
n=04:                                2.2633e+04    -3.0156e+03   +2.6090e-04  |      ---           ---           ---     
n=05:                                7.6296e+05    -2.9531e+05   +3.0660e-04  |      ---           ---           ---     
n=06:                                1.2657e+08    +1.5377e+07   -1.9158e-04  |      ---           ---           ---     
