--- multipoles on reference trajectory (rz > 0) ---
effective_length:                   435.9647119261892 mm
perpendicular_grid:                 41 points in [-10.000000,+10.000000] mm
max_fitting_error_normal            0.039/4850.783 G/G
max_fitting_error_skew              330.028/330.028 G/G
r0_for_relative_multipoles          12 mm
main_monomial                       n = 0, skew:False
                                       Nn(s=0)      Integ_Nn     Nn/N0(@r0)   |    Sn(s=0)      Integ_Sn     Sn/S0(@r0)  
<multipole_order n>                    [T/m^n]      [T.m/m^n]        []       |    [T/m^n]      [T.m/m^n]        []      
n=00:                                5.4985e-01    -2.3972e-01   +1.0000e+00  |      ---           ---           ---     
n=01:                                7.2053e+00    +3.2191e+00   -1.6115e-01  |      ---           ---           ---     
n=02:                                6.6141e+00    +1.1609e+00   -6.9734e-04  |      ---           ---           ---     
n=03:                                9.0919e+00    -1.3536e+01   +9.7574e-05  |      ---           ---           ---     
n=04:                                1.5145e+04    -5.4746e+03   +4.7357e-04  |      ---           ---           ---     
n=05:                                3.9039e+05    -1.1019e+05   +1.1438e-04  |      ---           ---           ---     
n=06:                                8.1262e+07    +3.0896e+07   -3.8485e-04  |      ---           ---           ---     
