--- multipoles on reference trajectory (rz > 0) ---
effective_length:                   434.57725758422015 mm
perpendicular_grid:                 41 points in [-10.000000,+10.000000] mm
max_fitting_error_normal            0.057/4635.942 G/G
max_fitting_error_skew              328.996/328.996 G/G
r0_for_relative_multipoles          12 mm
main_monomial                       n = 0, skew:False
                                       Nn(s=0)      Integ_Nn     Nn/N0(@r0)   |    Sn(s=0)      Integ_Sn     Sn/S0(@r0)  
<multipole_order n>                    [T/m^n]      [T.m/m^n]        []       |    [T/m^n]      [T.m/m^n]        []      
n=00:                                5.2465e-01    -2.2800e-01   +1.0000e+00  |      ---           ---           ---     
n=01:                                6.9046e+00    +3.0639e+00   -1.6125e-01  |      ---           ---           ---     
n=02:                                3.8112e+00    +8.1240e-01   -5.1309e-04  |      ---           ---           ---     
n=03:                                1.8682e+01    -3.3723e+01   +2.5558e-04  |      ---           ---           ---     
n=04:                                2.9497e+04    +2.0514e+03   -1.8657e-04  |      ---           ---           ---     
n=05:                                3.3642e+05    +3.4363e+04   -3.7502e-05  |      ---           ---           ---     
n=06:                                1.9151e+08    -1.6610e+07   +2.1753e-04  |      ---           ---           ---     
