--- multipoles on reference trajectory (rz > 0) ---
effective_length:                   436.2611732715632 mm
perpendicular_grid:                 41 points in [-10.000000,+10.000000] mm
max_fitting_error_normal            0.066/6389.370 G/G
max_fitting_error_skew              336.459/336.459 G/G
r0_for_relative_multipoles          12 mm
main_monomial                       n = 0, skew:False
                                       Nn(s=0)      Integ_Nn     Nn/N0(@r0)   |    Sn(s=0)      Integ_Sn     Sn/S0(@r0)  
<multipole_order n>                    [T/m^n]      [T.m/m^n]        []       |    [T/m^n]      [T.m/m^n]        []      
n=00:                                5.5068e-01    -2.4024e-01   +1.0000e+00  |      ---           ---           ---     
n=01:                                7.1863e+00    +3.2193e+00   -1.6080e-01  |      ---           ---           ---     
n=02:                                6.1998e+00    +9.5972e-01   -5.7525e-04  |      ---           ---           ---     
n=03:                                7.6877e+01    -8.7067e+00   +6.2625e-05  |      ---           ---           ---     
n=04:                                1.3333e+04    -2.9170e+03   +2.5178e-04  |      ---           ---           ---     
n=05:                                1.0937e+05    -1.7910e+05   +1.8550e-04  |      ---           ---           ---     
n=06:                                8.7154e+07    +1.8815e+07   -2.3385e-04  |      ---           ---           ---     
