--- multipoles on reference trajectory (rz > 0) ---
effective_length:                   434.6232187133693 mm
perpendicular_grid:                 41 points in [-10.000000,+10.000000] mm
max_fitting_error_normal            0.040/3195.045 G/G
max_fitting_error_skew              318.155/318.155 G/G
r0_for_relative_multipoles          12 mm
main_monomial                       n = 0, skew:False
                                       Nn(s=0)      Integ_Nn     Nn/N0(@r0)   |    Sn(s=0)      Integ_Sn     Sn/S0(@r0)  
<multipole_order n>                    [T/m^n]      [T.m/m^n]        []       |    [T/m^n]      [T.m/m^n]        []      
n=00:                                5.2568e-01    -2.2847e-01   +1.0000e+00  |      ---           ---           ---     
n=01:                                6.8928e+00    +3.0560e+00   -1.6051e-01  |      ---           ---           ---     
n=02:                                4.2955e+00    +7.3983e-01   -4.6630e-04  |      ---           ---           ---     
n=03:                                5.3694e+01    -3.7546e+01   +2.8397e-04  |      ---           ---           ---     
n=04:                                7.3637e+03    +1.3634e+03   -1.2374e-04  |      ---           ---           ---     
n=05:                                5.8041e+04    +5.8521e+04   -6.3736e-05  |      ---           ---           ---     
n=06:                                2.6057e+07    -7.9502e+06   +1.0390e-04  |      ---           ---           ---     
