--- multipoles on reference trajectory (rz > 0) ---
effective_length:                   435.0083929148742 mm
perpendicular_grid:                 41 points in [-10.000000,+10.000000] mm
max_fitting_error_normal            0.044/4863.737 G/G
max_fitting_error_skew              334.305/334.305 G/G
r0_for_relative_multipoles          12 mm
main_monomial                       n = 0, skew:False
                                       Nn(s=0)      Integ_Nn     Nn/N0(@r0)   |    Sn(s=0)      Integ_Sn     Sn/S0(@r0)  
<multipole_order n>                    [T/m^n]      [T.m/m^n]        []       |    [T/m^n]      [T.m/m^n]        []      
n=00:                                5.5054e-01    -2.3949e-01   +1.0000e+00  |      ---           ---           ---     
n=01:                                7.2235e+00    +3.2125e+00   -1.6097e-01  |      ---           ---           ---     
n=02:                                5.2842e+00    +8.1146e-01   -4.8791e-04  |      ---           ---           ---     
n=03:                                5.5587e+01    -2.1635e+01   +1.5611e-04  |      ---           ---           ---     
n=04:                                6.5421e+02    +1.2314e+03   -1.0662e-04  |      ---           ---           ---     
n=05:                                4.9134e+04    -9.2769e+04   +9.6388e-05  |      ---           ---           ---     
n=06:                                3.9640e+06    -9.4465e+06   +1.1778e-04  |      ---           ---           ---     
