--- multipoles on reference trajectory (rz > 0) ---
effective_length:                   436.0964146889413 mm
perpendicular_grid:                 41 points in [-10.000000,+10.000000] mm
max_fitting_error_normal            0.027/6407.250 G/G
max_fitting_error_skew              329.374/329.374 G/G
r0_for_relative_multipoles          12 mm
main_monomial                       n = 0, skew:False
                                       Nn(s=0)      Integ_Nn     Nn/N0(@r0)   |    Sn(s=0)      Integ_Sn     Sn/S0(@r0)  
<multipole_order n>                    [T/m^n]      [T.m/m^n]        []       |    [T/m^n]      [T.m/m^n]        []      
n=00:                                5.5208e-01    -2.4076e-01   +1.0000e+00  |      ---           ---           ---     
n=01:                                7.2228e+00    +3.2310e+00   -1.6104e-01  |      ---           ---           ---     
n=02:                                6.6467e+00    +1.0580e+00   -6.3282e-04  |      ---           ---           ---     
n=03:                                5.3170e+01    -3.9384e+01   +2.8267e-04  |      ---           ---           ---     
n=04:                                1.5619e+04    -1.6982e+03   +1.4626e-04  |      ---           ---           ---     
n=05:                                1.1394e+05    +2.2466e+04   -2.3219e-05  |      ---           ---           ---     
n=06:                                8.2729e+07    +3.1740e+06   -3.9365e-05  |      ---           ---           ---     
