--- multipoles on reference trajectory (rz > 0) ---
effective_length:                   434.86373980017095 mm
perpendicular_grid:                 41 points in [-10.000000,+10.000000] mm
max_fitting_error_normal            0.038/4885.194 G/G
max_fitting_error_skew              345.874/345.874 G/G
r0_for_relative_multipoles          12 mm
main_monomial                       n = 0, skew:False
                                       Nn(s=0)      Integ_Nn     Nn/N0(@r0)   |    Sn(s=0)      Integ_Sn     Sn/S0(@r0)  
<multipole_order n>                    [T/m^n]      [T.m/m^n]        []       |    [T/m^n]      [T.m/m^n]        []      
n=00:                                5.5361e-01    -2.4075e-01   +1.0000e+00  |      ---           ---           ---     
n=01:                                7.2504e+00    +3.2198e+00   -1.6049e-01  |      ---           ---           ---     
n=02:                                5.0401e+00    +7.7117e-01   -4.6126e-04  |      ---           ---           ---     
n=03:                                1.8880e+01    -1.0030e+01   +7.1994e-05  |      ---           ---           ---     
n=04:                                4.4751e+03    +4.1395e+03   -3.5655e-04  |      ---           ---           ---     
n=05:                                4.4285e+05    -1.2954e+05   +1.3389e-04  |      ---           ---           ---     
n=06:                                2.3946e+07    -2.0652e+07   +2.5615e-04  |      ---           ---           ---     
