--- multipoles on reference trajectory (rz > 0) ---
effective_length:                   436.2736813689575 mm
perpendicular_grid:                 41 points in [-10.000000,+10.000000] mm
max_fitting_error_normal            0.047/5101.727 G/G
max_fitting_error_skew              352.343/352.343 G/G
r0_for_relative_multipoles          12 mm
main_monomial                       n = 0, skew:False
                                       Nn(s=0)      Integ_Nn     Nn/N0(@r0)   |    Sn(s=0)      Integ_Sn     Sn/S0(@r0)  
<multipole_order n>                    [T/m^n]      [T.m/m^n]        []       |    [T/m^n]      [T.m/m^n]        []      
n=00:                                5.7590e-01    -2.5125e-01   +1.0000e+00  |      ---           ---           ---     
n=01:                                7.5312e+00    +3.3758e+00   -1.6123e-01  |      ---           ---           ---     
n=02:                                7.1064e+00    +1.1439e+00   -6.5559e-04  |      ---           ---           ---     
n=03:                                4.1988e-02    -2.3984e+01   +1.6495e-04  |      ---           ---           ---     
n=04:                                2.3491e+04    -5.2167e+03   +4.3054e-04  |      ---           ---           ---     
n=05:                                3.4347e+05    -6.3881e+04   +6.3266e-05  |      ---           ---           ---     
n=06:                                1.4943e+08    +3.3038e+07   -3.9264e-04  |      ---           ---           ---     
