--- multipoles on reference trajectory (rz > 0) ---
effective_length:                   434.23468847417206 mm
perpendicular_grid:                 41 points in [-10.000000,+10.000000] mm
max_fitting_error_normal            0.030/6384.442 G/G
max_fitting_error_skew              326.838/326.838 G/G
r0_for_relative_multipoles          12 mm
main_monomial                       n = 0, skew:False
                                       Nn(s=0)      Integ_Nn     Nn/N0(@r0)   |    Sn(s=0)      Integ_Sn     Sn/S0(@r0)  
<multipole_order n>                    [T/m^n]      [T.m/m^n]        []       |    [T/m^n]      [T.m/m^n]        []      
n=00:                                5.5160e-01    -2.3953e-01   +1.0000e+00  |      ---           ---           ---     
n=01:                                7.2451e+00    +3.2142e+00   -1.6103e-01  |      ---           ---           ---     
n=02:                                5.3253e+00    +6.5595e-01   -3.9435e-04  |      ---           ---           ---     
n=03:                                7.2572e+00    -2.2344e+01   +1.6120e-04  |      ---           ---           ---     
n=04:                                7.5231e+03    +1.9144e+03   -1.6573e-04  |      ---           ---           ---     
n=05:                                5.7219e+05    -1.0489e+05   +1.0897e-04  |      ---           ---           ---     
n=06:                                3.1316e+07    -1.2190e+07   +1.5196e-04  |      ---           ---           ---     
