--- multipoles on reference trajectory (rz > 0) ---
effective_length:                   435.91367600838146 mm
perpendicular_grid:                 41 points in [-10.000000,+10.000000] mm
max_fitting_error_normal            0.042/3754.280 G/G
max_fitting_error_skew              334.139/334.139 G/G
r0_for_relative_multipoles          12 mm
main_monomial                       n = 0, skew:False
                                       Nn(s=0)      Integ_Nn     Nn/N0(@r0)   |    Sn(s=0)      Integ_Sn     Sn/S0(@r0)  
<multipole_order n>                    [T/m^n]      [T.m/m^n]        []       |    [T/m^n]      [T.m/m^n]        []      
n=00:                                5.5162e-01    -2.4046e-01   +1.0000e+00  |      ---           ---           ---     
n=01:                                7.2254e+00    +3.2220e+00   -1.6079e-01  |      ---           ---           ---     
n=02:                                5.9269e+00    +1.0456e+00   -6.2614e-04  |      ---           ---           ---     
n=03:                                4.4160e+01    -1.6615e+01   +1.1940e-04  |      ---           ---           ---     
n=04:                                1.4282e+03    -8.7031e+02   +7.5052e-05  |      ---           ---           ---     
n=05:                                6.6219e+05    -4.7857e+04   +4.9524e-05  |      ---           ---           ---     
n=06:                                2.5998e+06    +2.7749e+06   -3.4459e-05  |      ---           ---           ---     
