--- multipoles on reference trajectory (rz > 0) ---
effective_length:                   436.97466219191944 mm
perpendicular_grid:                 41 points in [-10.000000,+10.000000] mm
max_fitting_error_normal            0.068/4128.177 G/G
max_fitting_error_skew              333.688/333.688 G/G
r0_for_relative_multipoles          12 mm
main_monomial                       n = 0, skew:False
                                       Nn(s=0)      Integ_Nn     Nn/N0(@r0)   |    Sn(s=0)      Integ_Sn     Sn/S0(@r0)  
<multipole_order n>                    [T/m^n]      [T.m/m^n]        []       |    [T/m^n]      [T.m/m^n]        []      
n=00:                                5.5126e-01    -2.4089e-01   +1.0000e+00  |      ---           ---           ---     
n=01:                                7.1854e+00    +3.2199e+00   -1.6040e-01  |      ---           ---           ---     
n=02:                                6.2234e+00    +8.9965e-01   -5.3781e-04  |      ---           ---           ---     
n=03:                                7.4205e+01    -2.6113e+01   +1.8732e-04  |      ---           ---           ---     
n=04:                                1.3566e+04    -1.2114e+03   +1.0428e-04  |      ---           ---           ---     
n=05:                                8.4411e+04    -3.8168e+04   +3.9427e-05  |      ---           ---           ---     
n=06:                                8.8766e+07    +7.7125e+06   -9.5603e-05  |      ---           ---           ---     
