--- multipoles on reference trajectory (rz > 0) ---
effective_length:                   435.9830347857233 mm
perpendicular_grid:                 41 points in [-10.000000,+10.000000] mm
max_fitting_error_normal            0.032/6379.845 G/G
max_fitting_error_skew              351.024/351.024 G/G
r0_for_relative_multipoles          12 mm
main_monomial                       n = 0, skew:False
                                       Nn(s=0)      Integ_Nn     Nn/N0(@r0)   |    Sn(s=0)      Integ_Sn     Sn/S0(@r0)  
<multipole_order n>                    [T/m^n]      [T.m/m^n]        []       |    [T/m^n]      [T.m/m^n]        []      
n=00:                                5.5028e-01    -2.3991e-01   +1.0000e+00  |      ---           ---           ---     
n=01:                                7.2175e+00    +3.2202e+00   -1.6107e-01  |      ---           ---           ---     
n=02:                                5.8630e+00    +9.0847e-01   -5.4528e-04  |      ---           ---           ---     
n=03:                                3.7542e+00    -1.3556e+01   +9.7640e-05  |      ---           ---           ---     
n=04:                                4.7590e+03    -1.2623e+03   +1.0910e-04  |      ---           ---           ---     
n=05:                                2.1203e+05    -5.9966e+04   +6.2195e-05  |      ---           ---           ---     
n=06:                                2.1544e+07    +4.6092e+06   -5.7367e-05  |      ---           ---           ---     
