--- multipoles on reference trajectory (rz > 0) ---
effective_length:                   426.49773176876766 mm
perpendicular_grid:                 41 points in [-10.000000,+10.000000] mm
max_fitting_error_normal            0.019/4871.782 G/G
max_fitting_error_skew              0.000/0.000 G/G
r0_for_relative_multipoles          12 mm
main_monomial                       n = 0, skew:False
                                       Nn(s=0)      Integ_Nn     Nn/N0(@r0)   |    Sn(s=0)      Integ_Sn     Sn/S0(@r0)  
<multipole_order n>                    [T/m^n]      [T.m/m^n]        []       |    [T/m^n]      [T.m/m^n]        []      
n=00:                                5.6416e-01    -2.4057e-01   +1.0000e+00  |      ---           ---           ---     
n=01:                                7.5987e+00    +3.2296e+00   -1.6110e-01  |      ---           ---           ---     
n=02:                                1.3928e-01    +4.1519e-01   -2.4852e-04  |      ---           ---           ---     
n=03:                                1.6267e+01    -1.9444e+01   +1.3966e-04  |      ---           ---           ---     
n=04:                                4.3428e+03    -1.5092e+03   +1.3008e-04  |      ---           ---           ---     
n=05:                                5.7218e+04    +1.3697e+04   -1.4167e-05  |      ---           ---           ---     
n=06:                                2.8516e+06    -1.4612e+06   +1.8136e-05  |      ---           ---           ---     
