--- multipoles on reference trajectory (rz > 0) ---
effective_length:                   434.8593538827139 mm
perpendicular_grid:                 41 points in [-10.000000,+10.000000] mm
max_fitting_error_normal            0.039/4849.394 G/G
max_fitting_error_skew              343.832/343.832 G/G
r0_for_relative_multipoles          12 mm
main_monomial                       n = 0, skew:False
                                       Nn(s=0)      Integ_Nn     Nn/N0(@r0)   |    Sn(s=0)      Integ_Sn     Sn/S0(@r0)  
<multipole_order n>                    [T/m^n]      [T.m/m^n]        []       |    [T/m^n]      [T.m/m^n]        []      
n=00:                                5.5218e-01    -2.4012e-01   +1.0000e+00  |      ---           ---           ---     
n=01:                                7.2490e+00    +3.2206e+00   -1.6095e-01  |      ---           ---           ---     
n=02:                                5.6108e+00    +9.0499e-01   -5.4272e-04  |      ---           ---           ---     
n=03:                                1.2371e+02    -2.6304e+01   +1.8929e-04  |      ---           ---           ---     
n=04:                                2.9345e+02    +3.6183e+03   -3.1246e-04  |      ---           ---           ---     
n=05:                                1.1354e+06    -3.0798e+03   +3.1916e-06  |      ---           ---           ---     
n=06:                                8.1410e+06    -2.0619e+07   +2.5640e-04  |      ---           ---           ---     
