--- multipoles on reference trajectory (rz > 0) ---
effective_length:                   434.6464083507939 mm
perpendicular_grid:                 41 points in [-10.000000,+10.000000] mm
max_fitting_error_normal            0.055/6411.040 G/G
max_fitting_error_skew              349.052/349.052 G/G
r0_for_relative_multipoles          12 mm
main_monomial                       n = 0, skew:False
                                       Nn(s=0)      Integ_Nn     Nn/N0(@r0)   |    Sn(s=0)      Integ_Sn     Sn/S0(@r0)  
<multipole_order n>                    [T/m^n]      [T.m/m^n]        []       |    [T/m^n]      [T.m/m^n]        []      
n=00:                                5.5269e-01    -2.4022e-01   +1.0000e+00  |      ---           ---           ---     
n=01:                                7.2442e+00    +3.2299e+00   -1.6135e-01  |      ---           ---           ---     
n=02:                                6.1754e+00    +1.1487e+00   -6.8858e-04  |      ---           ---           ---     
n=03:                                2.8396e+01    -3.6248e+01   +2.6075e-04  |      ---           ---           ---     
n=04:                                2.5934e+03    -1.2965e+03   +1.1191e-04  |      ---           ---           ---     
n=05:                                2.1019e+05    +5.9694e+04   -6.1833e-05  |      ---           ---           ---     
n=06:                                3.1394e+07    +1.5317e+06   -1.9039e-05  |      ---           ---           ---     
