--- multipoles on reference trajectory (rz > 0) ---
effective_length:                   435.31268911860565 mm
perpendicular_grid:                 41 points in [-10.000000,+10.000000] mm
max_fitting_error_normal            0.043/4889.305 G/G
max_fitting_error_skew              342.863/342.863 G/G
r0_for_relative_multipoles          12 mm
main_monomial                       n = 0, skew:False
                                       Nn(s=0)      Integ_Nn     Nn/N0(@r0)   |    Sn(s=0)      Integ_Sn     Sn/S0(@r0)  
<multipole_order n>                    [T/m^n]      [T.m/m^n]        []       |    [T/m^n]      [T.m/m^n]        []      
n=00:                                5.5527e-01    -2.4172e-01   +1.0000e+00  |      ---           ---           ---     
n=01:                                7.2708e+00    +3.2381e+00   -1.6076e-01  |      ---           ---           ---     
n=02:                                5.5181e+00    +9.4934e-01   -5.6556e-04  |      ---           ---           ---     
n=03:                                5.8746e+01    -3.1645e+01   +2.2623e-04  |      ---           ---           ---     
n=04:                                3.5021e+03    +4.0538e+03   -3.4776e-04  |      ---           ---           ---     
n=05:                                1.0549e+05    +7.5582e+03   -7.7806e-06  |      ---           ---           ---     
n=06:                                1.3664e+07    -2.5376e+07   +3.1348e-04  |      ---           ---           ---     
