--- multipoles on reference trajectory (rz > 0) ---
effective_length:                   436.24235994441995 mm
perpendicular_grid:                 41 points in [-10.000000,+10.000000] mm
max_fitting_error_normal            0.039/4893.255 G/G
max_fitting_error_skew              340.985/340.985 G/G
r0_for_relative_multipoles          12 mm
main_monomial                       n = 0, skew:False
                                       Nn(s=0)      Integ_Nn     Nn/N0(@r0)   |    Sn(s=0)      Integ_Sn     Sn/S0(@r0)  
<multipole_order n>                    [T/m^n]      [T.m/m^n]        []       |    [T/m^n]      [T.m/m^n]        []      
n=00:                                5.5366e-01    -2.4153e-01   +1.0000e+00  |      ---           ---           ---     
n=01:                                7.2105e+00    +3.2355e+00   -1.6075e-01  |      ---           ---           ---     
n=02:                                6.7317e+00    +1.1448e+00   -6.8251e-04  |      ---           ---           ---     
n=03:                                3.3043e+01    -1.7287e+01   +1.2368e-04  |      ---           ---           ---     
n=04:                                1.1813e+04    -2.8089e+03   +2.4115e-04  |      ---           ---           ---     
n=05:                                5.0519e+05    -3.8501e+04   +3.9665e-05  |      ---           ---           ---     
n=06:                                7.7612e+07    +1.5903e+07   -1.9661e-04  |      ---           ---           ---     
