--- multipoles on reference trajectory (rz > 0) ---
effective_length:                   434.34205930457796 mm
perpendicular_grid:                 41 points in [-10.000000,+10.000000] mm
max_fitting_error_normal            0.067/6425.835 G/G
max_fitting_error_skew              345.632/345.632 G/G
r0_for_relative_multipoles          12 mm
main_monomial                       n = 0, skew:False
                                       Nn(s=0)      Integ_Nn     Nn/N0(@r0)   |    Sn(s=0)      Integ_Sn     Sn/S0(@r0)  
<multipole_order n>                    [T/m^n]      [T.m/m^n]        []       |    [T/m^n]      [T.m/m^n]        []      
n=00:                                5.5603e-01    -2.4151e-01   +1.0000e+00  |      ---           ---           ---     
n=01:                                7.2918e+00    +3.2337e+00   -1.6067e-01  |      ---           ---           ---     
n=02:                                4.1345e+00    +6.9606e-01   -4.1503e-04  |      ---           ---           ---     
n=03:                                1.2300e+01    -3.2230e+01   +2.3060e-04  |      ---           ---           ---     
n=04:                                2.2034e+04    +4.5226e+03   -3.8831e-04  |      ---           ---           ---     
n=05:                                1.1621e+05    +5.9799e+04   -6.1612e-05  |      ---           ---           ---     
n=06:                                1.1540e+08    -2.5209e+07   +3.1169e-04  |      ---           ---           ---     
