--- multipoles on reference trajectory (rz > 0) ---
effective_length:                   434.82215005255046 mm
perpendicular_grid:                 41 points in [-10.000000,+10.000000] mm
max_fitting_error_normal            0.047/5108.514 G/G
max_fitting_error_skew              374.173/374.173 G/G
r0_for_relative_multipoles          12 mm
main_monomial                       n = 0, skew:False
                                       Nn(s=0)      Integ_Nn     Nn/N0(@r0)   |    Sn(s=0)      Integ_Sn     Sn/S0(@r0)  
<multipole_order n>                    [T/m^n]      [T.m/m^n]        []       |    [T/m^n]      [T.m/m^n]        []      
n=00:                                5.7797e-01    -2.5131e-01   +1.0000e+00  |      ---           ---           ---     
n=01:                                7.6072e+00    +3.3741e+00   -1.6111e-01  |      ---           ---           ---     
n=02:                                4.8682e+00    +9.4288e-01   -5.4026e-04  |      ---           ---           ---     
n=03:                                1.8169e+02    -7.9300e+01   +5.4526e-04  |      ---           ---           ---     
n=04:                                1.5499e+03    +6.4844e+02   -5.3503e-05  |      ---           ---           ---     
n=05:                                7.6094e+05    +2.5663e+05   -2.5409e-04  |      ---           ---           ---     
n=06:                                4.4372e+07    -6.4100e+06   +7.6160e-05  |      ---           ---           ---     
