--- multipoles on reference trajectory (rz > 0) ---
effective_length:                   434.5809066850685 mm
perpendicular_grid:                 41 points in [-10.000000,+10.000000] mm
max_fitting_error_normal            0.046/5491.387 G/G
max_fitting_error_skew              344.440/344.440 G/G
r0_for_relative_multipoles          12 mm
main_monomial                       n = 0, skew:False
                                       Nn(s=0)      Integ_Nn     Nn/N0(@r0)   |    Sn(s=0)      Integ_Sn     Sn/S0(@r0)  
<multipole_order n>                    [T/m^n]      [T.m/m^n]        []       |    [T/m^n]      [T.m/m^n]        []      
n=00:                                5.5427e-01    -2.4087e-01   +1.0000e+00  |      ---           ---           ---     
n=01:                                7.2939e+00    +3.2381e+00   -1.6132e-01  |      ---           ---           ---     
n=02:                                4.1320e+00    +7.0048e-01   -4.1877e-04  |      ---           ---           ---     
n=03:                                3.6460e+00    -2.5718e+01   +1.8449e-04  |      ---           ---           ---     
n=04:                                2.1805e+04    +4.9544e+03   -4.2651e-04  |      ---           ---           ---     
n=05:                                2.2781e+05    +1.2568e+04   -1.2983e-05  |      ---           ---           ---     
n=06:                                1.1523e+08    -2.5248e+07   +3.1299e-04  |      ---           ---           ---     
