--- multipoles on reference trajectory (rz > 0) ---
effective_length:                   436.79264608674225 mm
perpendicular_grid:                 41 points in [-10.000000,+10.000000] mm
max_fitting_error_normal            0.027/6714.724 G/G
max_fitting_error_skew              354.037/354.037 G/G
r0_for_relative_multipoles          12 mm
main_monomial                       n = 0, skew:False
                                       Nn(s=0)      Integ_Nn     Nn/N0(@r0)   |    Sn(s=0)      Integ_Sn     Sn/S0(@r0)  
<multipole_order n>                    [T/m^n]      [T.m/m^n]        []       |    [T/m^n]      [T.m/m^n]        []      
n=00:                                5.7847e-01    -2.5267e-01   +1.0000e+00  |      ---           ---           ---     
n=01:                                7.5426e+00    +3.3767e+00   -1.6037e-01  |      ---           ---           ---     
n=02:                                6.4150e+00    +9.5738e-01   -5.4562e-04  |      ---           ---           ---     
n=03:                                4.0046e+01    -1.9220e+01   +1.3144e-04  |      ---           ---           ---     
n=04:                                7.8024e+03    -9.3763e+02   +7.6950e-05  |      ---           ---           ---     
n=05:                                9.4510e+04    -7.0250e+04   +6.9183e-05  |      ---           ---           ---     
n=06:                                5.5609e+07    +8.8641e+06   -1.0475e-04  |      ---           ---           ---     
