--- multipoles on reference trajectory (rz > 0) ---
effective_length:                   434.654663256385 mm
perpendicular_grid:                 41 points in [-10.000000,+10.000000] mm
max_fitting_error_normal            0.042/6065.399 G/G
max_fitting_error_skew              364.757/364.757 G/G
r0_for_relative_multipoles          12 mm
main_monomial                       n = 0, skew:False
                                       Nn(s=0)      Integ_Nn     Nn/N0(@r0)   |    Sn(s=0)      Integ_Sn     Sn/S0(@r0)  
<multipole_order n>                    [T/m^n]      [T.m/m^n]        []       |    [T/m^n]      [T.m/m^n]        []      
n=00:                                5.8022e-01    -2.5220e-01   +1.0000e+00  |      ---           ---           ---     
n=01:                                7.5988e+00    +3.3761e+00   -1.6064e-01  |      ---           ---           ---     
n=02:                                6.6153e+00    +1.1776e+00   -6.7239e-04  |      ---           ---           ---     
n=03:                                8.8661e+01    -2.3469e+01   +1.6080e-04  |      ---           ---           ---     
n=04:                                1.4925e+04    -1.3255e+03   +1.0898e-04  |      ---           ---           ---     
n=05:                                1.0082e+06    -3.3366e+04   +3.2921e-05  |      ---           ---           ---     
n=06:                                7.9943e+07    +3.4765e+06   -4.1161e-05  |      ---           ---           ---     
