--- multipoles on reference trajectory (rz > 0) ---
effective_length:                   435.5751982929943 mm
perpendicular_grid:                 41 points in [-10.000000,+10.000000] mm
max_fitting_error_normal            0.028/6714.431 G/G
max_fitting_error_skew              361.370/361.370 G/G
r0_for_relative_multipoles          12 mm
main_monomial                       n = 0, skew:False
                                       Nn(s=0)      Integ_Nn     Nn/N0(@r0)   |    Sn(s=0)      Integ_Sn     Sn/S0(@r0)  
<multipole_order n>                    [T/m^n]      [T.m/m^n]        []       |    [T/m^n]      [T.m/m^n]        []      
n=00:                                5.7985e-01    -2.5257e-01   +1.0000e+00  |      ---           ---           ---     
n=01:                                7.5729e+00    +3.3741e+00   -1.6031e-01  |      ---           ---           ---     
n=02:                                6.2477e+00    +1.0611e+00   -6.0501e-04  |      ---           ---           ---     
n=03:                                6.9884e+01    -1.7522e+01   +1.1988e-04  |      ---           ---           ---     
n=04:                                3.7921e+03    +1.3139e+01   -1.0787e-06  |      ---           ---           ---     
n=05:                                3.2600e+04    -9.3607e+04   +9.2223e-05  |      ---           ---           ---     
n=06:                                2.5255e+07    -3.4486e+06   +4.0771e-05  |      ---           ---           ---     
