--- multipoles on reference trajectory (rz > 0) ---
effective_length:                   434.6756493494605 mm
perpendicular_grid:                 41 points in [-10.000000,+10.000000] mm
max_fitting_error_normal            0.058/6375.123 G/G
max_fitting_error_skew              340.366/340.366 G/G
r0_for_relative_multipoles          12 mm
main_monomial                       n = 0, skew:False
                                       Nn(s=0)      Integ_Nn     Nn/N0(@r0)   |    Sn(s=0)      Integ_Sn     Sn/S0(@r0)  
<multipole_order n>                    [T/m^n]      [T.m/m^n]        []       |    [T/m^n]      [T.m/m^n]        []      
n=00:                                5.5108e-01    -2.3954e-01   +1.0000e+00  |      ---           ---           ---     
n=01:                                7.2404e+00    +3.2197e+00   -1.6129e-01  |      ---           ---           ---     
n=02:                                5.1535e+00    +1.0525e+00   -6.3274e-04  |      ---           ---           ---     
n=03:                                4.5504e+01    -4.2021e+01   +3.0313e-04  |      ---           ---           ---     
n=04:                                1.0993e+04    +2.1389e+03   -1.8515e-04  |      ---           ---           ---     
n=05:                                6.8770e+04    +1.3325e+05   -1.3842e-04  |      ---           ---           ---     
n=06:                                6.0541e+07    -1.7894e+07   +2.2305e-04  |      ---           ---           ---     
