--- multipoles on reference trajectory (rz > 0) ---
effective_length:                   435.19296605069405 mm
perpendicular_grid:                 41 points in [-10.000000,+10.000000] mm
max_fitting_error_normal            0.034/3131.828 G/G
max_fitting_error_skew              342.201/342.201 G/G
r0_for_relative_multipoles          12 mm
main_monomial                       n = 0, skew:False
                                       Nn(s=0)      Integ_Nn     Nn/N0(@r0)   |    Sn(s=0)      Integ_Sn     Sn/S0(@r0)  
<multipole_order n>                    [T/m^n]      [T.m/m^n]        []       |    [T/m^n]      [T.m/m^n]        []      
n=00:                                5.5439e-01    -2.4127e-01   +1.0000e+00  |      ---           ---           ---     
n=01:                                7.2732e+00    +3.2339e+00   -1.6085e-01  |      ---           ---           ---     
n=02:                                5.2838e+00    +9.7249e-01   -5.8043e-04  |      ---           ---           ---     
n=03:                                4.1561e+00    -2.8434e+01   +2.0365e-04  |      ---           ---           ---     
n=04:                                3.4423e+03    -1.2322e+03   +1.0590e-04  |      ---           ---           ---     
n=05:                                2.6711e+05    +1.6191e+04   -1.6698e-05  |      ---           ---           ---     
n=06:                                3.2160e+07    +3.5019e+06   -4.3341e-05  |      ---           ---           ---     
