--- multipoles on reference trajectory (rz > 0) ---
effective_length:                   434.61297192682105 mm
perpendicular_grid:                 41 points in [-10.000000,+10.000000] mm
max_fitting_error_normal            0.048/4895.469 G/G
max_fitting_error_skew              345.428/345.428 G/G
r0_for_relative_multipoles          12 mm
main_monomial                       n = 0, skew:False
                                       Nn(s=0)      Integ_Nn     Nn/N0(@r0)   |    Sn(s=0)      Integ_Sn     Sn/S0(@r0)  
<multipole_order n>                    [T/m^n]      [T.m/m^n]        []       |    [T/m^n]      [T.m/m^n]        []      
n=00:                                5.5603e-01    -2.4166e-01   +1.0000e+00  |      ---           ---           ---     
n=01:                                7.2918e+00    +3.2377e+00   -1.6077e-01  |      ---           ---           ---     
n=02:                                4.1345e+00    +7.2828e-01   -4.3397e-04  |      ---           ---           ---     
n=03:                                1.2300e+01    -2.9443e+01   +2.1054e-04  |      ---           ---           ---     
n=04:                                2.2034e+04    +4.6487e+03   -3.9889e-04  |      ---           ---           ---     
n=05:                                1.1621e+05    +3.7723e+04   -3.8843e-05  |      ---           ---           ---     
n=06:                                1.1540e+08    -2.2969e+07   +2.8381e-04  |      ---           ---           ---     
