--- multipoles on reference trajectory (rz > 0) ---
effective_length:                   435.0281921560671 mm
perpendicular_grid:                 41 points in [-10.000000,+10.000000] mm
max_fitting_error_normal            0.048/4867.150 G/G
max_fitting_error_skew              335.098/335.098 G/G
r0_for_relative_multipoles          12 mm
main_monomial                       n = 0, skew:False
                                       Nn(s=0)      Integ_Nn     Nn/N0(@r0)   |    Sn(s=0)      Integ_Sn     Sn/S0(@r0)  
<multipole_order n>                    [T/m^n]      [T.m/m^n]        []       |    [T/m^n]      [T.m/m^n]        []      
n=00:                                5.5109e-01    -2.3974e-01   +1.0000e+00  |      ---           ---           ---     
n=01:                                7.2417e+00    +3.2194e+00   -1.6114e-01  |      ---           ---           ---     
n=02:                                4.4773e+00    +8.4776e-01   -5.0921e-04  |      ---           ---           ---     
n=03:                                5.7488e+00    -3.5872e+01   +2.5856e-04  |      ---           ---           ---     
n=04:                                2.0601e+04    +2.2946e+03   -1.9847e-04  |      ---           ---           ---     
n=05:                                4.8157e+05    +1.8317e+04   -1.9011e-05  |      ---           ---           ---     
n=06:                                1.1565e+08    -1.1499e+07   +1.4322e-04  |      ---           ---           ---     
