--- multipoles on reference trajectory (rz > 0) ---
effective_length:                   435.91092617876666 mm
perpendicular_grid:                 41 points in [-10.000000,+10.000000] mm
max_fitting_error_normal            0.051/6404.022 G/G
max_fitting_error_skew              334.901/334.901 G/G
r0_for_relative_multipoles          12 mm
main_monomial                       n = 0, skew:False
                                       Nn(s=0)      Integ_Nn     Nn/N0(@r0)   |    Sn(s=0)      Integ_Sn     Sn/S0(@r0)  
<multipole_order n>                    [T/m^n]      [T.m/m^n]        []       |    [T/m^n]      [T.m/m^n]        []      
n=00:                                5.5276e-01    -2.4095e-01   +1.0000e+00  |      ---           ---           ---     
n=01:                                7.2604e+00    +3.2373e+00   -1.6123e-01  |      ---           ---           ---     
n=02:                                5.3740e+00    +1.1166e+00   -6.6730e-04  |      ---           ---           ---     
n=03:                                5.7059e+00    -2.7719e+01   +1.9879e-04  |      ---           ---           ---     
n=04:                                8.6488e+02    -3.9066e+03   +3.3620e-04  |      ---           ---           ---     
n=05:                                2.5490e+05    -3.7391e+04   +3.8613e-05  |      ---           ---           ---     
n=06:                                1.4744e+07    +2.4521e+07   -3.0387e-04  |      ---           ---           ---     
