--- multipoles on reference trajectory (rz > 0) ---
effective_length:                   435.3646748738226 mm
perpendicular_grid:                 41 points in [-10.000000,+10.000000] mm
max_fitting_error_normal            0.037/6373.766 G/G
max_fitting_error_skew              343.892/343.892 G/G
r0_for_relative_multipoles          12 mm
main_monomial                       n = 0, skew:False
                                       Nn(s=0)      Integ_Nn     Nn/N0(@r0)   |    Sn(s=0)      Integ_Sn     Sn/S0(@r0)  
<multipole_order n>                    [T/m^n]      [T.m/m^n]        []       |    [T/m^n]      [T.m/m^n]        []      
n=00:                                5.5072e-01    -2.3976e-01   +1.0000e+00  |      ---           ---           ---     
n=01:                                7.2345e+00    +3.2208e+00   -1.6120e-01  |      ---           ---           ---     
n=02:                                5.7678e+00    +9.3685e-01   -5.6266e-04  |      ---           ---           ---     
n=03:                                8.3221e+01    -2.1854e+01   +1.5751e-04  |      ---           ---           ---     
n=04:                                8.9453e+01    +9.9036e+02   -8.5651e-05  |      ---           ---           ---     
n=05:                                2.9635e+05    +9.1830e+03   -9.5303e-06  |      ---           ---           ---     
n=06:                                1.5854e+06    -7.4090e+06   +9.2270e-05  |      ---           ---           ---     
