--- multipoles on reference trajectory (rz > 0) ---
effective_length:                   435.9378164012513 mm
perpendicular_grid:                 41 points in [-10.000000,+10.000000] mm
max_fitting_error_normal            0.053/5005.440 G/G
max_fitting_error_skew              349.878/349.878 G/G
r0_for_relative_multipoles          12 mm
main_monomial                       n = 0, skew:False
                                       Nn(s=0)      Integ_Nn     Nn/N0(@r0)   |    Sn(s=0)      Integ_Sn     Sn/S0(@r0)  
<multipole_order n>                    [T/m^n]      [T.m/m^n]        []       |    [T/m^n]      [T.m/m^n]        []      
n=00:                                5.7689e-01    -2.5149e-01   +1.0000e+00  |      ---           ---           ---     
n=01:                                7.5792e+00    +3.3788e+00   -1.6123e-01  |      ---           ---           ---     
n=02:                                6.9797e+00    +1.3161e+00   -7.5361e-04  |      ---           ---           ---     
n=03:                                1.5549e+02    -4.2187e+01   +2.8987e-04  |      ---           ---           ---     
n=04:                                1.8774e+04    -4.6151e+03   +3.8053e-04  |      ---           ---           ---     
n=05:                                7.4938e+05    +8.0649e+04   -7.9797e-05  |      ---           ---           ---     
n=06:                                1.2603e+08    +2.6738e+07   -3.1747e-04  |      ---           ---           ---     
