--- multipoles on reference trajectory (rz > 0) ---
effective_length:                   433.28796499525987 mm
perpendicular_grid:                 41 points in [-10.000000,+10.000000] mm
max_fitting_error_normal            0.046/4617.880 G/G
max_fitting_error_skew              314.717/314.717 G/G
r0_for_relative_multipoles          12 mm
main_monomial                       n = 0, skew:False
                                       Nn(s=0)      Integ_Nn     Nn/N0(@r0)   |    Sn(s=0)      Integ_Sn     Sn/S0(@r0)  
<multipole_order n>                    [T/m^n]      [T.m/m^n]        []       |    [T/m^n]      [T.m/m^n]        []      
n=00:                                5.2616e-01    -2.2798e-01   +1.0000e+00  |      ---           ---           ---     
n=01:                                6.9420e+00    +3.0626e+00   -1.6120e-01  |      ---           ---           ---     
n=02:                                4.5524e+00    +1.1323e+00   -7.1521e-04  |      ---           ---           ---     
n=03:                                3.3271e+01    -3.1722e+01   +2.4044e-04  |      ---           ---           ---     
n=04:                                5.5746e+02    -5.4060e+03   +4.9171e-04  |      ---           ---           ---     
n=05:                                9.3423e+04    -1.1334e+04   +1.2370e-05  |      ---           ---           ---     
n=06:                                4.2902e+06    +3.0290e+07   -3.9672e-04  |      ---           ---           ---     
