--- multipoles on reference trajectory (rz > 0) ---
effective_length:                   433.411164549438 mm
perpendicular_grid:                 41 points in [-10.000000,+10.000000] mm
max_fitting_error_normal            0.038/6405.048 G/G
max_fitting_error_skew              333.417/333.417 G/G
r0_for_relative_multipoles          12 mm
main_monomial                       n = 0, skew:False
                                       Nn(s=0)      Integ_Nn     Nn/N0(@r0)   |    Sn(s=0)      Integ_Sn     Sn/S0(@r0)  
<multipole_order n>                    [T/m^n]      [T.m/m^n]        []       |    [T/m^n]      [T.m/m^n]        []      
n=00:                                5.5533e-01    -2.4069e-01   +1.0000e+00  |      ---           ---           ---     
n=01:                                7.3251e+00    +3.2351e+00   -1.6129e-01  |      ---           ---           ---     
n=02:                                4.3254e+00    +9.3003e-01   -5.5642e-04  |      ---           ---           ---     
n=03:                                1.3522e+01    -3.0230e+01   +2.1703e-04  |      ---           ---           ---     
n=04:                                1.3682e+04    +1.6370e+03   -1.4103e-04  |      ---           ---           ---     
n=05:                                2.2504e+05    +1.3985e+04   -1.4458e-05  |      ---           ---           ---     
n=06:                                6.7194e+07    -8.3086e+06   +1.0308e-04  |      ---           ---           ---     
