--- multipoles on reference trajectory (rz > 0) ---
effective_length:                   435.51343439634377 mm
perpendicular_grid:                 41 points in [-10.000000,+10.000000] mm
max_fitting_error_normal            0.031/4875.082 G/G
max_fitting_error_skew              342.892/342.892 G/G
r0_for_relative_multipoles          12 mm
main_monomial                       n = 0, skew:False
                                       Nn(s=0)      Integ_Nn     Nn/N0(@r0)   |    Sn(s=0)      Integ_Sn     Sn/S0(@r0)  
<multipole_order n>                    [T/m^n]      [T.m/m^n]        []       |    [T/m^n]      [T.m/m^n]        []      
n=00:                                5.5088e-01    -2.3991e-01   +1.0000e+00  |      ---           ---           ---     
n=01:                                7.2264e+00    +3.2191e+00   -1.6101e-01  |      ---           ---           ---     
n=02:                                5.6074e+00    +1.0101e+00   -6.0630e-04  |      ---           ---           ---     
n=03:                                3.9968e+01    -2.9011e+01   +2.0895e-04  |      ---           ---           ---     
n=04:                                1.6528e+03    -2.1882e+03   +1.8912e-04  |      ---           ---           ---     
n=05:                                4.9164e+03    -1.9226e+04   +1.9941e-05  |      ---           ---           ---     
n=06:                                1.5107e+07    +1.0327e+07   -1.2854e-04  |      ---           ---           ---     
