--- multipoles on reference trajectory (rz > 0) ---
effective_length:                   434.25275364393025 mm
perpendicular_grid:                 41 points in [-10.000000,+10.000000] mm
max_fitting_error_normal            0.029/6393.545 G/G
max_fitting_error_skew              327.533/327.533 G/G
r0_for_relative_multipoles          12 mm
main_monomial                       n = 0, skew:False
                                       Nn(s=0)      Integ_Nn     Nn/N0(@r0)   |    Sn(s=0)      Integ_Sn     Sn/S0(@r0)  
<multipole_order n>                    [T/m^n]      [T.m/m^n]        []       |    [T/m^n]      [T.m/m^n]        []      
n=00:                                5.5286e-01    -2.4008e-01   +1.0000e+00  |      ---           ---           ---     
n=01:                                7.2433e+00    +3.2139e+00   -1.6064e-01  |      ---           ---           ---     
n=02:                                5.2984e+00    +6.6747e-01   -4.0035e-04  |      ---           ---           ---     
n=03:                                1.2422e+01    -2.3315e+01   +1.6781e-04  |      ---           ---           ---     
n=04:                                6.2448e+03    +2.0159e+03   -1.7411e-04  |      ---           ---           ---     
n=05:                                6.0549e+05    -9.6307e+04   +9.9817e-05  |      ---           ---           ---     
n=06:                                2.4950e+07    -1.2307e+07   +1.5307e-04  |      ---           ---           ---     
