--- multipoles on reference trajectory (rz > 0) ---
effective_length:                   433.4142936252877 mm
perpendicular_grid:                 41 points in [-10.000000,+10.000000] mm
max_fitting_error_normal            0.040/6466.552 G/G
max_fitting_error_skew              343.513/343.513 G/G
r0_for_relative_multipoles          12 mm
main_monomial                       n = 0, skew:False
                                       Nn(s=0)      Integ_Nn     Nn/N0(@r0)   |    Sn(s=0)      Integ_Sn     Sn/S0(@r0)  
<multipole_order n>                    [T/m^n]      [T.m/m^n]        []       |    [T/m^n]      [T.m/m^n]        []      
n=00:                                5.5795e-01    -2.4182e-01   +1.0000e+00  |      ---           ---           ---     
n=01:                                7.3494e+00    +3.2315e+00   -1.6036e-01  |      ---           ---           ---     
n=02:                                3.7028e+00    +9.2316e-01   -5.4972e-04  |      ---           ---           ---     
n=03:                                2.0257e+02    -5.3141e+01   +3.7973e-04  |      ---           ---           ---     
n=04:                                1.3684e+04    -4.3200e+02   +3.7043e-05  |      ---           ---           ---     
n=05:                                9.1526e+05    +1.0075e+05   -1.0367e-04  |      ---           ---           ---     
n=06:                                8.3515e+07    +2.6658e+05   -3.2916e-06  |      ---           ---           ---     
