--- multipoles on reference trajectory (rz > 0) ---
effective_length:                   435.8546221276461 mm
perpendicular_grid:                 41 points in [-10.000000,+10.000000] mm
max_fitting_error_normal            0.036/4458.570 G/G
max_fitting_error_skew              337.981/337.981 G/G
r0_for_relative_multipoles          12 mm
main_monomial                       n = 0, skew:False
                                       Nn(s=0)      Integ_Nn     Nn/N0(@r0)   |    Sn(s=0)      Integ_Sn     Sn/S0(@r0)  
<multipole_order n>                    [T/m^n]      [T.m/m^n]        []       |    [T/m^n]      [T.m/m^n]        []      
n=00:                                5.5206e-01    -2.4062e-01   +1.0000e+00  |      ---           ---           ---     
n=01:                                7.2299e+00    +3.2307e+00   -1.6112e-01  |      ---           ---           ---     
n=02:                                5.0725e+00    +7.2958e-01   -4.3662e-04  |      ---           ---           ---     
n=03:                                1.4338e+01    -1.7206e+01   +1.2356e-04  |      ---           ---           ---     
n=04:                                4.5434e+03    +1.8855e+02   -1.6249e-05  |      ---           ---           ---     
n=05:                                2.6608e+05    -1.0115e+05   +1.0460e-04  |      ---           ---           ---     
n=06:                                4.6123e+06    +1.9756e+06   -2.4517e-05  |      ---           ---           ---     
