--- multipoles on reference trajectory (rz > 0) ---
effective_length:                   435.16579049509613 mm
perpendicular_grid:                 41 points in [-10.000000,+10.000000] mm
max_fitting_error_normal            0.041/4876.879 G/G
max_fitting_error_skew              338.819/338.819 G/G
r0_for_relative_multipoles          12 mm
main_monomial                       n = 0, skew:False
                                       Nn(s=0)      Integ_Nn     Nn/N0(@r0)   |    Sn(s=0)      Integ_Sn     Sn/S0(@r0)  
<multipole_order n>                    [T/m^n]      [T.m/m^n]        []       |    [T/m^n]      [T.m/m^n]        []      
n=00:                                5.5332e-01    -2.4079e-01   +1.0000e+00  |      ---           ---           ---     
n=01:                                7.2676e+00    +3.2319e+00   -1.6107e-01  |      ---           ---           ---     
n=02:                                5.6003e+00    +1.0254e+00   -6.1321e-04  |      ---           ---           ---     
n=03:                                8.6115e+01    -3.1952e+01   +2.2931e-04  |      ---           ---           ---     
n=04:                                8.0786e+03    -3.1846e+03   +2.7425e-04  |      ---           ---           ---     
n=05:                                1.1618e+05    -4.4805e+04   +4.6302e-05  |      ---           ---           ---     
n=06:                                5.0490e+07    +1.5294e+07   -1.8966e-04  |      ---           ---           ---     
