--- multipoles on reference trajectory (rz > 0) ---
effective_length:                   434.8511723034051 mm
perpendicular_grid:                 41 points in [-10.000000,+10.000000] mm
max_fitting_error_normal            0.043/5130.847 G/G
max_fitting_error_skew              375.510/375.510 G/G
r0_for_relative_multipoles          12 mm
main_monomial                       n = 0, skew:False
                                       Nn(s=0)      Integ_Nn     Nn/N0(@r0)   |    Sn(s=0)      Integ_Sn     Sn/S0(@r0)  
<multipole_order n>                    [T/m^n]      [T.m/m^n]        []       |    [T/m^n]      [T.m/m^n]        []      
n=00:                                5.8035e-01    -2.5237e-01   +1.0000e+00  |      ---           ---           ---     
n=01:                                7.6042e+00    +3.3734e+00   -1.6040e-01  |      ---           ---           ---     
n=02:                                5.1148e+00    +1.0344e+00   -5.9020e-04  |      ---           ---           ---     
n=03:                                1.8512e+02    -7.9277e+01   +5.4282e-04  |      ---           ---           ---     
n=04:                                5.3334e+03    -3.5454e+02   +2.9131e-05  |      ---           ---           ---     
n=05:                                7.3900e+05    +2.6183e+05   -2.5816e-04  |      ---           ---           ---     
n=06:                                6.6026e+07    -1.4530e+06   +1.7191e-05  |      ---           ---           ---     
