--- multipoles on reference trajectory (rz > 0) ---
effective_length:                   435.50143350157504 mm
perpendicular_grid:                 41 points in [-10.000000,+10.000000] mm
max_fitting_error_normal            0.036/4882.273 G/G
max_fitting_error_skew              346.415/346.415 G/G
r0_for_relative_multipoles          12 mm
main_monomial                       n = 0, skew:False
                                       Nn(s=0)      Integ_Nn     Nn/N0(@r0)   |    Sn(s=0)      Integ_Sn     Sn/S0(@r0)  
<multipole_order n>                    [T/m^n]      [T.m/m^n]        []       |    [T/m^n]      [T.m/m^n]        []      
n=00:                                5.5333e-01    -2.4098e-01   +1.0000e+00  |      ---           ---           ---     
n=01:                                7.2913e+00    +3.2357e+00   -1.6113e-01  |      ---           ---           ---     
n=02:                                6.4531e+00    +1.1362e+00   -6.7898e-04  |      ---           ---           ---     
n=03:                                7.5311e+01    -1.7420e+01   +1.2492e-04  |      ---           ---           ---     
n=04:                                2.0492e+04    -2.0876e+03   +1.7964e-04  |      ---           ---           ---     
n=05:                                1.4253e+05    -1.0217e+05   +1.0550e-04  |      ---           ---           ---     
n=06:                                1.2519e+08    +1.1424e+07   -1.4155e-04  |      ---           ---           ---     
