--- multipoles on reference trajectory (rz > 0) ---
effective_length:                   436.10988868340587 mm
perpendicular_grid:                 41 points in [-10.000000,+10.000000] mm
max_fitting_error_normal            0.037/6081.697 G/G
max_fitting_error_skew              312.416/312.416 G/G
r0_for_relative_multipoles          12 mm
main_monomial                       n = 0, skew:False
                                       Nn(s=0)      Integ_Nn     Nn/N0(@r0)   |    Sn(s=0)      Integ_Sn     Sn/S0(@r0)  
<multipole_order n>                    [T/m^n]      [T.m/m^n]        []       |    [T/m^n]      [T.m/m^n]        []      
n=00:                                5.2434e-01    -2.2867e-01   +1.0000e+00  |      ---           ---           ---     
n=01:                                6.8460e+00    +3.0613e+00   -1.6065e-01  |      ---           ---           ---     
n=02:                                4.7797e+00    +7.2197e-01   -4.5465e-04  |      ---           ---           ---     
n=03:                                8.8259e+01    -4.8743e+01   +3.6834e-04  |      ---           ---           ---     
n=04:                                6.8538e+03    +1.0305e+03   -9.3448e-05  |      ---           ---           ---     
n=05:                                1.9280e+05    +8.7882e+04   -9.5631e-05  |      ---           ---           ---     
n=06:                                3.8830e+07    -8.3069e+06   +1.0847e-04  |      ---           ---           ---     
