--- multipoles on reference trajectory (rz > 0) ---
effective_length:                   436.4276969670073 mm
perpendicular_grid:                 41 points in [-10.000000,+10.000000] mm
max_fitting_error_normal            0.047/3210.826 G/G
max_fitting_error_skew              323.045/323.045 G/G
r0_for_relative_multipoles          12 mm
main_monomial                       n = 0, skew:False
                                       Nn(s=0)      Integ_Nn     Nn/N0(@r0)   |    Sn(s=0)      Integ_Sn     Sn/S0(@r0)  
<multipole_order n>                    [T/m^n]      [T.m/m^n]        []       |    [T/m^n]      [T.m/m^n]        []      
n=00:                                5.2419e-01    -2.2877e-01   +1.0000e+00  |      ---           ---           ---     
n=01:                                6.8573e+00    +3.0630e+00   -1.6067e-01  |      ---           ---           ---     
n=02:                                5.0135e+00    +6.8914e-01   -4.3378e-04  |      ---           ---           ---     
n=03:                                1.9413e+01    -2.6093e+01   +1.9709e-04  |      ---           ---           ---     
n=04:                                2.4033e+03    +2.2001e+03   -1.9942e-04  |      ---           ---           ---     
n=05:                                5.1183e+05    -3.8989e+04   +4.2409e-05  |      ---           ---           ---     
n=06:                                4.4057e+06    -1.3910e+07   +1.8156e-04  |      ---           ---           ---     
