--- multipoles on reference trajectory (rz > 0) ---
effective_length:                   434.1243506485705 mm
perpendicular_grid:                 41 points in [-10.000000,+10.000000] mm
max_fitting_error_normal            0.043/3796.846 G/G
max_fitting_error_skew              340.634/340.634 G/G
r0_for_relative_multipoles          12 mm
main_monomial                       n = 0, skew:False
                                       Nn(s=0)      Integ_Nn     Nn/N0(@r0)   |    Sn(s=0)      Integ_Sn     Sn/S0(@r0)  
<multipole_order n>                    [T/m^n]      [T.m/m^n]        []       |    [T/m^n]      [T.m/m^n]        []      
n=00:                                5.5460e-01    -2.4076e-01   +1.0000e+00  |      ---           ---           ---     
n=01:                                7.2914e+00    +3.2304e+00   -1.6101e-01  |      ---           ---           ---     
n=02:                                5.3038e+00    +8.3308e-01   -4.9826e-04  |      ---           ---           ---     
n=03:                                1.2133e+02    -3.9467e+01   +2.8326e-04  |      ---           ---           ---     
n=04:                                6.0969e+03    -2.0240e+03   +1.7432e-04  |      ---           ---           ---     
n=05:                                3.5709e+05    +1.6045e+04   -1.6582e-05  |      ---           ---           ---     
n=06:                                4.5527e+07    +1.3321e+07   -1.6521e-04  |      ---           ---           ---     
