--- multipoles on reference trajectory (rz > 0) ---
effective_length:                   433.39137436411863 mm
perpendicular_grid:                 41 points in [-10.000000,+10.000000] mm
max_fitting_error_normal            0.045/6384.239 G/G
max_fitting_error_skew              332.242/332.242 G/G
r0_for_relative_multipoles          12 mm
main_monomial                       n = 0, skew:False
                                       Nn(s=0)      Integ_Nn     Nn/N0(@r0)   |    Sn(s=0)      Integ_Sn     Sn/S0(@r0)  
<multipole_order n>                    [T/m^n]      [T.m/m^n]        []       |    [T/m^n]      [T.m/m^n]        []      
n=00:                                5.5344e-01    -2.3986e-01   +1.0000e+00  |      ---           ---           ---     
n=01:                                7.2911e+00    +3.2204e+00   -1.6112e-01  |      ---           ---           ---     
n=02:                                4.0001e+00    +7.3813e-01   -4.4314e-04  |      ---           ---           ---     
n=03:                                4.3206e+01    -2.1307e+01   +1.5350e-04  |      ---           ---           ---     
n=04:                                2.5569e+04    +6.0761e+03   -5.2529e-04  |      ---           ---           ---     
n=05:                                5.7151e+05    -8.4112e+03   +8.7260e-06  |      ---           ---           ---     
n=06:                                1.4703e+08    -3.5169e+07   +4.3782e-04  |      ---           ---           ---     
