--- multipoles on reference trajectory (rz > 0) ---
effective_length:                   435.8935573186485 mm
perpendicular_grid:                 41 points in [-10.000000,+10.000000] mm
max_fitting_error_normal            0.030/3360.894 G/G
max_fitting_error_skew              340.435/340.435 G/G
r0_for_relative_multipoles          12 mm
main_monomial                       n = 0, skew:False
                                       Nn(s=0)      Integ_Nn     Nn/N0(@r0)   |    Sn(s=0)      Integ_Sn     Sn/S0(@r0)  
<multipole_order n>                    [T/m^n]      [T.m/m^n]        []       |    [T/m^n]      [T.m/m^n]        []      
n=00:                                5.5171e-01    -2.4048e-01   +1.0000e+00  |      ---           ---           ---     
n=01:                                7.1975e+00    +3.2193e+00   -1.6064e-01  |      ---           ---           ---     
n=02:                                5.6230e+00    +8.5178e-01   -5.1004e-04  |      ---           ---           ---     
n=03:                                5.8635e+01    -3.6848e+01   +2.6477e-04  |      ---           ---           ---     
n=04:                                3.2445e+03    -1.3175e+02   +1.1360e-05  |      ---           ---           ---     
n=05:                                1.9576e+04    -1.5713e+04   +1.6259e-05  |      ---           ---           ---     
n=06:                                4.0464e+07    +4.0646e+06   -5.0468e-05  |      ---           ---           ---     
