--- multipoles on reference trajectory (rz > 0) ---
effective_length:                   434.9365517830112 mm
perpendicular_grid:                 41 points in [-10.000000,+10.000000] mm
max_fitting_error_normal            0.044/6702.118 G/G
max_fitting_error_skew              362.081/362.081 G/G
r0_for_relative_multipoles          12 mm
main_monomial                       n = 0, skew:False
                                       Nn(s=0)      Integ_Nn     Nn/N0(@r0)   |    Sn(s=0)      Integ_Sn     Sn/S0(@r0)  
<multipole_order n>                    [T/m^n]      [T.m/m^n]        []       |    [T/m^n]      [T.m/m^n]        []      
n=00:                                5.7796e-01    -2.5137e-01   +1.0000e+00  |      ---           ---           ---     
n=01:                                7.6028e+00    +3.3718e+00   -1.6096e-01  |      ---           ---           ---     
n=02:                                5.8737e+00    +1.2036e+00   -6.8950e-04  |      ---           ---           ---     
n=03:                                5.1583e+01    -3.0693e+01   +2.1099e-04  |      ---           ---           ---     
n=04:                                8.7956e+03    -4.1539e+02   +3.4265e-05  |      ---           ---           ---     
n=05:                                1.0293e+05    +4.9665e+04   -4.9163e-05  |      ---           ---           ---     
n=06:                                5.6475e+07    -2.8997e+06   +3.4445e-05  |      ---           ---           ---     
