--- multipoles on reference trajectory (rz > 0) ---
effective_length:                   436.5904895692293 mm
perpendicular_grid:                 41 points in [-10.000000,+10.000000] mm
max_fitting_error_normal            0.049/3303.165 G/G
max_fitting_error_skew              341.985/341.985 G/G
r0_for_relative_multipoles          12 mm
main_monomial                       n = 0, skew:False
                                       Nn(s=0)      Integ_Nn     Nn/N0(@r0)   |    Sn(s=0)      Integ_Sn     Sn/S0(@r0)  
<multipole_order n>                    [T/m^n]      [T.m/m^n]        []       |    [T/m^n]      [T.m/m^n]        []      
n=00:                                5.5163e-01    -2.4083e-01   +1.0000e+00  |      ---           ---           ---     
n=01:                                7.2251e+00    +3.2349e+00   -1.6119e-01  |      ---           ---           ---     
n=02:                                6.6146e+00    +1.0758e+00   -6.4322e-04  |      ---           ---           ---     
n=03:                                5.5853e+01    -2.4899e+01   +1.7865e-04  |      ---           ---           ---     
n=04:                                1.1024e+04    -1.5700e+03   +1.3518e-04  |      ---           ---           ---     
n=05:                                1.3546e+04    -3.5011e+04   +3.6174e-05  |      ---           ---           ---     
n=06:                                5.8689e+07    +3.9844e+06   -4.9400e-05  |      ---           ---           ---     
