--- multipoles on reference trajectory (rz > 0) ---
effective_length:                   436.0457597680914 mm
perpendicular_grid:                 41 points in [-10.000000,+10.000000] mm
max_fitting_error_normal            0.035/6062.790 G/G
max_fitting_error_skew              311.442/311.442 G/G
r0_for_relative_multipoles          12 mm
main_monomial                       n = 0, skew:False
                                       Nn(s=0)      Integ_Nn     Nn/N0(@r0)   |    Sn(s=0)      Integ_Sn     Sn/S0(@r0)  
<multipole_order n>                    [T/m^n]      [T.m/m^n]        []       |    [T/m^n]      [T.m/m^n]        []      
n=00:                                5.2260e-01    -2.2788e-01   +1.0000e+00  |      ---           ---           ---     
n=01:                                6.8484e+00    +3.0617e+00   -1.6123e-01  |      ---           ---           ---     
n=02:                                4.6987e+00    +6.7991e-01   -4.2965e-04  |      ---           ---           ---     
n=03:                                8.2960e+01    -4.8130e+01   +3.6497e-04  |      ---           ---           ---     
n=04:                                7.6290e+03    +1.3038e+03   -1.1864e-04  |      ---           ---           ---     
n=05:                                1.5190e+05    +8.0173e+04   -8.7545e-05  |      ---           ---           ---     
n=06:                                4.3456e+07    -9.6846e+06   +1.2690e-04  |      ---           ---           ---     
