--- multipoles on reference trajectory (rz > 0) ---
effective_length:                   435.9539914983656 mm
perpendicular_grid:                 41 points in [-10.000000,+10.000000] mm
max_fitting_error_normal            0.066/5142.846 G/G
max_fitting_error_skew              373.016/373.016 G/G
r0_for_relative_multipoles          12 mm
main_monomial                       n = 0, skew:False
                                       Nn(s=0)      Integ_Nn     Nn/N0(@r0)   |    Sn(s=0)      Integ_Sn     Sn/S0(@r0)  
<multipole_order n>                    [T/m^n]      [T.m/m^n]        []       |    [T/m^n]      [T.m/m^n]        []      
n=00:                                5.7719e-01    -2.5163e-01   +1.0000e+00  |      ---           ---           ---     
n=01:                                7.5522e+00    +3.3712e+00   -1.6077e-01  |      ---           ---           ---     
n=02:                                6.5377e+00    +1.0149e+00   -5.8079e-04  |      ---           ---           ---     
n=03:                                4.7714e+01    -2.7105e+01   +1.8613e-04  |      ---           ---           ---     
n=04:                                1.4490e+04    -3.3991e+03   +2.8011e-04  |      ---           ---           ---     
n=05:                                2.9953e+05    -1.1343e+05   +1.1217e-04  |      ---           ---           ---     
n=06:                                6.6928e+07    +1.1755e+07   -1.3949e-04  |      ---           ---           ---     
