--- multipoles on reference trajectory (rz > 0) ---
effective_length:                   436.04790903146545 mm
perpendicular_grid:                 41 points in [-10.000000,+10.000000] mm
max_fitting_error_normal            0.074/3772.336 G/G
max_fitting_error_skew              349.453/349.453 G/G
r0_for_relative_multipoles          12 mm
main_monomial                       n = 0, skew:False
                                       Nn(s=0)      Integ_Nn     Nn/N0(@r0)   |    Sn(s=0)      Integ_Sn     Sn/S0(@r0)  
<multipole_order n>                    [T/m^n]      [T.m/m^n]        []       |    [T/m^n]      [T.m/m^n]        []      
n=00:                                5.7911e-01    -2.5252e-01   +1.0000e+00  |      ---           ---           ---     
n=01:                                7.5471e+00    +3.3745e+00   -1.6036e-01  |      ---           ---           ---     
n=02:                                6.2376e+00    +8.7803e-01   -5.0070e-04  |      ---           ---           ---     
n=03:                                7.9688e+00    -1.6437e+01   +1.1248e-04  |      ---           ---           ---     
n=04:                                1.0210e+03    +3.2682e+03   -2.6837e-04  |      ---           ---           ---     
n=05:                                5.0927e+05    -1.3693e+05   +1.3493e-04  |      ---           ---           ---     
n=06:                                4.9937e+06    -2.1066e+07   +2.4910e-04  |      ---           ---           ---     
