--- multipoles on reference trajectory (rz > 0) ---
effective_length:                   434.82674314716235 mm
perpendicular_grid:                 41 points in [-10.000000,+10.000000] mm
max_fitting_error_normal            0.046/5113.271 G/G
max_fitting_error_skew              374.425/374.425 G/G
r0_for_relative_multipoles          12 mm
main_monomial                       n = 0, skew:False
                                       Nn(s=0)      Integ_Nn     Nn/N0(@r0)   |    Sn(s=0)      Integ_Sn     Sn/S0(@r0)  
<multipole_order n>                    [T/m^n]      [T.m/m^n]        []       |    [T/m^n]      [T.m/m^n]        []      
n=00:                                5.7842e-01    -2.5151e-01   +1.0000e+00  |      ---           ---           ---     
n=01:                                7.6067e+00    +3.3740e+00   -1.6098e-01  |      ---           ---           ---     
n=02:                                4.9156e+00    +9.6006e-01   -5.4967e-04  |      ---           ---           ---     
n=03:                                1.8263e+02    -7.9384e+01   +5.4540e-04  |      ---           ---           ---     
n=04:                                2.3082e+03    +4.6166e+02   -3.8062e-05  |      ---           ---           ---     
n=05:                                7.5924e+05    +2.5823e+05   -2.5548e-04  |      ---           ---           ---     
n=06:                                4.8809e+07    -5.4880e+06   +6.5154e-05  |      ---           ---           ---     
