--- multipoles on reference trajectory (rz > 0) ---
effective_length:                   436.0844627692684 mm
perpendicular_grid:                 41 points in [-10.000000,+10.000000] mm
max_fitting_error_normal            0.048/6705.973 G/G
max_fitting_error_skew              372.574/372.574 G/G
r0_for_relative_multipoles          12 mm
main_monomial                       n = 0, skew:False
                                       Nn(s=0)      Integ_Nn     Nn/N0(@r0)   |    Sn(s=0)      Integ_Sn     Sn/S0(@r0)  
<multipole_order n>                    [T/m^n]      [T.m/m^n]        []       |    [T/m^n]      [T.m/m^n]        []      
n=00:                                5.7851e-01    -2.5228e-01   +1.0000e+00  |      ---           ---           ---     
n=01:                                7.5500e+00    +3.3755e+00   -1.6056e-01  |      ---           ---           ---     
n=02:                                6.5524e+00    +1.0826e+00   -6.1796e-04  |      ---           ---           ---     
n=03:                                3.8786e+01    -1.0657e+01   +7.2996e-05  |      ---           ---           ---     
n=04:                                1.3928e+04    -4.0958e+03   +3.3666e-04  |      ---           ---           ---     
n=05:                                3.5801e+05    -1.9688e+05   +1.9419e-04  |      ---           ---           ---     
n=06:                                6.4637e+07    +2.0327e+07   -2.4060e-04  |      ---           ---           ---     
