--- multipoles on reference trajectory (rz > 0) ---
effective_length:                   436.2641654155346 mm
perpendicular_grid:                 41 points in [-10.000000,+10.000000] mm
max_fitting_error_normal            0.040/3390.204 G/G
max_fitting_error_skew              341.195/341.195 G/G
r0_for_relative_multipoles          12 mm
main_monomial                       n = 0, skew:False
                                       Nn(s=0)      Integ_Nn     Nn/N0(@r0)   |    Sn(s=0)      Integ_Sn     Sn/S0(@r0)  
<multipole_order n>                    [T/m^n]      [T.m/m^n]        []       |    [T/m^n]      [T.m/m^n]        []      
n=00:                                5.5163e-01    -2.4065e-01   +1.0000e+00  |      ---           ---           ---     
n=01:                                7.2251e+00    +3.2353e+00   -1.6132e-01  |      ---           ---           ---     
n=02:                                6.6146e+00    +1.0727e+00   -6.4186e-04  |      ---           ---           ---     
n=03:                                5.5853e+01    -2.1808e+01   +1.5659e-04  |      ---           ---           ---     
n=04:                                1.1024e+04    -2.5605e+03   +2.2063e-04  |      ---           ---           ---     
n=05:                                1.3546e+04    -4.9018e+04   +5.0684e-05  |      ---           ---           ---     
n=06:                                5.8689e+07    +9.7213e+06   -1.2062e-04  |      ---           ---           ---     
