--- multipoles on reference trajectory (rz > 0) ---
effective_length:                   436.56576368798113 mm
perpendicular_grid:                 41 points in [-10.000000,+10.000000] mm
max_fitting_error_normal            0.034/6428.754 G/G
max_fitting_error_skew              359.151/359.151 G/G
r0_for_relative_multipoles          12 mm
main_monomial                       n = 0, skew:False
                                       Nn(s=0)      Integ_Nn     Nn/N0(@r0)   |    Sn(s=0)      Integ_Sn     Sn/S0(@r0)  
<multipole_order n>                    [T/m^n]      [T.m/m^n]        []       |    [T/m^n]      [T.m/m^n]        []      
n=00:                                5.5327e-01    -2.4154e-01   +1.0000e+00  |      ---           ---           ---     
n=01:                                7.2209e+00    +3.2357e+00   -1.6075e-01  |      ---           ---           ---     
n=02:                                5.5159e+00    +1.1837e+00   -7.0570e-04  |      ---           ---           ---     
n=03:                                2.2855e+01    -2.1155e+01   +1.5135e-04  |      ---           ---           ---     
n=04:                                3.3718e+03    -3.7179e+03   +3.1918e-04  |      ---           ---           ---     
n=05:                                1.1559e+05    -8.0803e+03   +8.3243e-06  |      ---           ---           ---     
n=06:                                9.8985e+06    +2.0701e+07   -2.5591e-04  |      ---           ---           ---     
