--- multipoles on reference trajectory (rz > 0) ---
effective_length:                   436.6186221391735 mm
perpendicular_grid:                 41 points in [-10.000000,+10.000000] mm
max_fitting_error_normal            0.034/4744.037 G/G
max_fitting_error_skew              342.334/342.334 G/G
r0_for_relative_multipoles          12 mm
main_monomial                       n = 0, skew:False
                                       Nn(s=0)      Integ_Nn     Nn/N0(@r0)   |    Sn(s=0)      Integ_Sn     Sn/S0(@r0)  
<multipole_order n>                    [T/m^n]      [T.m/m^n]        []       |    [T/m^n]      [T.m/m^n]        []      
n=00:                                5.5113e-01    -2.4063e-01   +1.0000e+00  |      ---           ---           ---     
n=01:                                7.1983e+00    +3.2212e+00   -1.6063e-01  |      ---           ---           ---     
n=02:                                5.6042e+00    +9.8293e-01   -5.8821e-04  |      ---           ---           ---     
n=03:                                5.8510e+01    -5.1859e+01   +3.7240e-04  |      ---           ---           ---     
n=04:                                3.0830e+03    -8.6973e+02   +7.4947e-05  |      ---           ---           ---     
n=05:                                1.2516e+04    +1.0840e+05   -1.1209e-04  |      ---           ---           ---     
n=06:                                3.9070e+07    +3.3690e+06   -4.1805e-05  |      ---           ---           ---     
