--- multipoles on reference trajectory (rz > 0) ---
effective_length:                   436.94819809788123 mm
perpendicular_grid:                 41 points in [-10.000000,+10.000000] mm
max_fitting_error_normal            0.036/6692.914 G/G
max_fitting_error_skew              364.059/364.059 G/G
r0_for_relative_multipoles          12 mm
main_monomial                       n = 0, skew:False
                                       Nn(s=0)      Integ_Nn     Nn/N0(@r0)   |    Sn(s=0)      Integ_Sn     Sn/S0(@r0)  
<multipole_order n>                    [T/m^n]      [T.m/m^n]        []       |    [T/m^n]      [T.m/m^n]        []      
n=00:                                5.7689e-01    -2.5207e-01   +1.0000e+00  |      ---           ---           ---     
n=01:                                7.5629e+00    +3.3879e+00   -1.6128e-01  |      ---           ---           ---     
n=02:                                6.4163e+00    +9.5923e-01   -5.4798e-04  |      ---           ---           ---     
n=03:                                8.8561e+01    -3.5478e+01   +2.4321e-04  |      ---           ---           ---     
n=04:                                2.6761e+03    +2.7308e+03   -2.2464e-04  |      ---           ---           ---     
n=05:                                2.0781e+05    +3.1288e+04   -3.0886e-05  |      ---           ---           ---     
n=06:                                1.2975e+07    -1.8394e+07   +2.1790e-04  |      ---           ---           ---     
