--- multipoles on reference trajectory (rz > 0) ---
effective_length:                   434.5963591858312 mm
perpendicular_grid:                 41 points in [-10.000000,+10.000000] mm
max_fitting_error_normal            0.055/6062.178 G/G
max_fitting_error_skew              330.055/330.055 G/G
r0_for_relative_multipoles          12 mm
main_monomial                       n = 0, skew:False
                                       Nn(s=0)      Integ_Nn     Nn/N0(@r0)   |    Sn(s=0)      Integ_Sn     Sn/S0(@r0)  
<multipole_order n>                    [T/m^n]      [T.m/m^n]        []       |    [T/m^n]      [T.m/m^n]        []      
n=00:                                5.2328e-01    -2.2741e-01   +1.0000e+00  |      ---           ---           ---     
n=01:                                6.8653e+00    +3.0590e+00   -1.6142e-01  |      ---           ---           ---     
n=02:                                5.6672e+00    +1.0238e+00   -6.4829e-04  |      ---           ---           ---     
n=03:                                8.8919e+01    -4.1821e+01   +3.1778e-04  |      ---           ---           ---     
n=04:                                1.9950e+03    -1.8340e+03   +1.6722e-04  |      ---           ---           ---     
n=05:                                3.6873e+05    +1.3459e+05   -1.4727e-04  |      ---           ---           ---     
n=06:                                1.3999e+07    +6.4281e+06   -8.4402e-05  |      ---           ---           ---     
