--- multipoles on reference trajectory (rz > 0) ---
effective_length:                   435.80256729568754 mm
perpendicular_grid:                 41 points in [-10.000000,+10.000000] mm
max_fitting_error_normal            0.039/6077.102 G/G
max_fitting_error_skew              325.206/325.206 G/G
r0_for_relative_multipoles          12 mm
main_monomial                       n = 0, skew:False
                                       Nn(s=0)      Integ_Nn     Nn/N0(@r0)   |    Sn(s=0)      Integ_Sn     Sn/S0(@r0)  
<multipole_order n>                    [T/m^n]      [T.m/m^n]        []       |    [T/m^n]      [T.m/m^n]        []      
n=00:                                5.2499e-01    -2.2879e-01   +1.0000e+00  |      ---           ---           ---     
n=01:                                6.8753e+00    +3.0670e+00   -1.6086e-01  |      ---           ---           ---     
n=02:                                4.9223e+00    +9.1761e-01   -5.7753e-04  |      ---           ---           ---     
n=03:                                7.3420e+01    -4.3819e+01   +3.3095e-04  |      ---           ---           ---     
n=04:                                2.6533e+03    -3.5590e+02   +3.2256e-05  |      ---           ---           ---     
n=05:                                1.4137e+05    +9.4084e+04   -1.0232e-04  |      ---           ---           ---     
n=06:                                2.3671e+07    +4.3245e+05   -5.6439e-06  |      ---           ---           ---     
