--- multipoles on reference trajectory (rz > 0) ---
effective_length:                   436.24421310300454 mm
perpendicular_grid:                 41 points in [-10.000000,+10.000000] mm
max_fitting_error_normal            0.059/4793.955 G/G
max_fitting_error_skew              337.134/337.134 G/G
r0_for_relative_multipoles          12 mm
main_monomial                       n = 0, skew:False
                                       Nn(s=0)      Integ_Nn     Nn/N0(@r0)   |    Sn(s=0)      Integ_Sn     Sn/S0(@r0)  
<multipole_order n>                    [T/m^n]      [T.m/m^n]        []       |    [T/m^n]      [T.m/m^n]        []      
n=00:                                5.5180e-01    -2.4072e-01   +1.0000e+00  |      ---           ---           ---     
n=01:                                7.2189e+00    +3.2330e+00   -1.6117e-01  |      ---           ---           ---     
n=02:                                6.5830e+00    +1.0541e+00   -6.3054e-04  |      ---           ---           ---     
n=03:                                1.4526e+02    -2.7124e+01   +1.9471e-04  |      ---           ---           ---     
n=04:                                1.8878e+04    -3.5948e+03   +3.0966e-04  |      ---           ---           ---     
n=05:                                6.8626e+05    -8.3955e+03   +8.6785e-06  |      ---           ---           ---     
n=06:                                1.2460e+08    +1.9578e+07   -2.4286e-04  |      ---           ---           ---     
