--- multipoles on reference trajectory (rz > 0) ---
effective_length:                   435.06906415739087 mm
perpendicular_grid:                 41 points in [-10.000000,+10.000000] mm
max_fitting_error_normal            0.051/3450.007 G/G
max_fitting_error_skew              340.093/340.093 G/G
r0_for_relative_multipoles          12 mm
main_monomial                       n = 0, skew:False
                                       Nn(s=0)      Integ_Nn     Nn/N0(@r0)   |    Sn(s=0)      Integ_Sn     Sn/S0(@r0)  
<multipole_order n>                    [T/m^n]      [T.m/m^n]        []       |    [T/m^n]      [T.m/m^n]        []      
n=00:                                5.5502e-01    -2.4147e-01   +1.0000e+00  |      ---           ---           ---     
n=01:                                7.2651e+00    +3.2327e+00   -1.6065e-01  |      ---           ---           ---     
n=02:                                5.6764e+00    +1.1178e+00   -6.6660e-04  |      ---           ---           ---     
n=03:                                8.1396e+01    -3.1911e+01   +2.2836e-04  |      ---           ---           ---     
n=04:                                8.8076e+03    -2.3348e+03   +2.0050e-04  |      ---           ---           ---     
n=05:                                7.5339e+04    -6.0921e+03   +6.2779e-06  |      ---           ---           ---     
n=06:                                5.5614e+07    +1.0216e+07   -1.2633e-04  |      ---           ---           ---     
