--- multipoles on reference trajectory (rz > 0) ---
effective_length:                   435.4127542264618 mm
perpendicular_grid:                 41 points in [-10.000000,+10.000000] mm
max_fitting_error_normal            0.055/5761.204 G/G
max_fitting_error_skew              335.970/335.970 G/G
r0_for_relative_multipoles          12 mm
main_monomial                       n = 0, skew:False
                                       Nn(s=0)      Integ_Nn     Nn/N0(@r0)   |    Sn(s=0)      Integ_Sn     Sn/S0(@r0)  
<multipole_order n>                    [T/m^n]      [T.m/m^n]        []       |    [T/m^n]      [T.m/m^n]        []      
n=00:                                5.5014e-01    -2.3954e-01   +1.0000e+00  |      ---           ---           ---     
n=01:                                7.2056e+00    +3.2162e+00   -1.6112e-01  |      ---           ---           ---     
n=02:                                5.9457e+00    +9.1315e-01   -5.4895e-04  |      ---           ---           ---     
n=03:                                5.4667e+01    -8.1428e+00   +5.8741e-05  |      ---           ---           ---     
n=04:                                2.5972e+03    +3.4032e+02   -2.9460e-05  |      ---           ---           ---     
n=05:                                7.7854e+05    -1.9182e+05   +1.9926e-04  |      ---           ---           ---     
n=06:                                9.7539e+06    -2.6059e+06   +3.2484e-05  |      ---           ---           ---     
