--- multipoles on reference trajectory (rz > 0) ---
effective_length:                   435.4040064219653 mm
perpendicular_grid:                 41 points in [-10.000000,+10.000000] mm
max_fitting_error_normal            0.042/6406.446 G/G
max_fitting_error_skew              345.648/345.648 G/G
r0_for_relative_multipoles          12 mm
main_monomial                       n = 0, skew:False
                                       Nn(s=0)      Integ_Nn     Nn/N0(@r0)   |    Sn(s=0)      Integ_Sn     Sn/S0(@r0)  
<multipole_order n>                    [T/m^n]      [T.m/m^n]        []       |    [T/m^n]      [T.m/m^n]        []      
n=00:                                5.5328e-01    -2.4090e-01   +1.0000e+00  |      ---           ---           ---     
n=01:                                7.2612e+00    +3.2365e+00   -1.6122e-01  |      ---           ---           ---     
n=02:                                5.8556e+00    +1.2158e+00   -7.2675e-04  |      ---           ---           ---     
n=03:                                1.2854e+02    -4.5278e+01   +3.2478e-04  |      ---           ---           ---     
n=04:                                4.3569e+03    -2.6239e+03   +2.2586e-04  |      ---           ---           ---     
n=05:                                5.7282e+05    +1.1665e+05   -1.2049e-04  |      ---           ---           ---     
n=06:                                1.9818e+07    +9.2918e+06   -1.1517e-04  |      ---           ---           ---     
