--- multipoles on reference trajectory (rz > 0) ---
effective_length:                   434.7156879285799 mm
perpendicular_grid:                 41 points in [-10.000000,+10.000000] mm
max_fitting_error_normal            0.048/4597.042 G/G
max_fitting_error_skew              352.355/352.355 G/G
r0_for_relative_multipoles          12 mm
main_monomial                       n = 0, skew:False
                                       Nn(s=0)      Integ_Nn     Nn/N0(@r0)   |    Sn(s=0)      Integ_Sn     Sn/S0(@r0)  
<multipole_order n>                    [T/m^n]      [T.m/m^n]        []       |    [T/m^n]      [T.m/m^n]        []      
n=00:                                5.7983e-01    -2.5206e-01   +1.0000e+00  |      ---           ---           ---     
n=01:                                7.5899e+00    +3.3676e+00   -1.6033e-01  |      ---           ---           ---     
n=02:                                5.2980e+00    +7.9338e-01   -4.5325e-04  |      ---           ---           ---     
n=03:                                5.5771e+01    -2.6094e+01   +1.7889e-04  |      ---           ---           ---     
n=04:                                5.8198e+03    +3.6051e+03   -2.9658e-04  |      ---           ---           ---     
n=05:                                1.0668e+05    -4.5441e+04   +4.4858e-05  |      ---           ---           ---     
n=06:                                3.7890e+07    -2.3388e+07   +2.7706e-04  |      ---           ---           ---     
