--- multipoles on reference trajectory (rz > 0) ---
effective_length:                   436.92060739612646 mm
perpendicular_grid:                 41 points in [-10.000000,+10.000000] mm
max_fitting_error_normal            0.054/6402.345 G/G
max_fitting_error_skew              348.292/348.292 G/G
r0_for_relative_multipoles          12 mm
main_monomial                       n = 0, skew:False
                                       Nn(s=0)      Integ_Nn     Nn/N0(@r0)   |    Sn(s=0)      Integ_Sn     Sn/S0(@r0)  
<multipole_order n>                    [T/m^n]      [T.m/m^n]        []       |    [T/m^n]      [T.m/m^n]        []      
n=00:                                5.5269e-01    -2.4148e-01   +1.0000e+00  |      ---           ---           ---     
n=01:                                7.2442e+00    +3.2447e+00   -1.6124e-01  |      ---           ---           ---     
n=02:                                6.1754e+00    +8.3769e-01   -4.9953e-04  |      ---           ---           ---     
n=03:                                2.8396e+01    -2.5995e+01   +1.8601e-04  |      ---           ---           ---     
n=04:                                2.5934e+03    +3.5989e+03   -3.0904e-04  |      ---           ---           ---     
n=05:                                2.1019e+05    -4.5826e+03   +4.7221e-06  |      ---           ---           ---     
n=06:                                3.1394e+07    -2.4216e+07   +2.9944e-04  |      ---           ---           ---     
