--- multipoles on reference trajectory (rz > 0) ---
effective_length:                   434.9395095407002 mm
perpendicular_grid:                 41 points in [-10.000000,+10.000000] mm
max_fitting_error_normal            0.053/6424.435 G/G
max_fitting_error_skew              358.873/358.873 G/G
r0_for_relative_multipoles          12 mm
main_monomial                       n = 0, skew:False
                                       Nn(s=0)      Integ_Nn     Nn/N0(@r0)   |    Sn(s=0)      Integ_Sn     Sn/S0(@r0)  
<multipole_order n>                    [T/m^n]      [T.m/m^n]        []       |    [T/m^n]      [T.m/m^n]        []      
n=00:                                5.5567e-01    -2.4168e-01   +1.0000e+00  |      ---           ---           ---     
n=01:                                7.2812e+00    +3.2327e+00   -1.6051e-01  |      ---           ---           ---     
n=02:                                5.3319e+00    +1.0322e+00   -6.1503e-04  |      ---           ---           ---     
n=03:                                2.7602e+01    -2.1154e+01   +1.5125e-04  |      ---           ---           ---     
n=04:                                1.2239e+04    -3.4521e+03   +2.9619e-04  |      ---           ---           ---     
n=05:                                2.0105e+05    -1.0976e+05   +1.1300e-04  |      ---           ---           ---     
n=06:                                8.5156e+07    +2.1416e+07   -2.6459e-04  |      ---           ---           ---     
