--- multipoles on reference trajectory (rz > 0) ---
effective_length:                   434.4047476099112 mm
perpendicular_grid:                 41 points in [-10.000000,+10.000000] mm
max_fitting_error_normal            0.048/4818.842 G/G
max_fitting_error_skew              333.981/333.981 G/G
r0_for_relative_multipoles          12 mm
main_monomial                       n = 0, skew:False
                                       Nn(s=0)      Integ_Nn     Nn/N0(@r0)   |    Sn(s=0)      Integ_Sn     Sn/S0(@r0)  
<multipole_order n>                    [T/m^n]      [T.m/m^n]        []       |    [T/m^n]      [T.m/m^n]        []      
n=00:                                5.5370e-01    -2.4053e-01   +1.0000e+00  |      ---           ---           ---     
n=01:                                7.2796e+00    +3.2325e+00   -1.6127e-01  |      ---           ---           ---     
n=02:                                6.2995e+00    +1.3078e+00   -7.8298e-04  |      ---           ---           ---     
n=03:                                1.8181e+02    -4.0720e+01   +2.9254e-04  |      ---           ---           ---     
n=04:                                1.5974e+04    -7.3072e+03   +6.2995e-04  |      ---           ---           ---     
n=05:                                9.2867e+05    +5.5965e+04   -5.7896e-05  |      ---           ---           ---     
n=06:                                9.6059e+07    +3.9819e+07   -4.9432e-04  |      ---           ---           ---     
