--- multipoles on reference trajectory (rz > 0) ---
effective_length:                   435.9620571331545 mm
perpendicular_grid:                 41 points in [-10.000000,+10.000000] mm
max_fitting_error_normal            0.031/6409.480 G/G
max_fitting_error_skew              333.215/333.215 G/G
r0_for_relative_multipoles          12 mm
main_monomial                       n = 0, skew:False
                                       Nn(s=0)      Integ_Nn     Nn/N0(@r0)   |    Sn(s=0)      Integ_Sn     Sn/S0(@r0)  
<multipole_order n>                    [T/m^n]      [T.m/m^n]        []       |    [T/m^n]      [T.m/m^n]        []      
n=00:                                5.5273e-01    -2.4097e-01   +1.0000e+00  |      ---           ---           ---     
n=01:                                7.2418e+00    +3.2352e+00   -1.6111e-01  |      ---           ---           ---     
n=02:                                5.8382e+00    +1.1825e+00   -7.0667e-04  |      ---           ---           ---     
n=03:                                1.3658e+02    -5.6826e+01   +4.0750e-04  |      ---           ---           ---     
n=04:                                3.8436e+03    -4.7930e+03   +4.1245e-04  |      ---           ---           ---     
n=05:                                4.0006e+05    +1.3396e+05   -1.3833e-04  |      ---           ---           ---     
n=06:                                3.3952e+07    +2.2010e+07   -2.7273e-04  |      ---           ---           ---     
