--- multipoles on reference trajectory (rz > 0) ---
effective_length:                   435.6224199866041 mm
perpendicular_grid:                 41 points in [-10.000000,+10.000000] mm
max_fitting_error_normal            0.044/4626.301 G/G
max_fitting_error_skew              318.673/318.673 G/G
r0_for_relative_multipoles          12 mm
main_monomial                       n = 0, skew:False
                                       Nn(s=0)      Integ_Nn     Nn/N0(@r0)   |    Sn(s=0)      Integ_Sn     Sn/S0(@r0)  
<multipole_order n>                    [T/m^n]      [T.m/m^n]        []       |    [T/m^n]      [T.m/m^n]        []      
n=00:                                5.2505e-01    -2.2872e-01   +1.0000e+00  |      ---           ---           ---     
n=01:                                6.8894e+00    +3.0658e+00   -1.6085e-01  |      ---           ---           ---     
n=02:                                3.8201e+00    +6.8410e-01   -4.3070e-04  |      ---           ---           ---     
n=03:                                9.9965e+00    -3.1326e+01   +2.3667e-04  |      ---           ---           ---     
n=04:                                2.9654e+04    +4.5586e+03   -4.1328e-04  |      ---           ---           ---     
n=05:                                3.8313e+05    +9.0669e+03   -9.8640e-06  |      ---           ---           ---     
n=06:                                1.8168e+08    -2.6813e+07   +3.5004e-04  |      ---           ---           ---     
