--- multipoles on reference trajectory (rz > 0) ---
effective_length:                   435.6812171464991 mm
perpendicular_grid:                 41 points in [-10.000000,+10.000000] mm
max_fitting_error_normal            0.027/4984.833 G/G
max_fitting_error_skew              322.586/322.586 G/G
r0_for_relative_multipoles          12 mm
main_monomial                       n = 0, skew:False
                                       Nn(s=0)      Integ_Nn     Nn/N0(@r0)   |    Sn(s=0)      Integ_Sn     Sn/S0(@r0)  
<multipole_order n>                    [T/m^n]      [T.m/m^n]        []       |    [T/m^n]      [T.m/m^n]        []      
n=00:                                5.2499e-01    -2.2873e-01   +1.0000e+00  |      ---           ---           ---     
n=01:                                6.8753e+00    +3.0600e+00   -1.6054e-01  |      ---           ---           ---     
n=02:                                4.9223e+00    +7.4394e-01   -4.6836e-04  |      ---           ---           ---     
n=03:                                7.3420e+01    -3.9595e+01   +2.9913e-04  |      ---           ---           ---     
n=04:                                2.6533e+03    +2.5008e+03   -2.2671e-04  |      ---           ---           ---     
n=05:                                1.4137e+05    +4.6792e+04   -5.0904e-05  |      ---           ---           ---     
n=06:                                2.3671e+07    -1.6837e+07   +2.1980e-04  |      ---           ---           ---     
