--- multipoles on reference trajectory (rz > 0) ---
effective_length:                   433.7589950664541 mm
perpendicular_grid:                 41 points in [-10.000000,+10.000000] mm
max_fitting_error_normal            0.059/6386.405 G/G
max_fitting_error_skew              332.889/332.889 G/G
r0_for_relative_multipoles          12 mm
main_monomial                       n = 0, skew:False
                                       Nn(s=0)      Integ_Nn     Nn/N0(@r0)   |    Sn(s=0)      Integ_Sn     Sn/S0(@r0)  
<multipole_order n>                    [T/m^n]      [T.m/m^n]        []       |    [T/m^n]      [T.m/m^n]        []      
n=00:                                5.5300e-01    -2.3987e-01   +1.0000e+00  |      ---           ---           ---     
n=01:                                7.2872e+00    +3.2161e+00   -1.6089e-01  |      ---           ---           ---     
n=02:                                3.2385e+00    +6.4232e-01   -3.8560e-04  |      ---           ---           ---     
n=03:                                8.5258e+01    -6.3584e+01   +4.5805e-04  |      ---           ---           ---     
n=04:                                2.4884e+04    +4.9457e+03   -4.2754e-04  |      ---           ---           ---     
n=05:                                9.6630e+04    +1.9053e+05   -1.9765e-04  |      ---           ---           ---     
n=06:                                1.4207e+08    -3.1445e+07   +3.9144e-04  |      ---           ---           ---     
