--- multipoles on reference trajectory (rz > 0) ---
effective_length:                   434.12295599358475 mm
perpendicular_grid:                 41 points in [-10.000000,+10.000000] mm
max_fitting_error_normal            0.042/3208.227 G/G
max_fitting_error_skew              339.183/339.183 G/G
r0_for_relative_multipoles          12 mm
main_monomial                       n = 0, skew:False
                                       Nn(s=0)      Integ_Nn     Nn/N0(@r0)   |    Sn(s=0)      Integ_Sn     Sn/S0(@r0)  
<multipole_order n>                    [T/m^n]      [T.m/m^n]        []       |    [T/m^n]      [T.m/m^n]        []      
n=00:                                5.5218e-01    -2.3971e-01   +1.0000e+00  |      ---           ---           ---     
n=01:                                7.2599e+00    +3.2174e+00   -1.6106e-01  |      ---           ---           ---     
n=02:                                4.9192e+00    +8.0564e-01   -4.8396e-04  |      ---           ---           ---     
n=03:                                6.6047e+01    -4.3333e+01   +3.1237e-04  |      ---           ---           ---     
n=04:                                1.1466e+02    -2.1256e+03   +1.8387e-04  |      ---           ---           ---     
n=05:                                2.3299e+04    +1.2810e+04   -1.3297e-05  |      ---           ---           ---     
n=06:                                2.4900e+06    +1.1796e+07   -1.4694e-04  |      ---           ---           ---     
