--- multipoles on reference trajectory (rz > 0) ---
effective_length:                   435.2226981525573 mm
perpendicular_grid:                 41 points in [-10.000000,+10.000000] mm
max_fitting_error_normal            0.081/6707.332 G/G
max_fitting_error_skew              355.416/355.416 G/G
r0_for_relative_multipoles          12 mm
main_monomial                       n = 0, skew:False
                                       Nn(s=0)      Integ_Nn     Nn/N0(@r0)   |    Sn(s=0)      Integ_Sn     Sn/S0(@r0)  
<multipole_order n>                    [T/m^n]      [T.m/m^n]        []       |    [T/m^n]      [T.m/m^n]        []      
n=00:                                5.7973e-01    -2.5231e-01   +1.0000e+00  |      ---           ---           ---     
n=01:                                7.5836e+00    +3.3743e+00   -1.6048e-01  |      ---           ---           ---     
n=02:                                6.2634e+00    +1.2696e+00   -7.2461e-04  |      ---           ---           ---     
n=03:                                1.1398e+02    -2.7763e+01   +1.9014e-04  |      ---           ---           ---     
n=04:                                1.6348e+04    -7.4092e+03   +6.0892e-04  |      ---           ---           ---     
n=05:                                3.3334e+05    -1.3358e+05   +1.3174e-04  |      ---           ---           ---     
n=06:                                1.1436e+08    +4.4389e+07   -5.2532e-04  |      ---           ---           ---     
