--- multipoles on reference trajectory (rz > 0) ---
effective_length:                   432.8051416982506 mm
perpendicular_grid:                 41 points in [-10.000000,+10.000000] mm
max_fitting_error_normal            0.053/4860.867 G/G
max_fitting_error_skew              340.410/340.410 G/G
r0_for_relative_multipoles          12 mm
main_monomial                       n = 0, skew:False
                                       Nn(s=0)      Integ_Nn     Nn/N0(@r0)   |    Sn(s=0)      Integ_Sn     Sn/S0(@r0)  
<multipole_order n>                    [T/m^n]      [T.m/m^n]        []       |    [T/m^n]      [T.m/m^n]        []      
n=00:                                5.5320e-01    -2.3943e-01   +1.0000e+00  |      ---           ---           ---     
n=01:                                7.3187e+00    +3.2147e+00   -1.6112e-01  |      ---           ---           ---     
n=02:                                4.7877e+00    +1.1083e+00   -6.6659e-04  |      ---           ---           ---     
n=03:                                1.4887e+02    -2.0437e+01   +1.4750e-04  |      ---           ---           ---     
n=04:                                1.6353e+04    -6.3638e+03   +5.5115e-04  |      ---           ---           ---     
n=05:                                5.7053e+05    -9.7002e+04   +1.0081e-04  |      ---           ---           ---     
n=06:                                9.7543e+07    +3.2718e+07   -4.0803e-04  |      ---           ---           ---     
