--- multipoles on reference trajectory (rz > 0) ---
effective_length:                   436.68395807934144 mm
perpendicular_grid:                 41 points in [-10.000000,+10.000000] mm
max_fitting_error_normal            0.039/6057.132 G/G
max_fitting_error_skew              374.499/374.499 G/G
r0_for_relative_multipoles          12 mm
main_monomial                       n = 0, skew:False
                                       Nn(s=0)      Integ_Nn     Nn/N0(@r0)   |    Sn(s=0)      Integ_Sn     Sn/S0(@r0)  
<multipole_order n>                    [T/m^n]      [T.m/m^n]        []       |    [T/m^n]      [T.m/m^n]        []      
n=00:                                5.7634e-01    -2.5168e-01   +1.0000e+00  |      ---           ---           ---     
n=01:                                7.5393e+00    +3.3780e+00   -1.6106e-01  |      ---           ---           ---     
n=02:                                5.7858e+00    +1.0678e+00   -6.1094e-04  |      ---           ---           ---     
n=03:                                9.4170e+01    -4.9234e+01   +3.3804e-04  |      ---           ---           ---     
n=04:                                1.3705e+04    +1.0890e+03   -8.9725e-05  |      ---           ---           ---     
n=05:                                1.4600e+05    +1.2612e+05   -1.2470e-04  |      ---           ---           ---     
n=06:                                6.1065e+07    -9.5153e+06   +1.1289e-04  |      ---           ---           ---     
