--- multipoles on reference trajectory (rz > 0) ---
effective_length:                   436.0144403643129 mm
perpendicular_grid:                 41 points in [-10.000000,+10.000000] mm
max_fitting_error_normal            0.044/5098.994 G/G
max_fitting_error_skew              347.094/347.094 G/G
r0_for_relative_multipoles          12 mm
main_monomial                       n = 0, skew:False
                                       Nn(s=0)      Integ_Nn     Nn/N0(@r0)   |    Sn(s=0)      Integ_Sn     Sn/S0(@r0)  
<multipole_order n>                    [T/m^n]      [T.m/m^n]        []       |    [T/m^n]      [T.m/m^n]        []      
n=00:                                5.7719e-01    -2.5166e-01   +1.0000e+00  |      ---           ---           ---     
n=01:                                7.5503e+00    +3.3739e+00   -1.6088e-01  |      ---           ---           ---     
n=02:                                6.2599e+00    +1.0261e+00   -5.8716e-04  |      ---           ---           ---     
n=03:                                8.6435e+00    +3.2442e-01   -2.2276e-06  |      ---           ---           ---     
n=04:                                6.2563e+02    -1.2004e+03   +9.8906e-05  |      ---           ---           ---     
n=05:                                5.0129e+05    -2.5631e+05   +2.5343e-04  |      ---           ---           ---     
n=06:                                3.3526e+06    +5.5679e+06   -6.6064e-05  |      ---           ---           ---     
