--- multipoles on reference trajectory (rz > 0) ---
effective_length:                   435.8402157179898 mm
perpendicular_grid:                 41 points in [-10.000000,+10.000000] mm
max_fitting_error_normal            0.028/4883.710 G/G
max_fitting_error_skew              342.912/342.912 G/G
r0_for_relative_multipoles          12 mm
main_monomial                       n = 0, skew:False
                                       Nn(s=0)      Integ_Nn     Nn/N0(@r0)   |    Sn(s=0)      Integ_Sn     Sn/S0(@r0)  
<multipole_order n>                    [T/m^n]      [T.m/m^n]        []       |    [T/m^n]      [T.m/m^n]        []      
n=00:                                5.5273e-01    -2.4090e-01   +1.0000e+00  |      ---           ---           ---     
n=01:                                7.2551e+00    +3.2381e+00   -1.6130e-01  |      ---           ---           ---     
n=02:                                5.4727e+00    +9.5212e-01   -5.6913e-04  |      ---           ---           ---     
n=03:                                5.1983e+01    -1.9744e+00   +1.4162e-05  |      ---           ---           ---     
n=04:                                1.2535e+03    +5.8392e+02   -5.0261e-05  |      ---           ---           ---     
n=05:                                7.1716e+05    -1.7135e+05   +1.7699e-04  |      ---           ---           ---     
n=06:                                2.2101e+06    -6.3807e+06   +7.9088e-05  |      ---           ---           ---     
