--- multipoles on reference trajectory (rz > 0) ---
effective_length:                   436.92319230561776 mm
perpendicular_grid:                 41 points in [-10.000000,+10.000000] mm
max_fitting_error_normal            0.054/6403.265 G/G
max_fitting_error_skew              348.341/348.341 G/G
r0_for_relative_multipoles          12 mm
main_monomial                       n = 0, skew:False
                                       Nn(s=0)      Integ_Nn     Nn/N0(@r0)   |    Sn(s=0)      Integ_Sn     Sn/S0(@r0)  
<multipole_order n>                    [T/m^n]      [T.m/m^n]        []       |    [T/m^n]      [T.m/m^n]        []      
n=00:                                5.5277e-01    -2.4152e-01   +1.0000e+00  |      ---           ---           ---     
n=01:                                7.2441e+00    +3.2446e+00   -1.6121e-01  |      ---           ---           ---     
n=02:                                6.1756e+00    +8.3933e-01   -5.0043e-04  |      ---           ---           ---     
n=03:                                2.8358e+01    -2.6090e+01   +1.8666e-04  |      ---           ---           ---     
n=04:                                2.6338e+03    +3.5889e+03   -3.0813e-04  |      ---           ---           ---     
n=05:                                2.0966e+05    -3.6324e+03   +3.7424e-06  |      ---           ---           ---     
n=06:                                3.1625e+07    -2.4130e+07   +2.9832e-04  |      ---           ---           ---     
