--- multipoles on reference trajectory (rz > 0) ---
effective_length:                   434.1401406567316 mm
perpendicular_grid:                 41 points in [-10.000000,+10.000000] mm
max_fitting_error_normal            0.047/3224.575 G/G
max_fitting_error_skew              339.889/339.889 G/G
r0_for_relative_multipoles          12 mm
main_monomial                       n = 0, skew:False
                                       Nn(s=0)      Integ_Nn     Nn/N0(@r0)   |    Sn(s=0)      Integ_Sn     Sn/S0(@r0)  
<multipole_order n>                    [T/m^n]      [T.m/m^n]        []       |    [T/m^n]      [T.m/m^n]        []      
n=00:                                5.5345e-01    -2.4027e-01   +1.0000e+00  |      ---           ---           ---     
n=01:                                7.2582e+00    +3.2171e+00   -1.6067e-01  |      ---           ---           ---     
n=02:                                4.9625e+00    +8.2659e-01   -4.9539e-04  |      ---           ---           ---     
n=03:                                6.6324e+01    -4.2373e+01   +3.0474e-04  |      ---           ---           ---     
n=04:                                2.1050e+02    -2.0838e+03   +1.7984e-04  |      ---           ---           ---     
n=05:                                2.2650e+04    +6.0548e+03   -6.2705e-06  |      ---           ---           ---     
n=06:                                5.0272e+06    +1.1383e+07   -1.4146e-04  |      ---           ---           ---     
