--- multipoles on reference trajectory (rz > 0) ---
effective_length:                   435.43381265860563 mm
perpendicular_grid:                 41 points in [-10.000000,+10.000000] mm
max_fitting_error_normal            0.037/5087.515 G/G
max_fitting_error_skew              361.577/361.577 G/G
r0_for_relative_multipoles          12 mm
main_monomial                       n = 0, skew:False
                                       Nn(s=0)      Integ_Nn     Nn/N0(@r0)   |    Sn(s=0)      Integ_Sn     Sn/S0(@r0)  
<multipole_order n>                    [T/m^n]      [T.m/m^n]        []       |    [T/m^n]      [T.m/m^n]        []      
n=00:                                5.7792e-01    -2.5165e-01   +1.0000e+00  |      ---           ---           ---     
n=01:                                7.5761e+00    +3.3773e+00   -1.6105e-01  |      ---           ---           ---     
n=02:                                6.1810e+00    +1.2692e+00   -7.2628e-04  |      ---           ---           ---     
n=03:                                7.2207e+01    -1.9882e+01   +1.3652e-04  |      ---           ---           ---     
n=04:                                3.2960e+03    -1.9311e+03   +1.5913e-04  |      ---           ---           ---     
n=05:                                5.4773e+04    -4.1294e+04   +4.0832e-05  |      ---           ---           ---     
n=06:                                2.1596e+07    +5.8548e+06   -6.9472e-05  |      ---           ---           ---     
