--- multipoles on reference trajectory (rz > 0) ---
effective_length:                   434.46405050274683 mm
perpendicular_grid:                 41 points in [-10.000000,+10.000000] mm
max_fitting_error_normal            0.053/6383.566 G/G
max_fitting_error_skew              338.221/338.221 G/G
r0_for_relative_multipoles          12 mm
main_monomial                       n = 0, skew:False
                                       Nn(s=0)      Integ_Nn     Nn/N0(@r0)   |    Sn(s=0)      Integ_Sn     Sn/S0(@r0)  
<multipole_order n>                    [T/m^n]      [T.m/m^n]        []       |    [T/m^n]      [T.m/m^n]        []      
n=00:                                5.5255e-01    -2.4006e-01   +1.0000e+00  |      ---           ---           ---     
n=01:                                7.2797e+00    +3.2209e+00   -1.6100e-01  |      ---           ---           ---     
n=02:                                4.5430e+00    +9.6819e-01   -5.8076e-04  |      ---           ---           ---     
n=03:                                2.2021e+00    +5.1731e+00   -3.7237e-05  |      ---           ---           ---     
n=04:                                5.2235e+02    -1.6496e+03   +1.4249e-04  |      ---           ---           ---     
n=05:                                2.9691e+05    -2.4932e+05   +2.5843e-04  |      ---           ---           ---     
n=06:                                9.3403e+06    +8.7745e+06   -1.0914e-04  |      ---           ---           ---     
