--- multipoles on reference trajectory (rz > 0) ---
effective_length:                   434.27351601322874 mm
perpendicular_grid:                 41 points in [-10.000000,+10.000000] mm
max_fitting_error_normal            0.046/6061.371 G/G
max_fitting_error_skew              325.901/325.901 G/G
r0_for_relative_multipoles          12 mm
main_monomial                       n = 0, skew:False
                                       Nn(s=0)      Integ_Nn     Nn/N0(@r0)   |    Sn(s=0)      Integ_Sn     Sn/S0(@r0)  
<multipole_order n>                    [T/m^n]      [T.m/m^n]        []       |    [T/m^n]      [T.m/m^n]        []      
n=00:                                5.2480e-01    -2.2791e-01   +1.0000e+00  |      ---           ---           ---     
n=01:                                6.9141e+00    +3.0634e+00   -1.6130e-01  |      ---           ---           ---     
n=02:                                4.6080e+00    +1.0167e+00   -6.4241e-04  |      ---           ---           ---     
n=03:                                7.6282e+01    -3.9387e+01   +2.9863e-04  |      ---           ---           ---     
n=04:                                8.7336e+03    -1.5235e+03   +1.3862e-04  |      ---           ---           ---     
n=05:                                2.3510e+05    +1.1244e+05   -1.2276e-04  |      ---           ---           ---     
n=06:                                6.0519e+07    +1.5541e+06   -2.0361e-05  |      ---           ---           ---     
