--- multipoles on reference trajectory (rz > 0) ---
effective_length:                   434.6036820026756 mm
perpendicular_grid:                 41 points in [-10.000000,+10.000000] mm
max_fitting_error_normal            0.041/4859.466 G/G
max_fitting_error_skew              346.416/346.416 G/G
r0_for_relative_multipoles          12 mm
main_monomial                       n = 0, skew:False
                                       Nn(s=0)      Integ_Nn     Nn/N0(@r0)   |    Sn(s=0)      Integ_Sn     Sn/S0(@r0)  
<multipole_order n>                    [T/m^n]      [T.m/m^n]        []       |    [T/m^n]      [T.m/m^n]        []      
n=00:                                5.5186e-01    -2.3984e-01   +1.0000e+00  |      ---           ---           ---     
n=01:                                7.2528e+00    +3.2207e+00   -1.6114e-01  |      ---           ---           ---     
n=02:                                5.0699e+00    +6.9592e-01   -4.1783e-04  |      ---           ---           ---     
n=03:                                2.0821e+01    -2.8726e+01   +2.0696e-04  |      ---           ---           ---     
n=04:                                3.3928e+03    +4.2004e+03   -3.6316e-04  |      ---           ---           ---     
n=05:                                4.5463e+05    -2.9881e+04   +3.1001e-05  |      ---           ---           ---     
n=06:                                1.9469e+07    -2.2793e+07   +2.8377e-04  |      ---           ---           ---     
