--- multipoles on reference trajectory (rz > 0) ---
effective_length:                   435.6652649619692 mm
perpendicular_grid:                 41 points in [-10.000000,+10.000000] mm
max_fitting_error_normal            0.040/4340.457 G/G
max_fitting_error_skew              318.691/318.691 G/G
r0_for_relative_multipoles          12 mm
main_monomial                       n = 0, skew:False
                                       Nn(s=0)      Integ_Nn     Nn/N0(@r0)   |    Sn(s=0)      Integ_Sn     Sn/S0(@r0)  
<multipole_order n>                    [T/m^n]      [T.m/m^n]        []       |    [T/m^n]      [T.m/m^n]        []      
n=00:                                5.2513e-01    -2.2878e-01   +1.0000e+00  |      ---           ---           ---     
n=01:                                6.8935e+00    +3.0658e+00   -1.6081e-01  |      ---           ---           ---     
n=02:                                4.2772e+00    +7.6028e-01   -4.7854e-04  |      ---           ---           ---     
n=03:                                5.1208e+01    -2.2900e+01   +1.7297e-04  |      ---           ---           ---     
n=04:                                7.5848e+03    +7.5358e+02   -6.8303e-05  |      ---           ---           ---     
n=05:                                4.4141e+04    -4.7214e+04   +5.1353e-05  |      ---           ---           ---     
n=06:                                2.7726e+07    -4.9920e+05   +6.5155e-06  |      ---           ---           ---     
