--- multipoles on reference trajectory (rz > 0) ---
effective_length:                   433.48133748359226 mm
perpendicular_grid:                 41 points in [-10.000000,+10.000000] mm
max_fitting_error_normal            0.030/6399.500 G/G
max_fitting_error_skew              338.857/338.857 G/G
r0_for_relative_multipoles          12 mm
main_monomial                       n = 0, skew:False
                                       Nn(s=0)      Integ_Nn     Nn/N0(@r0)   |    Sn(s=0)      Integ_Sn     Sn/S0(@r0)  
<multipole_order n>                    [T/m^n]      [T.m/m^n]        []       |    [T/m^n]      [T.m/m^n]        []      
n=00:                                5.5442e-01    -2.4033e-01   +1.0000e+00  |      ---           ---           ---     
n=01:                                7.3133e+00    +3.2294e+00   -1.6125e-01  |      ---           ---           ---     
n=02:                                4.3596e+00    +6.9251e-01   -4.1493e-04  |      ---           ---           ---     
n=03:                                3.4709e+01    -3.6023e+01   +2.5901e-04  |      ---           ---           ---     
n=04:                                2.0611e+03    +2.3003e+03   -1.9847e-04  |      ---           ---           ---     
n=05:                                2.2441e+05    -4.0682e+03   +4.2122e-06  |      ---           ---           ---     
n=06:                                8.9180e+06    -1.5580e+07   +1.9357e-04  |      ---           ---           ---     
