--- multipoles on reference trajectory (rz > 0) ---
effective_length:                   426.3134068645412 mm
perpendicular_grid:                 41 points in [-10.000000,+10.000000] mm
max_fitting_error_normal            0.023/4808.581 G/G
max_fitting_error_skew              0.000/0.000 G/G
r0_for_relative_multipoles          12 mm
main_monomial                       n = 0, skew:False
                                       Nn(s=0)      Integ_Nn     Nn/N0(@r0)   |    Sn(s=0)      Integ_Sn     Sn/S0(@r0)  
<multipole_order n>                    [T/m^n]      [T.m/m^n]        []       |    [T/m^n]      [T.m/m^n]        []      
n=00:                                5.6309e-01    -2.4064e-01   +1.0000e+00  |      ---           ---           ---     
n=01:                                7.5492e+00    +3.2290e+00   -1.6102e-01  |      ---           ---           ---     
n=02:                                1.6617e+00    +8.2309e-01   -4.9255e-04  |      ---           ---           ---     
n=03:                                3.8166e+01    -2.8911e+01   +2.0761e-04  |      ---           ---           ---     
n=04:                                9.1179e+01    -2.5002e+02   +2.1544e-05  |      ---           ---           ---     
n=05:                                4.3304e+04    -1.6322e+04   +1.6878e-05  |      ---           ---           ---     
n=06:                                9.2577e+05    -4.7881e+05   +5.9415e-06  |      ---           ---           ---     
