--- multipoles on reference trajectory (rz > 0) ---
effective_length:                   436.224644097461 mm
perpendicular_grid:                 41 points in [-10.000000,+10.000000] mm
max_fitting_error_normal            0.046/4901.409 G/G
max_fitting_error_skew              357.650/357.650 G/G
r0_for_relative_multipoles          12 mm
main_monomial                       n = 0, skew:False
                                       Nn(s=0)      Integ_Nn     Nn/N0(@r0)   |    Sn(s=0)      Integ_Sn     Sn/S0(@r0)  
<multipole_order n>                    [T/m^n]      [T.m/m^n]        []       |    [T/m^n]      [T.m/m^n]        []      
n=00:                                5.5367e-01    -2.4152e-01   +1.0000e+00  |      ---           ---           ---     
n=01:                                7.2236e+00    +3.2363e+00   -1.6080e-01  |      ---           ---           ---     
n=02:                                6.6590e+00    +1.1681e+00   -6.9642e-04  |      ---           ---           ---     
n=03:                                9.9503e+01    -3.7709e+01   +2.6979e-04  |      ---           ---           ---     
n=04:                                1.4936e+04    -3.9446e+03   +3.3866e-04  |      ---           ---           ---     
n=05:                                1.8083e+05    +3.9581e+04   -4.0779e-05  |      ---           ---           ---     
n=06:                                1.0316e+08    +2.1928e+07   -2.7109e-04  |      ---           ---           ---     
