--- multipoles on reference trajectory (rz > 0) ---
effective_length:                   435.82037962832044 mm
perpendicular_grid:                 41 points in [-10.000000,+10.000000] mm
max_fitting_error_normal            0.064/4094.984 G/G
max_fitting_error_skew              338.486/338.486 G/G
r0_for_relative_multipoles          12 mm
main_monomial                       n = 0, skew:False
                                       Nn(s=0)      Integ_Nn     Nn/N0(@r0)   |    Sn(s=0)      Integ_Sn     Sn/S0(@r0)  
<multipole_order n>                    [T/m^n]      [T.m/m^n]        []       |    [T/m^n]      [T.m/m^n]        []      
n=00:                                5.5182e-01    -2.4049e-01   +1.0000e+00  |      ---           ---           ---     
n=01:                                7.2029e+00    +3.2191e+00   -1.6062e-01  |      ---           ---           ---     
n=02:                                5.8734e+00    +9.3295e-01   -5.5862e-04  |      ---           ---           ---     
n=03:                                5.6788e+01    -9.7486e+00   +7.0046e-05  |      ---           ---           ---     
n=04:                                5.1316e+02    +2.2865e+03   -1.9715e-04  |      ---           ---           ---     
n=05:                                7.9246e+05    -1.2078e+05   +1.2497e-04  |      ---           ---           ---     
n=06:                                4.3001e+04    -1.6213e+07   +2.0130e-04  |      ---           ---           ---     
