--- multipoles on reference trajectory (rz > 0) ---
effective_length:                   433.4664173245487 mm
perpendicular_grid:                 41 points in [-10.000000,+10.000000] mm
max_fitting_error_normal            0.056/4288.498 G/G
max_fitting_error_skew              349.907/349.907 G/G
r0_for_relative_multipoles          12 mm
main_monomial                       n = 0, skew:False
                                       Nn(s=0)      Integ_Nn     Nn/N0(@r0)   |    Sn(s=0)      Integ_Sn     Sn/S0(@r0)  
<multipole_order n>                    [T/m^n]      [T.m/m^n]        []       |    [T/m^n]      [T.m/m^n]        []      
n=00:                                5.8185e-01    -2.5221e-01   +1.0000e+00  |      ---           ---           ---     
n=01:                                7.6431e+00    +3.3774e+00   -1.6069e-01  |      ---           ---           ---     
n=02:                                5.2640e+00    +1.0953e+00   -6.2537e-04  |      ---           ---           ---     
n=03:                                8.8296e+00    -3.2198e+01   +2.2060e-04  |      ---           ---           ---     
n=04:                                5.7484e+03    -7.6577e+02   +6.2958e-05  |      ---           ---           ---     
n=05:                                4.0445e+05    +1.1527e+02   -1.1372e-07  |      ---           ---           ---     
n=06:                                6.9746e+07    +7.3312e+06   -8.6795e-05  |      ---           ---           ---     
