--- multipoles on reference trajectory (rz > 0) ---
effective_length:                   434.80493929083 mm
perpendicular_grid:                 41 points in [-10.000000,+10.000000] mm
max_fitting_error_normal            0.064/6407.655 G/G
max_fitting_error_skew              346.160/346.160 G/G
r0_for_relative_multipoles          12 mm
main_monomial                       n = 0, skew:False
                                       Nn(s=0)      Integ_Nn     Nn/N0(@r0)   |    Sn(s=0)      Integ_Sn     Sn/S0(@r0)  
<multipole_order n>                    [T/m^n]      [T.m/m^n]        []       |    [T/m^n]      [T.m/m^n]        []      
n=00:                                5.5378e-01    -2.4079e-01   +1.0000e+00  |      ---           ---           ---     
n=01:                                7.2867e+00    +3.2342e+00   -1.6118e-01  |      ---           ---           ---     
n=02:                                5.7310e+00    +1.1525e+00   -6.8926e-04  |      ---           ---           ---     
n=03:                                9.2632e+01    -3.0871e+01   +2.2155e-04  |      ---           ---           ---     
n=04:                                1.3547e+03    -2.6978e+02   +2.3233e-05  |      ---           ---           ---     
n=05:                                3.3106e+05    +7.0980e+04   -7.3351e-05  |      ---           ---           ---     
n=06:                                9.9947e+06    -7.3425e+06   +9.1053e-05  |      ---           ---           ---     
