--- multipoles on reference trajectory (rz > 0) ---
effective_length:                   435.8059493945647 mm
perpendicular_grid:                 41 points in [-10.000000,+10.000000] mm
max_fitting_error_normal            0.025/4614.838 G/G
max_fitting_error_skew              319.295/319.295 G/G
r0_for_relative_multipoles          12 mm
main_monomial                       n = 0, skew:False
                                       Nn(s=0)      Integ_Nn     Nn/N0(@r0)   |    Sn(s=0)      Integ_Sn     Sn/S0(@r0)  
<multipole_order n>                    [T/m^n]      [T.m/m^n]        []       |    [T/m^n]      [T.m/m^n]        []      
n=00:                                5.2265e-01    -2.2778e-01   +1.0000e+00  |      ---           ---           ---     
n=01:                                6.8547e+00    +3.0614e+00   -1.6129e-01  |      ---           ---           ---     
n=02:                                5.5581e+00    +9.3316e-01   -5.8994e-04  |      ---           ---           ---     
n=03:                                2.2835e+01    -1.4787e+01   +1.1218e-04  |      ---           ---           ---     
n=04:                                6.9791e+03    -2.4929e+03   +2.2695e-04  |      ---           ---           ---     
n=05:                                5.8529e+05    -1.1538e+05   +1.2604e-04  |      ---           ---           ---     
n=06:                                3.4049e+07    +9.5240e+06   -1.2485e-04  |      ---           ---           ---     
