--- multipoles on reference trajectory (rz > 0) ---
effective_length:                   436.62347941983927 mm
perpendicular_grid:                 41 points in [-10.000000,+10.000000] mm
max_fitting_error_normal            0.305/4540.957 G/G
max_fitting_error_skew              4.921/4.921 G/G
r0_for_relative_multipoles          12 mm
main_monomial                       n = 0, skew:False
                                       Nn(s=0)      Integ_Nn     Nn/N0(@r0)   |    Sn(s=0)      Integ_Sn     Sn/S0(@r0)  
<multipole_order n>                    [T/m^n]      [T.m/m^n]        []       |    [T/m^n]      [T.m/m^n]        []      
n=00:                                5.3821e-01    -2.3499e-01   +1.0000e+00  |      ---           ---           ---     
n=01:                                7.0621e+00    +3.1612e+00   -1.6143e-01  |      ---           ---           ---     
n=02:                                6.1030e+00    +8.8358e-01   -5.4145e-04  |      ---           ---           ---     
n=03:                                1.4657e+02    -1.3134e+00   +9.6579e-06  |      ---           ---           ---     
n=04:                                1.8973e+04    -6.9890e+03   +6.1672e-04  |      ---           ---           ---     
n=05:                                8.4634e+05    -1.8367e+05   +1.9448e-04  |      ---           ---           ---     
n=06:                                7.6376e+07    +3.7556e+07   -4.7722e-04  |      ---           ---           ---     
