--- multipoles on reference trajectory (rz > 0) ---
effective_length:                   433.7706309339494 mm
perpendicular_grid:                 41 points in [-10.000000,+10.000000] mm
max_fitting_error_normal            0.024/5805.592 G/G
max_fitting_error_skew              334.392/334.392 G/G
r0_for_relative_multipoles          12 mm
main_monomial                       n = 0, skew:False
                                       Nn(s=0)      Integ_Nn     Nn/N0(@r0)   |    Sn(s=0)      Integ_Sn     Sn/S0(@r0)  
<multipole_order n>                    [T/m^n]      [T.m/m^n]        []       |    [T/m^n]      [T.m/m^n]        []      
n=00:                                5.5535e-01    -2.4089e-01   +1.0000e+00  |      ---           ---           ---     
n=01:                                7.3182e+00    +3.2286e+00   -1.6083e-01  |      ---           ---           ---     
n=02:                                4.4574e+00    +8.4701e-01   -5.0632e-04  |      ---           ---           ---     
n=03:                                1.2521e+02    -3.1955e+01   +2.2922e-04  |      ---           ---           ---     
n=04:                                1.5001e+03    -1.3783e+02   +1.1864e-05  |      ---           ---           ---     
n=05:                                4.5055e+05    -1.0206e+03   +1.0543e-06  |      ---           ---           ---     
n=06:                                1.4350e+07    -1.3192e+05   +1.6353e-06  |      ---           ---           ---     
