--- multipoles on reference trajectory (rz > 0) ---
effective_length:                   435.4588380401514 mm
perpendicular_grid:                 41 points in [-10.000000,+10.000000] mm
max_fitting_error_normal            0.044/4819.541 G/G
max_fitting_error_skew              338.845/338.845 G/G
r0_for_relative_multipoles          12 mm
main_monomial                       n = 0, skew:False
                                       Nn(s=0)      Integ_Nn     Nn/N0(@r0)   |    Sn(s=0)      Integ_Sn     Sn/S0(@r0)  
<multipole_order n>                    [T/m^n]      [T.m/m^n]        []       |    [T/m^n]      [T.m/m^n]        []      
n=00:                                5.5485e-01    -2.4161e-01   +1.0000e+00  |      ---           ---           ---     
n=01:                                7.2407e+00    +3.2308e+00   -1.6046e-01  |      ---           ---           ---     
n=02:                                6.4088e+00    +1.1406e+00   -6.7977e-04  |      ---           ---           ---     
n=03:                                1.7560e+02    -3.9569e+01   +2.8300e-04  |      ---           ---           ---     
n=04:                                1.7284e+04    -4.6155e+03   +3.9612e-04  |      ---           ---           ---     
n=05:                                8.3698e+05    +4.3860e+04   -4.5171e-05  |      ---           ---           ---     
n=06:                                1.2109e+08    +2.7839e+07   -3.4405e-04  |      ---           ---           ---     
