--- multipoles on reference trajectory (rz > 0) ---
effective_length:                   435.1066029834681 mm
perpendicular_grid:                 41 points in [-10.000000,+10.000000] mm
max_fitting_error_normal            0.031/4781.750 G/G
max_fitting_error_skew              342.485/342.485 G/G
r0_for_relative_multipoles          12 mm
main_monomial                       n = 0, skew:False
                                       Nn(s=0)      Integ_Nn     Nn/N0(@r0)   |    Sn(s=0)      Integ_Sn     Sn/S0(@r0)  
<multipole_order n>                    [T/m^n]      [T.m/m^n]        []       |    [T/m^n]      [T.m/m^n]        []      
n=00:                                5.5109e-01    -2.3978e-01   +1.0000e+00  |      ---           ---           ---     
n=01:                                7.2417e+00    +3.2229e+00   -1.6129e-01  |      ---           ---           ---     
n=02:                                4.4773e+00    +8.9638e-01   -5.3832e-04  |      ---           ---           ---     
n=03:                                5.7488e+00    -2.0585e+01   +1.4835e-04  |      ---           ---           ---     
n=04:                                2.0601e+04    +1.9802e+03   -1.7124e-04  |      ---           ---           ---     
n=05:                                4.8157e+05    -8.2261e+04   +8.5365e-05  |      ---           ---           ---     
n=06:                                1.1565e+08    -1.2079e+07   +1.5042e-04  |      ---           ---           ---     
