--- multipoles on reference trajectory (rz > 0) ---
effective_length:                   436.2752320267303 mm
perpendicular_grid:                 41 points in [-10.000000,+10.000000] mm
max_fitting_error_normal            0.017/4878.410 G/G
max_fitting_error_skew              339.465/339.465 G/G
r0_for_relative_multipoles          12 mm
main_monomial                       n = 0, skew:False
                                       Nn(s=0)      Integ_Nn     Nn/N0(@r0)   |    Sn(s=0)      Integ_Sn     Sn/S0(@r0)  
<multipole_order n>                    [T/m^n]      [T.m/m^n]        []       |    [T/m^n]      [T.m/m^n]        []      
n=00:                                5.5124e-01    -2.4049e-01   +1.0000e+00  |      ---           ---           ---     
n=01:                                7.1824e+00    +3.2216e+00   -1.6075e-01  |      ---           ---           ---     
n=02:                                6.0637e+00    +1.0534e+00   -6.3073e-04  |      ---           ---           ---     
n=03:                                2.6336e+01    -1.2027e+01   +8.6416e-05  |      ---           ---           ---     
n=04:                                2.3270e+03    -2.0994e+02   +1.8101e-05  |      ---           ---           ---     
n=05:                                1.5214e+05    -6.7333e+04   +6.9668e-05  |      ---           ---           ---     
n=06:                                4.5979e+06    -2.5036e+05   +3.1085e-06  |      ---           ---           ---     
