--- multipoles on reference trajectory (rz > 0) ---
effective_length:                   435.7869334989949 mm
perpendicular_grid:                 41 points in [-10.000000,+10.000000] mm
max_fitting_error_normal            0.052/6710.325 G/G
max_fitting_error_skew              353.105/353.105 G/G
r0_for_relative_multipoles          12 mm
main_monomial                       n = 0, skew:False
                                       Nn(s=0)      Integ_Nn     Nn/N0(@r0)   |    Sn(s=0)      Integ_Sn     Sn/S0(@r0)  
<multipole_order n>                    [T/m^n]      [T.m/m^n]        []       |    [T/m^n]      [T.m/m^n]        []      
n=00:                                5.7983e-01    -2.5268e-01   +1.0000e+00  |      ---           ---           ---     
n=01:                                7.5899e+00    +3.3792e+00   -1.6048e-01  |      ---           ---           ---     
n=02:                                5.2980e+00    +1.0149e+00   -5.7839e-04  |      ---           ---           ---     
n=03:                                5.5771e+01    -3.1480e+01   +2.1528e-04  |      ---           ---           ---     
n=04:                                5.8198e+03    -8.8791e+02   +7.2865e-05  |      ---           ---           ---     
n=05:                                1.0668e+05    -4.8118e+04   +4.7385e-05  |      ---           ---           ---     
n=06:                                3.7890e+07    +4.5652e+06   -5.3947e-05  |      ---           ---           ---     
