--- multipoles on reference trajectory (rz > 0) ---
effective_length:                   436.76446357432246 mm
perpendicular_grid:                 41 points in [-10.000000,+10.000000] mm
max_fitting_error_normal            0.023/6391.813 G/G
max_fitting_error_skew              337.444/337.444 G/G
r0_for_relative_multipoles          12 mm
main_monomial                       n = 0, skew:False
                                       Nn(s=0)      Integ_Nn     Nn/N0(@r0)   |    Sn(s=0)      Integ_Sn     Sn/S0(@r0)  
<multipole_order n>                    [T/m^n]      [T.m/m^n]        []       |    [T/m^n]      [T.m/m^n]        []      
n=00:                                5.5170e-01    -2.4096e-01   +1.0000e+00  |      ---           ---           ---     
n=01:                                7.2161e+00    +3.2277e+00   -1.6074e-01  |      ---           ---           ---     
n=02:                                5.3303e+00    +1.0635e+00   -6.3558e-04  |      ---           ---           ---     
n=03:                                1.1207e+02    -3.9270e+01   +2.8161e-04  |      ---           ---           ---     
n=04:                                3.5595e+03    -1.0965e+03   +9.4357e-05  |      ---           ---           ---     
n=05:                                1.7281e+05    +1.4388e+04   -1.4858e-05  |      ---           ---           ---     
n=06:                                1.0895e+07    +3.2076e+06   -3.9748e-05  |      ---           ---           ---     
