--- multipoles on reference trajectory (rz > 0) ---
effective_length:                   435.19272378982447 mm
perpendicular_grid:                 41 points in [-10.000000,+10.000000] mm
max_fitting_error_normal            0.026/4896.008 G/G
max_fitting_error_skew              335.319/335.319 G/G
r0_for_relative_multipoles          12 mm
main_monomial                       n = 0, skew:False
                                       Nn(s=0)      Integ_Nn     Nn/N0(@r0)   |    Sn(s=0)      Integ_Sn     Sn/S0(@r0)  
<multipole_order n>                    [T/m^n]      [T.m/m^n]        []       |    [T/m^n]      [T.m/m^n]        []      
n=00:                                5.5424e-01    -2.4120e-01   +1.0000e+00  |      ---           ---           ---     
n=01:                                7.2889e+00    +3.2397e+00   -1.6118e-01  |      ---           ---           ---     
n=02:                                6.0684e+00    +1.0418e+00   -6.2194e-04  |      ---           ---           ---     
n=03:                                1.7738e+01    -1.0834e+01   +7.7618e-05  |      ---           ---           ---     
n=04:                                1.2589e+04    -3.9922e+02   +3.4321e-05  |      ---           ---           ---     
n=05:                                4.2788e+05    -1.2301e+05   +1.2690e-04  |      ---           ---           ---     
n=06:                                7.2935e+07    +1.6930e+06   -2.0959e-05  |      ---           ---           ---     
