--- multipoles on reference trajectory (rz > 0) ---
effective_length:                   434.65074131895557 mm
perpendicular_grid:                 41 points in [-10.000000,+10.000000] mm
max_fitting_error_normal            0.069/4863.143 G/G
max_fitting_error_skew              334.172/334.172 G/G
r0_for_relative_multipoles          12 mm
main_monomial                       n = 0, skew:False
                                       Nn(s=0)      Integ_Nn     Nn/N0(@r0)   |    Sn(s=0)      Integ_Sn     Sn/S0(@r0)  
<multipole_order n>                    [T/m^n]      [T.m/m^n]        []       |    [T/m^n]      [T.m/m^n]        []      
n=00:                                5.5088e-01    -2.3944e-01   +1.0000e+00  |      ---           ---           ---     
n=01:                                7.2436e+00    +3.2119e+00   -1.6097e-01  |      ---           ---           ---     
n=02:                                6.2744e+00    +1.0388e+00   -6.2473e-04  |      ---           ---           ---     
n=03:                                4.0947e-01    +2.3833e+00   -1.7200e-05  |      ---           ---           ---     
n=04:                                2.4941e+04    -2.8019e+03   +2.4265e-04  |      ---           ---           ---     
n=05:                                4.1848e+05    -2.8225e+05   +2.9332e-04  |      ---           ---           ---     
n=06:                                1.4099e+08    +1.1076e+07   -1.3812e-04  |      ---           ---           ---     
