--- multipoles on reference trajectory (rz > 0) ---
effective_length:                   435.9087678173044 mm
perpendicular_grid:                 41 points in [-10.000000,+10.000000] mm
max_fitting_error_normal            0.046/3763.454 G/G
max_fitting_error_skew              314.977/314.977 G/G
r0_for_relative_multipoles          12 mm
main_monomial                       n = 0, skew:False
                                       Nn(s=0)      Integ_Nn     Nn/N0(@r0)   |    Sn(s=0)      Integ_Sn     Sn/S0(@r0)  
<multipole_order n>                    [T/m^n]      [T.m/m^n]        []       |    [T/m^n]      [T.m/m^n]        []      
n=00:                                5.2279e-01    -2.2789e-01   +1.0000e+00  |      ---           ---           ---     
n=01:                                6.8605e+00    +3.0630e+00   -1.6129e-01  |      ---           ---           ---     
n=02:                                5.1859e+00    +7.5672e-01   -4.7816e-04  |      ---           ---           ---     
n=03:                                6.8807e+01    -1.3936e+01   +1.0567e-04  |      ---           ---           ---     
n=04:                                3.3366e+03    -1.7814e+02   +1.6209e-05  |      ---           ---           ---     
n=05:                                1.3467e+05    -9.0065e+04   +9.8343e-05  |      ---           ---           ---     
n=06:                                2.8733e+07    -2.6510e+05   +3.4736e-06  |      ---           ---           ---     
