--- multipoles on reference trajectory (rz > 0) ---
effective_length:                   435.0634957928984 mm
perpendicular_grid:                 41 points in [-10.000000,+10.000000] mm
max_fitting_error_normal            0.046/4840.767 G/G
max_fitting_error_skew              344.119/344.119 G/G
r0_for_relative_multipoles          12 mm
main_monomial                       n = 0, skew:False
                                       Nn(s=0)      Integ_Nn     Nn/N0(@r0)   |    Sn(s=0)      Integ_Sn     Sn/S0(@r0)  
<multipole_order n>                    [T/m^n]      [T.m/m^n]        []       |    [T/m^n]      [T.m/m^n]        []      
n=00:                                5.5254e-01    -2.4039e-01   +1.0000e+00  |      ---           ---           ---     
n=01:                                7.2138e+00    +3.2183e+00   -1.6065e-01  |      ---           ---           ---     
n=02:                                5.8721e+00    +9.7132e-01   -5.8185e-04  |      ---           ---           ---     
n=03:                                9.5386e-01    -4.6943e+00   +3.3744e-05  |      ---           ---           ---     
n=04:                                4.6786e+03    -2.6259e+03   +2.2651e-04  |      ---           ---           ---     
n=05:                                2.4192e+05    -1.1182e+05   +1.1575e-04  |      ---           ---           ---     
n=06:                                2.3826e+07    +1.4755e+07   -1.8327e-04  |      ---           ---           ---     
