--- multipoles on reference trajectory (rz > 0) ---
effective_length:                   435.40339465897273 mm
perpendicular_grid:                 41 points in [-10.000000,+10.000000] mm
max_fitting_error_normal            0.027/4544.139 G/G
max_fitting_error_skew              316.314/316.314 G/G
r0_for_relative_multipoles          12 mm
main_monomial                       n = 0, skew:False
                                       Nn(s=0)      Integ_Nn     Nn/N0(@r0)   |    Sn(s=0)      Integ_Sn     Sn/S0(@r0)  
<multipole_order n>                    [T/m^n]      [T.m/m^n]        []       |    [T/m^n]      [T.m/m^n]        []      
n=00:                                5.2360e-01    -2.2798e-01   +1.0000e+00  |      ---           ---           ---     
n=01:                                6.8753e+00    +3.0628e+00   -1.6122e-01  |      ---           ---           ---     
n=02:                                3.9714e+00    +7.7275e-01   -4.8810e-04  |      ---           ---           ---     
n=03:                                1.3772e+01    -3.9224e+01   +2.9731e-04  |      ---           ---           ---     
n=04:                                1.6991e+04    +4.2217e+01   -3.8399e-06  |      ---           ---           ---     
n=05:                                6.6284e+05    +1.4319e+04   -1.5629e-05  |      ---           ---           ---     
n=06:                                8.7970e+07    -2.8162e+06   +3.6885e-05  |      ---           ---           ---     
