--- multipoles on reference trajectory (rz > 0) ---
effective_length:                   436.9286452361077 mm
perpendicular_grid:                 41 points in [-10.000000,+10.000000] mm
max_fitting_error_normal            0.049/6378.430 G/G
max_fitting_error_skew              346.827/346.827 G/G
r0_for_relative_multipoles          12 mm
main_monomial                       n = 0, skew:False
                                       Nn(s=0)      Integ_Nn     Nn/N0(@r0)   |    Sn(s=0)      Integ_Sn     Sn/S0(@r0)  
<multipole_order n>                    [T/m^n]      [T.m/m^n]        []       |    [T/m^n]      [T.m/m^n]        []      
n=00:                                5.5036e-01    -2.4047e-01   +1.0000e+00  |      ---           ---           ---     
n=01:                                7.2123e+00    +3.2314e+00   -1.6125e-01  |      ---           ---           ---     
n=02:                                5.1925e+00    +8.5061e-01   -5.0937e-04  |      ---           ---           ---     
n=03:                                2.1179e+01    -3.6797e+01   +2.6442e-04  |      ---           ---           ---     
n=04:                                1.2850e+04    +2.8213e+03   -2.4328e-04  |      ---           ---           ---     
n=05:                                5.3767e+05    +3.3726e+04   -3.4899e-05  |      ---           ---           ---     
n=06:                                6.0971e+07    -1.7465e+07   +2.1687e-04  |      ---           ---           ---     
