--- multipoles on reference trajectory (rz > 0) ---
effective_length:                   435.301893275346 mm
perpendicular_grid:                 41 points in [-10.000000,+10.000000] mm
max_fitting_error_normal            0.039/4905.271 G/G
max_fitting_error_skew              340.096/340.096 G/G
r0_for_relative_multipoles          12 mm
main_monomial                       n = 0, skew:False
                                       Nn(s=0)      Integ_Nn     Nn/N0(@r0)   |    Sn(s=0)      Integ_Sn     Sn/S0(@r0)  
<multipole_order n>                    [T/m^n]      [T.m/m^n]        []       |    [T/m^n]      [T.m/m^n]        []      
n=00:                                5.5411e-01    -2.4120e-01   +1.0000e+00  |      ---           ---           ---     
n=01:                                7.2391e+00    +3.2245e+00   -1.6042e-01  |      ---           ---           ---     
n=02:                                4.9257e+00    +6.4709e-01   -3.8632e-04  |      ---           ---           ---     
n=03:                                4.4049e+01    -3.5339e+01   +2.5317e-04  |      ---           ---           ---     
n=04:                                9.4217e+03    +2.1643e+03   -1.8606e-04  |      ---           ---           ---     
n=05:                                2.5809e+04    -1.1894e+04   +1.2270e-05  |      ---           ---           ---     
n=06:                                4.1199e+07    -9.9249e+06   +1.2287e-04  |      ---           ---           ---     
