--- multipoles on reference trajectory (rz > 0) ---
effective_length:                   434.66723408029287 mm
perpendicular_grid:                 41 points in [-10.000000,+10.000000] mm
max_fitting_error_normal            0.070/4876.426 G/G
max_fitting_error_skew              334.894/334.894 G/G
r0_for_relative_multipoles          12 mm
main_monomial                       n = 0, skew:False
                                       Nn(s=0)      Integ_Nn     Nn/N0(@r0)   |    Sn(s=0)      Integ_Sn     Sn/S0(@r0)  
<multipole_order n>                    [T/m^n]      [T.m/m^n]        []       |    [T/m^n]      [T.m/m^n]        []      
n=00:                                5.5214e-01    -2.4000e-01   +1.0000e+00  |      ---           ---           ---     
n=01:                                7.2415e+00    +3.2115e+00   -1.6058e-01  |      ---           ---           ---     
n=02:                                6.2669e+00    +1.0247e+00   -6.1485e-04  |      ---           ---           ---     
n=03:                                1.2048e+01    +3.7250e+00   -2.6821e-05  |      ---           ---           ---     
n=04:                                2.4375e+04    -2.1160e+03   +1.8282e-04  |      ---           ---           ---     
n=05:                                5.1519e+05    -2.8800e+05   +2.9861e-04  |      ---           ---           ---     
n=06:                                1.3965e+08    +7.4403e+06   -9.2571e-05  |      ---           ---           ---     
