--- multipoles on reference trajectory (rz > 0) ---
effective_length:                   435.66864607250534 mm
perpendicular_grid:                 41 points in [-10.000000,+10.000000] mm
max_fitting_error_normal            0.032/4846.797 G/G
max_fitting_error_skew              344.442/344.442 G/G
r0_for_relative_multipoles          12 mm
main_monomial                       n = 0, skew:False
                                       Nn(s=0)      Integ_Nn     Nn/N0(@r0)   |    Sn(s=0)      Integ_Sn     Sn/S0(@r0)  
<multipole_order n>                    [T/m^n]      [T.m/m^n]        []       |    [T/m^n]      [T.m/m^n]        []      
n=00:                                5.5240e-01    -2.4067e-01   +1.0000e+00  |      ---           ---           ---     
n=01:                                7.2270e+00    +3.2224e+00   -1.6067e-01  |      ---           ---           ---     
n=02:                                5.1412e+00    +9.9305e-01   -5.9418e-04  |      ---           ---           ---     
n=03:                                8.1616e+00    -4.4785e+01   +3.2156e-04  |      ---           ---           ---     
n=04:                                5.5370e+03    -1.2216e+03   +1.0525e-04  |      ---           ---           ---     
n=05:                                4.6394e+05    +1.8107e+04   -1.8721e-05  |      ---           ---           ---     
n=06:                                1.8908e+07    +6.2564e+06   -7.7625e-05  |      ---           ---           ---     
