--- multipoles on reference trajectory (rz > 0) ---
effective_length:                   433.55553493160926 mm
perpendicular_grid:                 41 points in [-10.000000,+10.000000] mm
max_fitting_error_normal            0.043/6061.231 G/G
max_fitting_error_skew              355.549/355.549 G/G
r0_for_relative_multipoles          12 mm
main_monomial                       n = 0, skew:False
                                       Nn(s=0)      Integ_Nn     Nn/N0(@r0)   |    Sn(s=0)      Integ_Sn     Sn/S0(@r0)  
<multipole_order n>                    [T/m^n]      [T.m/m^n]        []       |    [T/m^n]      [T.m/m^n]        []      
n=00:                                5.8080e-01    -2.5181e-01   +1.0000e+00  |      ---           ---           ---     
n=01:                                7.6317e+00    +3.3709e+00   -1.6064e-01  |      ---           ---           ---     
n=02:                                4.0288e+00    +1.0042e+00   -5.7429e-04  |      ---           ---           ---     
n=03:                                1.8744e+02    -7.0851e+01   +4.8620e-04  |      ---           ---           ---     
n=04:                                2.0008e+04    -7.1947e+02   +5.9247e-05  |      ---           ---           ---     
n=05:                                8.5647e+05    +2.3557e+05   -2.3279e-04  |      ---           ---           ---     
n=06:                                1.0418e+08    -5.6035e+05   +6.6447e-06  |      ---           ---           ---     
