--- multipoles on reference trajectory (rz > 0) ---
effective_length:                   436.20794484879815 mm
perpendicular_grid:                 41 points in [-10.000000,+10.000000] mm
max_fitting_error_normal            0.037/4874.585 G/G
max_fitting_error_skew              339.943/339.943 G/G
r0_for_relative_multipoles          12 mm
main_monomial                       n = 0, skew:False
                                       Nn(s=0)      Integ_Nn     Nn/N0(@r0)   |    Sn(s=0)      Integ_Sn     Sn/S0(@r0)  
<multipole_order n>                    [T/m^n]      [T.m/m^n]        []       |    [T/m^n]      [T.m/m^n]        []      
n=00:                                5.5191e-01    -2.4075e-01   +1.0000e+00  |      ---           ---           ---     
n=01:                                7.2136e+00    +3.2361e+00   -1.6130e-01  |      ---           ---           ---     
n=02:                                6.7547e+00    +1.1271e+00   -6.7413e-04  |      ---           ---           ---     
n=03:                                2.5427e+01    -1.9109e+01   +1.3716e-04  |      ---           ---           ---     
n=04:                                1.2444e+04    -2.6894e+03   +2.3164e-04  |      ---           ---           ---     
n=05:                                4.3578e+05    -2.5250e+04   +2.6098e-05  |      ---           ---           ---     
n=06:                                7.8132e+07    +1.4591e+07   -1.8097e-04  |      ---           ---           ---     
