--- multipoles on reference trajectory (rz > 0) ---
effective_length:                   435.1414504852044 mm
perpendicular_grid:                 41 points in [-10.000000,+10.000000] mm
max_fitting_error_normal            0.035/3157.057 G/G
max_fitting_error_skew              361.435/361.435 G/G
r0_for_relative_multipoles          12 mm
main_monomial                       n = 0, skew:False
                                       Nn(s=0)      Integ_Nn     Nn/N0(@r0)   |    Sn(s=0)      Integ_Sn     Sn/S0(@r0)  
<multipole_order n>                    [T/m^n]      [T.m/m^n]        []       |    [T/m^n]      [T.m/m^n]        []      
n=00:                                5.7961e-01    -2.5221e-01   +1.0000e+00  |      ---           ---           ---     
n=01:                                7.5595e+00    +3.3744e+00   -1.6055e-01  |      ---           ---           ---     
n=02:                                5.7229e+00    +9.1158e-01   -5.2047e-04  |      ---           ---           ---     
n=03:                                1.2230e+01    -3.0014e+01   +2.0564e-04  |      ---           ---           ---     
n=04:                                3.1069e+03    +3.1575e+02   -2.5960e-05  |      ---           ---           ---     
n=05:                                5.3125e+05    +2.1945e+02   -2.1651e-07  |      ---           ---           ---     
n=06:                                3.4215e+06    -1.2808e+06   +1.5163e-05  |      ---           ---           ---     
