--- multipoles on reference trajectory (rz > 0) ---
effective_length:                   434.2161146370548 mm
perpendicular_grid:                 41 points in [-10.000000,+10.000000] mm
max_fitting_error_normal            0.027/6717.408 G/G
max_fitting_error_skew              354.647/354.647 G/G
r0_for_relative_multipoles          12 mm
main_monomial                       n = 0, skew:False
                                       Nn(s=0)      Integ_Nn     Nn/N0(@r0)   |    Sn(s=0)      Integ_Sn     Sn/S0(@r0)  
<multipole_order n>                    [T/m^n]      [T.m/m^n]        []       |    [T/m^n]      [T.m/m^n]        []      
n=00:                                5.8061e-01    -2.5211e-01   +1.0000e+00  |      ---           ---           ---     
n=01:                                7.6045e+00    +3.3740e+00   -1.6060e-01  |      ---           ---           ---     
n=02:                                5.9086e+00    +1.2182e+00   -6.9579e-04  |      ---           ---           ---     
n=03:                                3.6483e+01    -1.5732e+01   +1.0783e-04  |      ---           ---           ---     
n=04:                                7.5336e+03    -1.3003e+02   +1.0695e-05  |      ---           ---           ---     
n=05:                                1.8614e+05    -6.2087e+04   +6.1280e-05  |      ---           ---           ---     
n=06:                                5.4401e+07    -5.7315e+06   +6.7884e-05  |      ---           ---           ---     
