--- multipoles on reference trajectory (rz > 0) ---
effective_length:                   433.75858903101886 mm
perpendicular_grid:                 41 points in [-10.000000,+10.000000] mm
max_fitting_error_normal            0.062/6088.398 G/G
max_fitting_error_skew              317.074/317.074 G/G
r0_for_relative_multipoles          12 mm
main_monomial                       n = 0, skew:False
                                       Nn(s=0)      Integ_Nn     Nn/N0(@r0)   |    Sn(s=0)      Integ_Sn     Sn/S0(@r0)  
<multipole_order n>                    [T/m^n]      [T.m/m^n]        []       |    [T/m^n]      [T.m/m^n]        []      
n=00:                                5.2754e-01    -2.2883e-01   +1.0000e+00  |      ---           ---           ---     
n=01:                                6.9294e+00    +3.0569e+00   -1.6031e-01  |      ---           ---           ---     
n=02:                                3.6726e+00    +8.4015e-01   -5.2871e-04  |      ---           ---           ---     
n=03:                                1.0099e+02    -4.2072e+01   +3.1771e-04  |      ---           ---           ---     
n=04:                                1.3758e+04    +2.6099e+02   -2.3650e-05  |      ---           ---           ---     
n=05:                                3.6295e+05    +1.3225e+05   -1.4381e-04  |      ---           ---           ---     
n=06:                                9.3588e+07    -7.2417e+06   +9.4498e-05  |      ---           ---           ---     
