--- multipoles on reference trajectory (rz > 0) ---
effective_length:                   436.1739519439581 mm
perpendicular_grid:                 41 points in [-10.000000,+10.000000] mm
max_fitting_error_normal            0.160/5590.785 G/G
max_fitting_error_skew              8.619/8.619 G/G
r0_for_relative_multipoles          12 mm
main_monomial                       n = 0, skew:False
                                       Nn(s=0)      Integ_Nn     Nn/N0(@r0)   |    Sn(s=0)      Integ_Sn     Sn/S0(@r0)  
<multipole_order n>                    [T/m^n]      [T.m/m^n]        []       |    [T/m^n]      [T.m/m^n]        []      
n=00:                                5.4801e-01    -2.3903e-01   +1.0000e+00  |      ---           ---           ---     
n=01:                                7.1881e+00    +3.2141e+00   -1.6136e-01  |      ---           ---           ---     
n=02:                                5.0912e+00    +5.7433e-01   -3.4600e-04  |      ---           ---           ---     
n=03:                                5.9510e+01    -3.5996e+01   +2.6022e-04  |      ---           ---           ---     
n=04:                                1.3460e+03    +2.1824e+03   -1.8932e-04  |      ---           ---           ---     
n=05:                                2.7161e+04    +3.4979e+04   -3.6414e-05  |      ---           ---           ---     
n=06:                                1.6060e+06    -1.6467e+07   +2.0571e-04  |      ---           ---           ---     
