--- multipoles on reference trajectory (rz > 0) ---
effective_length:                   435.05791124692496 mm
perpendicular_grid:                 41 points in [-10.000000,+10.000000] mm
max_fitting_error_normal            0.043/4220.605 G/G
max_fitting_error_skew              321.718/321.718 G/G
r0_for_relative_multipoles          12 mm
main_monomial                       n = 0, skew:False
                                       Nn(s=0)      Integ_Nn     Nn/N0(@r0)   |    Sn(s=0)      Integ_Sn     Sn/S0(@r0)  
<multipole_order n>                    [T/m^n]      [T.m/m^n]        []       |    [T/m^n]      [T.m/m^n]        []      
n=00:                                5.2595e-01    -2.2882e-01   +1.0000e+00  |      ---           ---           ---     
n=01:                                6.8806e+00    +3.0604e+00   -1.6050e-01  |      ---           ---           ---     
n=02:                                4.6608e+00    +9.9337e-01   -6.2515e-04  |      ---           ---           ---     
n=03:                                1.0003e+02    -3.2980e+01   +2.4906e-04  |      ---           ---           ---     
n=04:                                6.3303e+03    -2.4091e+03   +2.1832e-04  |      ---           ---           ---     
n=05:                                2.6357e+05    +4.1762e+04   -4.5415e-05  |      ---           ---           ---     
n=06:                                4.8833e+07    +8.8310e+06   -1.1524e-04  |      ---           ---           ---     
