--- multipoles on reference trajectory (rz > 0) ---
effective_length:                   434.6257099442066 mm
perpendicular_grid:                 41 points in [-10.000000,+10.000000] mm
max_fitting_error_normal            0.047/6419.794 G/G
max_fitting_error_skew              348.619/348.619 G/G
r0_for_relative_multipoles          12 mm
main_monomial                       n = 0, skew:False
                                       Nn(s=0)      Integ_Nn     Nn/N0(@r0)   |    Sn(s=0)      Integ_Sn     Sn/S0(@r0)  
<multipole_order n>                    [T/m^n]      [T.m/m^n]        []       |    [T/m^n]      [T.m/m^n]        []      
n=00:                                5.5548e-01    -2.4143e-01   +1.0000e+00  |      ---           ---           ---     
n=01:                                7.2840e+00    +3.2332e+00   -1.6070e-01  |      ---           ---           ---     
n=02:                                5.8122e+00    +1.1338e+00   -6.7624e-04  |      ---           ---           ---     
n=03:                                8.9565e+01    -2.3928e+01   +1.7127e-04  |      ---           ---           ---     
n=04:                                2.3553e+03    -1.5004e+03   +1.2887e-04  |      ---           ---           ---     
n=05:                                3.2728e+05    +1.1918e+04   -1.2284e-05  |      ---           ---           ---     
n=06:                                4.8614e+06    +7.6829e+05   -9.5022e-06  |      ---           ---           ---     
