--- multipoles on reference trajectory (rz > 0) ---
effective_length:                   434.1679195050415 mm
perpendicular_grid:                 41 points in [-10.000000,+10.000000] mm
max_fitting_error_normal            0.063/5104.922 G/G
max_fitting_error_skew              357.028/357.028 G/G
r0_for_relative_multipoles          12 mm
main_monomial                       n = 0, skew:False
                                       Nn(s=0)      Integ_Nn     Nn/N0(@r0)   |    Sn(s=0)      Integ_Sn     Sn/S0(@r0)  
<multipole_order n>                    [T/m^n]      [T.m/m^n]        []       |    [T/m^n]      [T.m/m^n]        []      
n=00:                                5.8062e-01    -2.5209e-01   +1.0000e+00  |      ---           ---           ---     
n=01:                                7.6069e+00    +3.3721e+00   -1.6052e-01  |      ---           ---           ---     
n=02:                                6.3753e+00    +1.0485e+00   -5.9894e-04  |      ---           ---           ---     
n=03:                                1.4940e+02    -6.3083e+01   +4.3242e-04  |      ---           ---           ---     
n=04:                                2.3113e+04    -3.9428e+03   +3.2432e-04  |      ---           ---           ---     
n=05:                                5.5567e+05    +1.7178e+05   -1.6956e-04  |      ---           ---           ---     
n=06:                                1.6619e+08    +2.2930e+07   -2.7161e-04  |      ---           ---           ---     
