--- multipoles on reference trajectory (rz > 0) ---
effective_length:                   436.5906911937563 mm
perpendicular_grid:                 41 points in [-10.000000,+10.000000] mm
max_fitting_error_normal            0.030/4790.963 G/G
max_fitting_error_skew              341.383/341.383 G/G
r0_for_relative_multipoles          12 mm
main_monomial                       n = 0, skew:False
                                       Nn(s=0)      Integ_Nn     Nn/N0(@r0)   |    Sn(s=0)      Integ_Sn     Sn/S0(@r0)  
<multipole_order n>                    [T/m^n]      [T.m/m^n]        []       |    [T/m^n]      [T.m/m^n]        []      
n=00:                                5.4945e-01    -2.3989e-01   +1.0000e+00  |      ---           ---           ---     
n=01:                                7.2009e+00    +3.2216e+00   -1.6116e-01  |      ---           ---           ---     
n=02:                                5.5460e+00    +9.4156e-01   -5.6521e-04  |      ---           ---           ---     
n=03:                                5.7938e+01    -5.2237e+01   +3.7629e-04  |      ---           ---           ---     
n=04:                                2.4722e+03    -5.6801e+02   +4.9099e-05  |      ---           ---           ---     
n=05:                                5.1312e+03    +1.0899e+05   -1.1306e-04  |      ---           ---           ---     
n=06:                                3.3965e+07    +1.9151e+06   -2.3838e-05  |      ---           ---           ---     
