--- multipoles on reference trajectory (rz > 0) ---
effective_length:                   434.6600087747274 mm
perpendicular_grid:                 41 points in [-10.000000,+10.000000] mm
max_fitting_error_normal            0.038/3761.097 G/G
max_fitting_error_skew              339.328/339.328 G/G
r0_for_relative_multipoles          12 mm
main_monomial                       n = 0, skew:False
                                       Nn(s=0)      Integ_Nn     Nn/N0(@r0)   |    Sn(s=0)      Integ_Sn     Sn/S0(@r0)  
<multipole_order n>                    [T/m^n]      [T.m/m^n]        []       |    [T/m^n]      [T.m/m^n]        []      
n=00:                                5.5218e-01    -2.4001e-01   +1.0000e+00  |      ---           ---           ---     
n=01:                                7.2599e+00    +3.2180e+00   -1.6089e-01  |      ---           ---           ---     
n=02:                                4.9192e+00    +8.9089e-01   -5.3451e-04  |      ---           ---           ---     
n=03:                                6.6047e+01    -3.1476e+01   +2.2662e-04  |      ---           ---           ---     
n=04:                                1.1466e+02    -1.1991e+03   +1.0359e-04  |      ---           ---           ---     
n=05:                                2.3299e+04    -1.4850e+04   +1.5396e-05  |      ---           ---           ---     
n=06:                                2.4900e+06    +4.7106e+06   -5.8605e-05  |      ---           ---           ---     
