--- multipoles on reference trajectory (rz > 0) ---
effective_length:                   435.48565167355235 mm
perpendicular_grid:                 41 points in [-10.000000,+10.000000] mm
max_fitting_error_normal            0.037/6057.040 G/G
max_fitting_error_skew              315.520/315.520 G/G
r0_for_relative_multipoles          12 mm
main_monomial                       n = 0, skew:False
                                       Nn(s=0)      Integ_Nn     Nn/N0(@r0)   |    Sn(s=0)      Integ_Sn     Sn/S0(@r0)  
<multipole_order n>                    [T/m^n]      [T.m/m^n]        []       |    [T/m^n]      [T.m/m^n]        []      
n=00:                                5.2294e-01    -2.2773e-01   +1.0000e+00  |      ---           ---           ---     
n=01:                                6.8843e+00    +3.0652e+00   -1.6151e-01  |      ---           ---           ---     
n=02:                                5.8364e+00    +1.0542e+00   -6.6661e-04  |      ---           ---           ---     
n=03:                                1.2922e+02    -2.1865e+01   +1.6591e-04  |      ---           ---           ---     
n=04:                                1.5027e+04    -3.3823e+03   +3.0797e-04  |      ---           ---           ---     
n=05:                                5.6106e+05    -3.9032e+04   +4.2649e-05  |      ---           ---           ---     
n=06:                                8.6361e+07    +1.6017e+07   -2.1001e-04  |      ---           ---           ---     
