--- multipoles on reference trajectory (rz > 0) ---
effective_length:                   436.07974967609175 mm
perpendicular_grid:                 41 points in [-10.000000,+10.000000] mm
max_fitting_error_normal            0.042/4554.700 G/G
max_fitting_error_skew              335.527/335.527 G/G
r0_for_relative_multipoles          12 mm
main_monomial                       n = 0, skew:False
                                       Nn(s=0)      Integ_Nn     Nn/N0(@r0)   |    Sn(s=0)      Integ_Sn     Sn/S0(@r0)  
<multipole_order n>                    [T/m^n]      [T.m/m^n]        []       |    [T/m^n]      [T.m/m^n]        []      
n=00:                                5.5424e-01    -2.4169e-01   +1.0000e+00  |      ---           ---           ---     
n=01:                                7.2493e+00    +3.2362e+00   -1.6068e-01  |      ---           ---           ---     
n=02:                                5.7149e+00    +7.8856e-01   -4.6982e-04  |      ---           ---           ---     
n=03:                                2.1622e+01    -1.7127e+01   +1.2245e-04  |      ---           ---           ---     
n=04:                                7.3523e+03    +1.9523e+03   -1.6750e-04  |      ---           ---           ---     
n=05:                                5.5047e+05    -1.0600e+05   +1.0913e-04  |      ---           ---           ---     
n=06:                                3.8949e+07    -1.4544e+07   +1.7968e-04  |      ---           ---           ---     
