--- multipoles on reference trajectory (rz > 0) ---
effective_length:                   435.2931399680047 mm
perpendicular_grid:                 41 points in [-10.000000,+10.000000] mm
max_fitting_error_normal            0.040/4899.125 G/G
max_fitting_error_skew              339.768/339.768 G/G
r0_for_relative_multipoles          12 mm
main_monomial                       n = 0, skew:False
                                       Nn(s=0)      Integ_Nn     Nn/N0(@r0)   |    Sn(s=0)      Integ_Sn     Sn/S0(@r0)  
<multipole_order n>                    [T/m^n]      [T.m/m^n]        []       |    [T/m^n]      [T.m/m^n]        []      
n=00:                                5.5353e-01    -2.4095e-01   +1.0000e+00  |      ---           ---           ---     
n=01:                                7.2399e+00    +3.2247e+00   -1.6060e-01  |      ---           ---           ---     
n=02:                                4.9124e+00    +6.3970e-01   -3.8231e-04  |      ---           ---           ---     
n=03:                                4.1460e+01    -3.4697e+01   +2.4884e-04  |      ---           ---           ---     
n=04:                                9.5164e+03    +2.1230e+03   -1.8271e-04  |      ---           ---           ---     
n=05:                                4.1132e+04    -1.6121e+04   +1.6648e-05  |      ---           ---           ---     
n=06:                                4.2098e+07    -9.6294e+06   +1.1933e-04  |      ---           ---           ---     
