--- multipoles on reference trajectory (rz > 0) ---
effective_length:                   435.31352587234073 mm
perpendicular_grid:                 41 points in [-10.000000,+10.000000] mm
max_fitting_error_normal            0.046/5094.659 G/G
max_fitting_error_skew              357.511/357.511 G/G
r0_for_relative_multipoles          12 mm
main_monomial                       n = 0, skew:False
                                       Nn(s=0)      Integ_Nn     Nn/N0(@r0)   |    Sn(s=0)      Integ_Sn     Sn/S0(@r0)  
<multipole_order n>                    [T/m^n]      [T.m/m^n]        []       |    [T/m^n]      [T.m/m^n]        []      
n=00:                                5.7804e-01    -2.5163e-01   +1.0000e+00  |      ---           ---           ---     
n=01:                                7.5863e+00    +3.3792e+00   -1.6115e-01  |      ---           ---           ---     
n=02:                                5.3720e+00    +1.0582e+00   -6.0560e-04  |      ---           ---           ---     
n=03:                                7.8210e+01    -2.8130e+01   +1.9318e-04  |      ---           ---           ---     
n=04:                                1.9551e+04    +2.1568e+03   -1.7773e-04  |      ---           ---           ---     
n=05:                                2.4528e+05    +4.9790e+04   -4.9236e-05  |      ---           ---           ---     
n=06:                                1.2343e+08    -1.4751e+07   +1.7504e-04  |      ---           ---           ---     
