--- multipoles on reference trajectory (rz > 0) ---
effective_length:                   436.08970031658896 mm
perpendicular_grid:                 41 points in [-10.000000,+10.000000] mm
max_fitting_error_normal            0.044/4558.328 G/G
max_fitting_error_skew              335.861/335.861 G/G
r0_for_relative_multipoles          12 mm
main_monomial                       n = 0, skew:False
                                       Nn(s=0)      Integ_Nn     Nn/N0(@r0)   |    Sn(s=0)      Integ_Sn     Sn/S0(@r0)  
<multipole_order n>                    [T/m^n]      [T.m/m^n]        []       |    [T/m^n]      [T.m/m^n]        []      
n=00:                                5.5482e-01    -2.4195e-01   +1.0000e+00  |      ---           ---           ---     
n=01:                                7.2484e+00    +3.2361e+00   -1.6050e-01  |      ---           ---           ---     
n=02:                                5.7038e+00    +7.9098e-01   -4.7076e-04  |      ---           ---           ---     
n=03:                                2.3443e+01    -1.7560e+01   +1.2541e-04  |      ---           ---           ---     
n=04:                                6.9295e+03    +2.0554e+03   -1.7615e-04  |      ---           ---           ---     
n=05:                                5.6386e+05    -1.0111e+05   +1.0398e-04  |      ---           ---           ---     
n=06:                                3.7286e+07    -1.5055e+07   +1.8580e-04  |      ---           ---           ---     
