--- multipoles on reference trajectory (rz > 0) ---
effective_length:                   435.3086564592456 mm
perpendicular_grid:                 41 points in [-10.000000,+10.000000] mm
max_fitting_error_normal            0.044/6071.842 G/G
max_fitting_error_skew              315.253/315.253 G/G
r0_for_relative_multipoles          12 mm
main_monomial                       n = 0, skew:False
                                       Nn(s=0)      Integ_Nn     Nn/N0(@r0)   |    Sn(s=0)      Integ_Sn     Sn/S0(@r0)  
<multipole_order n>                    [T/m^n]      [T.m/m^n]        []       |    [T/m^n]      [T.m/m^n]        []      
n=00:                                5.2328e-01    -2.2779e-01   +1.0000e+00  |      ---           ---           ---     
n=01:                                6.8598e+00    +3.0586e+00   -1.6113e-01  |      ---           ---           ---     
n=02:                                5.2072e+00    +7.5652e-01   -4.7825e-04  |      ---           ---           ---     
n=03:                                6.8551e+01    -1.3830e+01   +1.0492e-04  |      ---           ---           ---     
n=04:                                3.6166e+03    -9.7821e+01   +8.9049e-06  |      ---           ---           ---     
n=05:                                1.2975e+05    -9.0163e+04   +9.8494e-05  |      ---           ---           ---     
n=06:                                3.0669e+07    -6.7665e+05   +8.8699e-06  |      ---           ---           ---     
