--- multipoles on reference trajectory (rz > 0) ---
effective_length:                   435.39698674291265 mm
perpendicular_grid:                 41 points in [-10.000000,+10.000000] mm
max_fitting_error_normal            0.046/4616.123 G/G
max_fitting_error_skew              312.193/312.193 G/G
r0_for_relative_multipoles          12 mm
main_monomial                       n = 0, skew:False
                                       Nn(s=0)      Integ_Nn     Nn/N0(@r0)   |    Sn(s=0)      Integ_Sn     Sn/S0(@r0)  
<multipole_order n>                    [T/m^n]      [T.m/m^n]        []       |    [T/m^n]      [T.m/m^n]        []      
n=00:                                5.2462e-01    -2.2842e-01   +1.0000e+00  |      ---           ---           ---     
n=01:                                6.8923e+00    +3.0647e+00   -1.6101e-01  |      ---           ---           ---     
n=02:                                4.8793e+00    +7.5430e-01   -4.7553e-04  |      ---           ---           ---     
n=03:                                3.3185e+01    -2.8242e+01   +2.1365e-04  |      ---           ---           ---     
n=04:                                1.4230e+04    -7.8101e+02   +7.0901e-05  |      ---           ---           ---     
n=05:                                5.9763e+04    -5.0453e+04   +5.4963e-05  |      ---           ---           ---     
n=06:                                9.7420e+07    +5.1848e+06   -6.7778e-05  |      ---           ---           ---     
