--- multipoles on reference trajectory (rz > 0) ---
effective_length:                   436.5906359606892 mm
perpendicular_grid:                 41 points in [-10.000000,+10.000000] mm
max_fitting_error_normal            0.044/4341.289 G/G
max_fitting_error_skew              342.896/342.896 G/G
r0_for_relative_multipoles          12 mm
main_monomial                       n = 0, skew:False
                                       Nn(s=0)      Integ_Nn     Nn/N0(@r0)   |    Sn(s=0)      Integ_Sn     Sn/S0(@r0)  
<multipole_order n>                    [T/m^n]      [T.m/m^n]        []       |    [T/m^n]      [T.m/m^n]        []      
n=00:                                5.5189e-01    -2.4095e-01   +1.0000e+00  |      ---           ---           ---     
n=01:                                7.2325e+00    +3.2346e+00   -1.6109e-01  |      ---           ---           ---     
n=02:                                5.5607e+00    +8.2891e-01   -4.9539e-04  |      ---           ---           ---     
n=03:                                4.5230e+01    -1.7244e+01   +1.2367e-04  |      ---           ---           ---     
n=04:                                4.1454e+03    +2.1024e+03   -1.8093e-04  |      ---           ---           ---     
n=05:                                1.5201e+05    -1.0385e+05   +1.0725e-04  |      ---           ---           ---     
n=06:                                2.4330e+07    -1.5123e+07   +1.8741e-04  |      ---           ---           ---     
