--- multipoles on reference trajectory (rz > 0) ---
effective_length:                   434.79039065342204 mm
perpendicular_grid:                 41 points in [-10.000000,+10.000000] mm
max_fitting_error_normal            0.034/6421.722 G/G
max_fitting_error_skew              344.960/344.960 G/G
r0_for_relative_multipoles          12 mm
main_monomial                       n = 0, skew:False
                                       Nn(s=0)      Integ_Nn     Nn/N0(@r0)   |    Sn(s=0)      Integ_Sn     Sn/S0(@r0)  
<multipole_order n>                    [T/m^n]      [T.m/m^n]        []       |    [T/m^n]      [T.m/m^n]        []      
n=00:                                5.5424e-01    -2.4098e-01   +1.0000e+00  |      ---           ---           ---     
n=01:                                7.2351e+00    +3.2240e+00   -1.6054e-01  |      ---           ---           ---     
n=02:                                5.3704e+00    +6.6008e-01   -3.9444e-04  |      ---           ---           ---     
n=03:                                1.2294e+00    -2.6503e+01   +1.9004e-04  |      ---           ---           ---     
n=04:                                3.1385e+03    +3.4244e+03   -2.9467e-04  |      ---           ---           ---     
n=05:                                5.4255e+05    -8.5222e+04   +8.7998e-05  |      ---           ---           ---     
n=06:                                1.3130e+07    -1.8631e+07   +2.3086e-04  |      ---           ---           ---     
