--- multipoles on reference trajectory (rz > 0) ---
effective_length:                   435.5414560547194 mm
perpendicular_grid:                 41 points in [-10.000000,+10.000000] mm
max_fitting_error_normal            0.034/4975.127 G/G
max_fitting_error_skew              360.070/360.070 G/G
r0_for_relative_multipoles          12 mm
main_monomial                       n = 0, skew:False
                                       Nn(s=0)      Integ_Nn     Nn/N0(@r0)   |    Sn(s=0)      Integ_Sn     Sn/S0(@r0)  
<multipole_order n>                    [T/m^n]      [T.m/m^n]        []       |    [T/m^n]      [T.m/m^n]        []      
n=00:                                5.7748e-01    -2.5151e-01   +1.0000e+00  |      ---           ---           ---     
n=01:                                7.5768e+00    +3.3749e+00   -1.6102e-01  |      ---           ---           ---     
n=02:                                6.1650e+00    +1.0493e+00   -6.0075e-04  |      ---           ---           ---     
n=03:                                7.2681e+01    -1.7876e+01   +1.2282e-04  |      ---           ---           ---     
n=04:                                3.1676e+03    -3.0222e+02   +2.4917e-05  |      ---           ---           ---     
n=05:                                5.9205e+04    -9.6958e+04   +9.5924e-05  |      ---           ---           ---     
n=06:                                2.0668e+07    -2.0713e+06   +2.4591e-05  |      ---           ---           ---     
