--- multipoles on reference trajectory (rz > 0) ---
effective_length:                   433.5014781261693 mm
perpendicular_grid:                 41 points in [-10.000000,+10.000000] mm
max_fitting_error_normal            0.036/6417.591 G/G
max_fitting_error_skew              339.829/339.829 G/G
r0_for_relative_multipoles          12 mm
main_monomial                       n = 0, skew:False
                                       Nn(s=0)      Integ_Nn     Nn/N0(@r0)   |    Sn(s=0)      Integ_Sn     Sn/S0(@r0)  
<multipole_order n>                    [T/m^n]      [T.m/m^n]        []       |    [T/m^n]      [T.m/m^n]        []      
n=00:                                5.5612e-01    -2.4108e-01   +1.0000e+00  |      ---           ---           ---     
n=01:                                7.3113e+00    +3.2290e+00   -1.6073e-01  |      ---           ---           ---     
n=02:                                4.3724e+00    +7.2246e-01   -4.3154e-04  |      ---           ---           ---     
n=03:                                3.5605e+01    -3.7298e+01   +2.6734e-04  |      ---           ---           ---     
n=04:                                2.7358e+03    +2.1459e+03   -1.8457e-04  |      ---           ---           ---     
n=05:                                2.2369e+05    +8.3958e+03   -8.6657e-06  |      ---           ---           ---     
n=06:                                1.2352e+07    -1.4320e+07   +1.7737e-04  |      ---           ---           ---     
