--- multipoles on reference trajectory (rz > 0) ---
effective_length:                   435.576561796102 mm
perpendicular_grid:                 41 points in [-10.000000,+10.000000] mm
max_fitting_error_normal            0.070/3760.740 G/G
max_fitting_error_skew              317.624/317.624 G/G
r0_for_relative_multipoles          12 mm
main_monomial                       n = 0, skew:False
                                       Nn(s=0)      Integ_Nn     Nn/N0(@r0)   |    Sn(s=0)      Integ_Sn     Sn/S0(@r0)  
<multipole_order n>                    [T/m^n]      [T.m/m^n]        []       |    [T/m^n]      [T.m/m^n]        []      
n=00:                                5.2419e-01    -2.2833e-01   +1.0000e+00  |      ---           ---           ---     
n=01:                                6.8972e+00    +3.0687e+00   -1.6128e-01  |      ---           ---           ---     
n=02:                                4.7026e+00    +6.6262e-01   -4.1790e-04  |      ---           ---           ---     
n=03:                                7.5786e+01    -3.3887e+01   +2.5646e-04  |      ---           ---           ---     
n=04:                                6.6849e+02    +5.2062e+03   -4.7281e-04  |      ---           ---           ---     
n=05:                                1.7093e+05    -3.5653e+03   +3.8854e-06  |      ---           ---           ---     
n=06:                                1.4897e+07    -3.1315e+07   +4.0953e-04  |      ---           ---           ---     
