--- multipoles on reference trajectory (rz > 0) ---
effective_length:                   436.9104003709973 mm
perpendicular_grid:                 41 points in [-10.000000,+10.000000] mm
max_fitting_error_normal            0.056/4088.266 G/G
max_fitting_error_skew              332.620/332.620 G/G
r0_for_relative_multipoles          12 mm
main_monomial                       n = 0, skew:False
                                       Nn(s=0)      Integ_Nn     Nn/N0(@r0)   |    Sn(s=0)      Integ_Sn     Sn/S0(@r0)  
<multipole_order n>                    [T/m^n]      [T.m/m^n]        []       |    [T/m^n]      [T.m/m^n]        []      
n=00:                                5.4943e-01    -2.4005e-01   +1.0000e+00  |      ---           ---           ---     
n=01:                                7.1884e+00    +3.2204e+00   -1.6098e-01  |      ---           ---           ---     
n=02:                                6.1430e+00    +8.8010e-01   -5.2794e-04  |      ---           ---           ---     
n=03:                                8.2494e+01    -2.6849e+01   +1.9327e-04  |      ---           ---           ---     
n=04:                                1.2681e+04    -1.2801e+03   +1.1058e-04  |      ---           ---           ---     
n=05:                                1.6170e+05    -3.1631e+04   +3.2788e-05  |      ---           ---           ---     
n=06:                                8.2724e+07    +7.8859e+06   -9.8092e-05  |      ---           ---           ---     
