--- multipoles on reference trajectory (rz > 0) ---
effective_length:                   435.2464125872883 mm
perpendicular_grid:                 41 points in [-10.000000,+10.000000] mm
max_fitting_error_normal            0.061/4879.925 G/G
max_fitting_error_skew              345.637/345.637 G/G
r0_for_relative_multipoles          12 mm
main_monomial                       n = 0, skew:False
                                       Nn(s=0)      Integ_Nn     Nn/N0(@r0)   |    Sn(s=0)      Integ_Sn     Sn/S0(@r0)  
<multipole_order n>                    [T/m^n]      [T.m/m^n]        []       |    [T/m^n]      [T.m/m^n]        []      
n=00:                                5.5304e-01    -2.4071e-01   +1.0000e+00  |      ---           ---           ---     
n=01:                                7.2562e+00    +3.2364e+00   -1.6135e-01  |      ---           ---           ---     
n=02:                                5.0307e+00    +1.0588e+00   -6.3340e-04  |      ---           ---           ---     
n=03:                                9.2745e+01    -9.4430e+00   +6.7790e-05  |      ---           ---           ---     
n=04:                                2.2722e+04    -1.0910e+03   +9.3981e-05  |      ---           ---           ---     
n=05:                                9.5493e+05    -7.3502e+04   +7.5983e-05  |      ---           ---           ---     
n=06:                                1.5331e+08    +7.5782e+05   -9.4008e-06  |      ---           ---           ---     
