--- multipoles on reference trajectory (rz > 0) ---
effective_length:                   436.59175069971747 mm
perpendicular_grid:                 41 points in [-10.000000,+10.000000] mm
max_fitting_error_normal            0.036/6062.091 G/G
max_fitting_error_skew              311.861/311.861 G/G
r0_for_relative_multipoles          12 mm
main_monomial                       n = 0, skew:False
                                       Nn(s=0)      Integ_Nn     Nn/N0(@r0)   |    Sn(s=0)      Integ_Sn     Sn/S0(@r0)  
<multipole_order n>                    [T/m^n]      [T.m/m^n]        []       |    [T/m^n]      [T.m/m^n]        []      
n=00:                                5.2220e-01    -2.2799e-01   +1.0000e+00  |      ---           ---           ---     
n=01:                                6.8490e+00    +3.0632e+00   -1.6123e-01  |      ---           ---           ---     
n=02:                                4.6812e+00    +8.5903e-01   -5.4258e-04  |      ---           ---           ---     
n=03:                                8.1601e+01    -4.1286e+01   +3.1292e-04  |      ---           ---           ---     
n=04:                                7.7768e+03    -1.6414e+03   +1.4929e-04  |      ---           ---           ---     
n=05:                                1.4123e+05    +5.1260e+04   -5.5947e-05  |      ---           ---           ---     
n=06:                                4.4328e+07    +6.4022e+06   -8.3850e-05  |      ---           ---           ---     
