--- multipoles on reference trajectory (rz > 0) ---
effective_length:                   436.66773480241886 mm
perpendicular_grid:                 41 points in [-10.000000,+10.000000] mm
max_fitting_error_normal            0.050/5811.864 G/G
max_fitting_error_skew              330.980/330.980 G/G
r0_for_relative_multipoles          12 mm
main_monomial                       n = 0, skew:False
                                       Nn(s=0)      Integ_Nn     Nn/N0(@r0)   |    Sn(s=0)      Integ_Sn     Sn/S0(@r0)  
<multipole_order n>                    [T/m^n]      [T.m/m^n]        []       |    [T/m^n]      [T.m/m^n]        []      
n=00:                                5.5391e-01    -2.4188e-01   +1.0000e+00  |      ---           ---           ---     
n=01:                                7.2195e+00    +3.2309e+00   -1.6029e-01  |      ---           ---           ---     
n=02:                                6.6833e+00    +1.0724e+00   -6.3846e-04  |      ---           ---           ---     
n=03:                                4.1682e+01    -2.5185e+00   +1.7992e-05  |      ---           ---           ---     
n=04:                                1.5440e+04    -1.5713e+03   +1.3470e-04  |      ---           ---           ---     
n=05:                                1.9470e+05    -1.8778e+05   +1.9318e-04  |      ---           ---           ---     
n=06:                                8.2859e+07    +4.5591e+06   -5.6283e-05  |      ---           ---           ---     
