--- multipoles on reference trajectory (rz > 0) ---
effective_length:                   435.85075990365107 mm
perpendicular_grid:                 41 points in [-10.000000,+10.000000] mm
max_fitting_error_normal            0.029/3358.651 G/G
max_fitting_error_skew              340.064/340.064 G/G
r0_for_relative_multipoles          12 mm
main_monomial                       n = 0, skew:False
                                       Nn(s=0)      Integ_Nn     Nn/N0(@r0)   |    Sn(s=0)      Integ_Sn     Sn/S0(@r0)  
<multipole_order n>                    [T/m^n]      [T.m/m^n]        []       |    [T/m^n]      [T.m/m^n]        []      
n=00:                                5.5113e-01    -2.4021e-01   +1.0000e+00  |      ---           ---           ---     
n=01:                                7.1983e+00    +3.2195e+00   -1.6083e-01  |      ---           ---           ---     
n=02:                                5.6042e+00    +8.4455e-01   -5.0629e-04  |      ---           ---           ---     
n=03:                                5.8510e+01    -3.6660e+01   +2.6372e-04  |      ---           ---           ---     
n=04:                                3.0830e+03    -2.0592e+02   +1.7775e-05  |      ---           ---           ---     
n=05:                                1.2516e+04    -1.6287e+04   +1.6872e-05  |      ---           ---           ---     
n=06:                                3.9070e+07    +4.6162e+06   -5.7383e-05  |      ---           ---           ---     
