--- multipoles on reference trajectory (rz > 0) ---
effective_length:                   435.00366891616756 mm
perpendicular_grid:                 41 points in [-10.000000,+10.000000] mm
max_fitting_error_normal            0.027/5487.897 G/G
max_fitting_error_skew              335.644/335.644 G/G
r0_for_relative_multipoles          12 mm
main_monomial                       n = 0, skew:False
                                       Nn(s=0)      Integ_Nn     Nn/N0(@r0)   |    Sn(s=0)      Integ_Sn     Sn/S0(@r0)  
<multipole_order n>                    [T/m^n]      [T.m/m^n]        []       |    [T/m^n]      [T.m/m^n]        []      
n=00:                                5.5255e-01    -2.4036e-01   +1.0000e+00  |      ---           ---           ---     
n=01:                                7.2520e+00    +3.2257e+00   -1.6104e-01  |      ---           ---           ---     
n=02:                                5.7427e+00    +9.5578e-01   -5.7261e-04  |      ---           ---           ---     
n=03:                                1.5575e+01    -1.7131e+01   +1.2316e-04  |      ---           ---           ---     
n=04:                                8.4873e+03    -1.7108e+03   +1.4759e-04  |      ---           ---           ---     
n=05:                                5.0714e+05    -8.6943e+04   +9.0007e-05  |      ---           ---           ---     
n=06:                                4.3262e+07    +4.9003e+06   -6.0876e-05  |      ---           ---           ---     
