--- multipoles on reference trajectory (rz > 0) ---
effective_length:                   436.71708241922505 mm
perpendicular_grid:                 41 points in [-10.000000,+10.000000] mm
max_fitting_error_normal            0.039/5109.292 G/G
max_fitting_error_skew              375.596/375.596 G/G
r0_for_relative_multipoles          12 mm
main_monomial                       n = 0, skew:False
                                       Nn(s=0)      Integ_Nn     Nn/N0(@r0)   |    Sn(s=0)      Integ_Sn     Sn/S0(@r0)  
<multipole_order n>                    [T/m^n]      [T.m/m^n]        []       |    [T/m^n]      [T.m/m^n]        []      
n=00:                                5.7825e-01    -2.5253e-01   +1.0000e+00  |      ---           ---           ---     
n=01:                                7.5363e+00    +3.3773e+00   -1.6049e-01  |      ---           ---           ---     
n=02:                                5.8784e+00    +1.1164e+00   -6.3660e-04  |      ---           ---           ---     
n=03:                                1.0612e+02    -4.9494e+01   +3.3867e-04  |      ---           ---           ---     
n=04:                                1.2901e+04    +5.3834e+02   -4.4204e-05  |      ---           ---           ---     
n=05:                                2.1880e+05    +1.3220e+05   -1.3027e-04  |      ---           ---           ---     
n=06:                                5.6304e+07    -6.3074e+06   +7.4579e-05  |      ---           ---           ---     
