--- multipoles on reference trajectory (rz > 0) ---
effective_length:                   434.98996596731297 mm
perpendicular_grid:                 41 points in [-10.000000,+10.000000] mm
max_fitting_error_normal            0.050/5112.328 G/G
max_fitting_error_skew              375.263/375.263 G/G
r0_for_relative_multipoles          12 mm
main_monomial                       n = 0, skew:False
                                       Nn(s=0)      Integ_Nn     Nn/N0(@r0)   |    Sn(s=0)      Integ_Sn     Sn/S0(@r0)  
<multipole_order n>                    [T/m^n]      [T.m/m^n]        []       |    [T/m^n]      [T.m/m^n]        []      
n=00:                                5.8035e-01    -2.5245e-01   +1.0000e+00  |      ---           ---           ---     
n=01:                                7.6042e+00    +3.3763e+00   -1.6049e-01  |      ---           ---           ---     
n=02:                                5.1148e+00    +1.1433e+00   -6.5217e-04  |      ---           ---           ---     
n=03:                                1.8512e+02    -6.5488e+01   +4.4827e-04  |      ---           ---           ---     
n=04:                                5.3334e+03    -3.3556e+03   +2.7563e-04  |      ---           ---           ---     
n=05:                                7.3900e+05    +1.4643e+05   -1.4433e-04  |      ---           ---           ---     
n=06:                                6.6026e+07    +1.8831e+07   -2.2274e-04  |      ---           ---           ---     
