--- multipoles on reference trajectory (rz > 0) ---
effective_length:                   435.3836937229744 mm
perpendicular_grid:                 41 points in [-10.000000,+10.000000] mm
max_fitting_error_normal            0.048/4023.221 G/G
max_fitting_error_skew              319.354/319.354 G/G
r0_for_relative_multipoles          12 mm
main_monomial                       n = 0, skew:False
                                       Nn(s=0)      Integ_Nn     Nn/N0(@r0)   |    Sn(s=0)      Integ_Sn     Sn/S0(@r0)  
<multipole_order n>                    [T/m^n]      [T.m/m^n]        []       |    [T/m^n]      [T.m/m^n]        []      
n=00:                                5.2365e-01    -2.2799e-01   +1.0000e+00  |      ---           ---           ---     
n=01:                                6.8624e+00    +3.0609e+00   -1.6111e-01  |      ---           ---           ---     
n=02:                                5.1804e+00    +9.7166e-01   -6.1371e-04  |      ---           ---           ---     
n=03:                                7.6227e+01    -3.6433e+01   +2.7614e-04  |      ---           ---           ---     
n=04:                                1.5392e+03    -2.6809e+03   +2.4383e-04  |      ---           ---           ---     
n=05:                                2.0829e+05    +6.3638e+04   -6.9456e-05  |      ---           ---           ---     
n=06:                                1.2846e+06    +1.3957e+07   -1.8279e-04  |      ---           ---           ---     
