--- multipoles on reference trajectory (rz > 0) ---
effective_length:                   435.94811804603324 mm
perpendicular_grid:                 41 points in [-10.000000,+10.000000] mm
max_fitting_error_normal            0.062/4653.251 G/G
max_fitting_error_skew              372.755/372.755 G/G
r0_for_relative_multipoles          12 mm
main_monomial                       n = 0, skew:False
                                       Nn(s=0)      Integ_Nn     Nn/N0(@r0)   |    Sn(s=0)      Integ_Sn     Sn/S0(@r0)  
<multipole_order n>                    [T/m^n]      [T.m/m^n]        []       |    [T/m^n]      [T.m/m^n]        []      
n=00:                                5.7675e-01    -2.5143e-01   +1.0000e+00  |      ---           ---           ---     
n=01:                                7.5530e+00    +3.3714e+00   -1.6090e-01  |      ---           ---           ---     
n=02:                                6.5313e+00    +1.0120e+00   -5.7962e-04  |      ---           ---           ---     
n=03:                                5.0824e+01    -2.7865e+01   +1.9151e-04  |      ---           ---           ---     
n=04:                                1.4658e+04    -3.5027e+03   +2.8888e-04  |      ---           ---           ---     
n=05:                                2.7920e+05    -1.0973e+05   +1.0860e-04  |      ---           ---           ---     
n=06:                                6.7616e+07    +1.2343e+07   -1.4658e-04  |      ---           ---           ---     
