--- multipoles on reference trajectory (rz > 0) ---
effective_length:                   426.2688729186922 mm
perpendicular_grid:                 41 points in [-10.000000,+10.000000] mm
max_fitting_error_normal            0.016/4962.555 G/G
max_fitting_error_skew              0.000/0.000 G/G
r0_for_relative_multipoles          12 mm
main_monomial                       n = 0, skew:False
                                       Nn(s=0)      Integ_Nn     Nn/N0(@r0)   |    Sn(s=0)      Integ_Sn     Sn/S0(@r0)  
<multipole_order n>                    [T/m^n]      [T.m/m^n]        []       |    [T/m^n]      [T.m/m^n]        []      
n=00:                                5.6448e-01    -2.4062e-01   +1.0000e+00  |      ---           ---           ---     
n=01:                                7.6677e+00    +3.2546e+00   -1.6231e-01  |      ---           ---           ---     
n=02:                                2.8303e+00    -1.0344e+00   +6.1906e-04  |      ---           ---           ---     
n=03:                                2.0423e+02    -9.9745e+01   +7.1631e-04  |      ---           ---           ---     
n=04:                                4.1594e+03    -1.4651e+03   +1.2626e-04  |      ---           ---           ---     
n=05:                                1.0854e+05    -2.0277e+04   +2.0969e-05  |      ---           ---           ---     
n=06:                                7.0584e+06    +8.4210e+05   -1.0450e-05  |      ---           ---           ---     
