--- multipoles on reference trajectory (rz > 0) ---
effective_length:                   435.08017023102303 mm
perpendicular_grid:                 41 points in [-10.000000,+10.000000] mm
max_fitting_error_normal            0.043/4557.035 G/G
max_fitting_error_skew              325.790/325.790 G/G
r0_for_relative_multipoles          12 mm
main_monomial                       n = 0, skew:False
                                       Nn(s=0)      Integ_Nn     Nn/N0(@r0)   |    Sn(s=0)      Integ_Sn     Sn/S0(@r0)  
<multipole_order n>                    [T/m^n]      [T.m/m^n]        []       |    [T/m^n]      [T.m/m^n]        []      
n=00:                                5.2505e-01    -2.2844e-01   +1.0000e+00  |      ---           ---           ---     
n=01:                                6.8894e+00    +3.0652e+00   -1.6102e-01  |      ---           ---           ---     
n=02:                                3.8201e+00    +7.5919e-01   -4.7857e-04  |      ---           ---           ---     
n=03:                                9.9965e+00    -3.1756e+01   +2.4021e-04  |      ---           ---           ---     
n=04:                                2.9654e+04    +3.7394e+03   -3.3944e-04  |      ---           ---           ---     
n=05:                                3.8313e+05    +2.2277e+04   -2.4265e-05  |      ---           ---           ---     
n=06:                                1.8168e+08    -2.4188e+07   +3.1617e-04  |      ---           ---           ---     
