--- multipoles on reference trajectory (rz > 0) ---
effective_length:                   435.9173207527379 mm
perpendicular_grid:                 41 points in [-10.000000,+10.000000] mm
max_fitting_error_normal            0.039/6392.848 G/G
max_fitting_error_skew              337.485/337.485 G/G
r0_for_relative_multipoles          12 mm
main_monomial                       n = 0, skew:False
                                       Nn(s=0)      Integ_Nn     Nn/N0(@r0)   |    Sn(s=0)      Integ_Sn     Sn/S0(@r0)  
<multipole_order n>                    [T/m^n]      [T.m/m^n]        []       |    [T/m^n]      [T.m/m^n]        []      
n=00:                                5.5147e-01    -2.4039e-01   +1.0000e+00  |      ---           ---           ---     
n=01:                                7.2021e+00    +3.2187e+00   -1.6067e-01  |      ---           ---           ---     
n=02:                                5.9366e+00    +1.0654e+00   -6.3822e-04  |      ---           ---           ---     
n=03:                                7.7901e+01    -5.2365e+01   +3.7641e-04  |      ---           ---           ---     
n=04:                                1.0004e+04    -3.1371e+03   +2.7060e-04  |      ---           ---           ---     
n=05:                                1.3507e+04    +8.8050e+04   -9.1141e-05  |      ---           ---           ---     
n=06:                                7.1505e+07    +1.2759e+07   -1.5848e-04  |      ---           ---           ---     
