--- multipoles on reference trajectory (rz > 0) ---
effective_length:                   436.7303447011771 mm
perpendicular_grid:                 41 points in [-10.000000,+10.000000] mm
max_fitting_error_normal            0.025/4873.259 G/G
max_fitting_error_skew              337.945/337.945 G/G
r0_for_relative_multipoles          12 mm
main_monomial                       n = 0, skew:False
                                       Nn(s=0)      Integ_Nn     Nn/N0(@r0)   |    Sn(s=0)      Integ_Sn     Sn/S0(@r0)  
<multipole_order n>                    [T/m^n]      [T.m/m^n]        []       |    [T/m^n]      [T.m/m^n]        []      
n=00:                                5.5227e-01    -2.4119e-01   +1.0000e+00  |      ---           ---           ---     
n=01:                                7.2417e+00    +3.2398e+00   -1.6119e-01  |      ---           ---           ---     
n=02:                                4.8867e+00    +7.2528e-01   -4.3302e-04  |      ---           ---           ---     
n=03:                                3.5712e+01    -1.6920e+01   +1.2122e-04  |      ---           ---           ---     
n=04:                                9.6632e+03    +2.7189e+03   -2.3375e-04  |      ---           ---           ---     
n=05:                                7.6126e+04    -7.8259e+04   +8.0738e-05  |      ---           ---           ---     
n=06:                                4.3745e+07    -1.3390e+07   +1.6577e-04  |      ---           ---           ---     
