--- multipoles on reference trajectory (rz > 0) ---
effective_length:                   434.8225802207789 mm
perpendicular_grid:                 41 points in [-10.000000,+10.000000] mm
max_fitting_error_normal            0.037/5088.350 G/G
max_fitting_error_skew              361.627/361.627 G/G
r0_for_relative_multipoles          12 mm
main_monomial                       n = 0, skew:False
                                       Nn(s=0)      Integ_Nn     Nn/N0(@r0)   |    Sn(s=0)      Integ_Sn     Sn/S0(@r0)  
<multipole_order n>                    [T/m^n]      [T.m/m^n]        []       |    [T/m^n]      [T.m/m^n]        []      
n=00:                                5.7801e-01    -2.5133e-01   +1.0000e+00  |      ---           ---           ---     
n=01:                                7.5759e+00    +3.3726e+00   -1.6103e-01  |      ---           ---           ---     
n=02:                                6.1842e+00    +1.2673e+00   -7.2608e-04  |      ---           ---           ---     
n=03:                                7.2107e+01    -1.9764e+01   +1.3588e-04  |      ---           ---           ---     
n=04:                                3.3216e+03    -1.9319e+03   +1.5939e-04  |      ---           ---           ---     
n=05:                                5.3838e+04    -4.1597e+04   +4.1183e-05  |      ---           ---           ---     
n=06:                                2.1781e+07    +5.8918e+06   -6.9997e-05  |      ---           ---           ---     
