--- multipoles on reference trajectory (rz > 0) ---
effective_length:                   435.2036515481545 mm
perpendicular_grid:                 41 points in [-10.000000,+10.000000] mm
max_fitting_error_normal            0.080/6693.256 G/G
max_fitting_error_skew              354.679/354.679 G/G
r0_for_relative_multipoles          12 mm
main_monomial                       n = 0, skew:False
                                       Nn(s=0)      Integ_Nn     Nn/N0(@r0)   |    Sn(s=0)      Integ_Sn     Sn/S0(@r0)  
<multipole_order n>                    [T/m^n]      [T.m/m^n]        []       |    [T/m^n]      [T.m/m^n]        []      
n=00:                                5.7841e-01    -2.5173e-01   +1.0000e+00  |      ---           ---           ---     
n=01:                                7.5857e+00    +3.3748e+00   -1.6088e-01  |      ---           ---           ---     
n=02:                                6.1704e+00    +1.2648e+00   -7.2353e-04  |      ---           ---           ---     
n=03:                                1.1955e+02    -3.1058e+01   +2.1320e-04  |      ---           ---           ---     
n=04:                                1.4908e+04    -7.8835e+03   +6.4940e-04  |      ---           ---           ---     
n=05:                                3.9177e+05    -1.0710e+05   +1.0587e-04  |      ---           ---           ---     
n=06:                                1.0503e+08    +4.7453e+07   -5.6289e-04  |      ---           ---           ---     
