--- multipoles on reference trajectory (rz > 0) ---
effective_length:                   435.32329300994047 mm
perpendicular_grid:                 41 points in [-10.000000,+10.000000] mm
max_fitting_error_normal            0.039/5484.914 G/G
max_fitting_error_skew              343.768/343.768 G/G
r0_for_relative_multipoles          12 mm
main_monomial                       n = 0, skew:False
                                       Nn(s=0)      Integ_Nn     Nn/N0(@r0)   |    Sn(s=0)      Integ_Sn     Sn/S0(@r0)  
<multipole_order n>                    [T/m^n]      [T.m/m^n]        []       |    [T/m^n]      [T.m/m^n]        []      
n=00:                                5.5277e-01    -2.4063e-01   +1.0000e+00  |      ---           ---           ---     
n=01:                                7.2700e+00    +3.2379e+00   -1.6147e-01  |      ---           ---           ---     
n=02:                                4.8146e+00    +8.6808e-01   -5.1948e-04  |      ---           ---           ---     
n=03:                                6.5933e+01    -3.3903e+01   +2.4346e-04  |      ---           ---           ---     
n=04:                                1.7644e+04    +2.2589e+03   -1.9466e-04  |      ---           ---           ---     
n=05:                                1.6824e+04    +3.5641e+04   -3.6855e-05  |      ---           ---           ---     
n=06:                                1.0702e+08    -1.4390e+07   +1.7856e-04  |      ---           ---           ---     
