--- multipoles on reference trajectory (rz > 0) ---
effective_length:                   434.65185295353376 mm
perpendicular_grid:                 41 points in [-10.000000,+10.000000] mm
max_fitting_error_normal            0.069/4864.061 G/G
max_fitting_error_skew              334.221/334.221 G/G
r0_for_relative_multipoles          12 mm
main_monomial                       n = 0, skew:False
                                       Nn(s=0)      Integ_Nn     Nn/N0(@r0)   |    Sn(s=0)      Integ_Sn     Sn/S0(@r0)  
<multipole_order n>                    [T/m^n]      [T.m/m^n]        []       |    [T/m^n]      [T.m/m^n]        []      
n=00:                                5.5096e-01    -2.3948e-01   +1.0000e+00  |      ---           ---           ---     
n=01:                                7.2435e+00    +3.2118e+00   -1.6094e-01  |      ---           ---           ---     
n=02:                                6.2743e+00    +1.0379e+00   -6.2407e-04  |      ---           ---           ---     
n=03:                                4.6791e-01    +2.4882e+00   -1.7954e-05  |      ---           ---           ---     
n=04:                                2.4912e+04    -2.7553e+03   +2.3857e-04  |      ---           ---           ---     
n=05:                                4.2526e+05    -2.8273e+05   +2.9378e-04  |      ---           ---           ---     
n=06:                                1.4096e+08    +1.0829e+07   -1.3502e-04  |      ---           ---           ---     
