--- multipoles on reference trajectory (rz > 0) ---
effective_length:                   434.8302468043115 mm
perpendicular_grid:                 41 points in [-10.000000,+10.000000] mm
max_fitting_error_normal            0.033/6707.251 G/G
max_fitting_error_skew              360.760/360.760 G/G
r0_for_relative_multipoles          12 mm
main_monomial                       n = 0, skew:False
                                       Nn(s=0)      Integ_Nn     Nn/N0(@r0)   |    Sn(s=0)      Integ_Sn     Sn/S0(@r0)  
<multipole_order n>                    [T/m^n]      [T.m/m^n]        []       |    [T/m^n]      [T.m/m^n]        []      
n=00:                                5.7889e-01    -2.5172e-01   +1.0000e+00  |      ---           ---           ---     
n=01:                                7.5512e+00    +3.3656e+00   -1.6045e-01  |      ---           ---           ---     
n=02:                                5.5971e+00    +9.8803e-01   -5.6522e-04  |      ---           ---           ---     
n=03:                                1.1415e+02    -4.9615e+01   +3.4060e-04  |      ---           ---           ---     
n=04:                                7.3137e+02    -3.3564e+03   +2.7649e-04  |      ---           ---           ---     
n=05:                                2.9277e+05    +7.4911e+04   -7.4051e-05  |      ---           ---           ---     
n=06:                                1.0642e+07    +1.8810e+07   -2.2313e-04  |      ---           ---           ---     
