--- multipoles on reference trajectory (rz > 0) ---
effective_length:                   436.97461657804814 mm
perpendicular_grid:                 41 points in [-10.000000,+10.000000] mm
max_fitting_error_normal            0.060/4092.913 G/G
max_fitting_error_skew              350.459/350.459 G/G
r0_for_relative_multipoles          12 mm
main_monomial                       n = 0, skew:False
                                       Nn(s=0)      Integ_Nn     Nn/N0(@r0)   |    Sn(s=0)      Integ_Sn     Sn/S0(@r0)  
<multipole_order n>                    [T/m^n]      [T.m/m^n]        []       |    [T/m^n]      [T.m/m^n]        []      
n=00:                                5.7826e-01    -2.5268e-01   +1.0000e+00  |      ---           ---           ---     
n=01:                                7.5269e+00    +3.3746e+00   -1.6026e-01  |      ---           ---           ---     
n=02:                                7.1099e+00    +1.0333e+00   -5.8887e-04  |      ---           ---           ---     
n=03:                                1.8018e+01    -7.3913e+00   +5.0546e-05  |      ---           ---           ---     
n=04:                                2.3246e+04    -7.6549e+02   +6.2819e-05  |      ---           ---           ---     
n=05:                                5.0796e+05    -1.4223e+05   +1.4006e-04  |      ---           ---           ---     
n=06:                                1.5291e+08    +1.9720e+06   -2.3304e-05  |      ---           ---           ---     
