--- multipoles on reference trajectory (rz > 0) ---
effective_length:                   435.86343862778074 mm
perpendicular_grid:                 41 points in [-10.000000,+10.000000] mm
max_fitting_error_normal            0.055/5088.180 G/G
max_fitting_error_skew              356.432/356.432 G/G
r0_for_relative_multipoles          12 mm
main_monomial                       n = 0, skew:False
                                       Nn(s=0)      Integ_Nn     Nn/N0(@r0)   |    Sn(s=0)      Integ_Sn     Sn/S0(@r0)  
<multipole_order n>                    [T/m^n]      [T.m/m^n]        []       |    [T/m^n]      [T.m/m^n]        []      
n=00:                                5.7688e-01    -2.5144e-01   +1.0000e+00  |      ---           ---           ---     
n=01:                                7.5450e+00    +3.3750e+00   -1.6107e-01  |      ---           ---           ---     
n=02:                                6.7100e+00    +1.0937e+00   -6.2638e-04  |      ---           ---           ---     
n=03:                                6.3416e+01    -3.8285e+01   +2.6311e-04  |      ---           ---           ---     
n=04:                                1.5017e+04    -3.5575e+03   +2.9338e-04  |      ---           ---           ---     
n=05:                                2.7619e+04    +4.9730e+03   -4.9214e-06  |      ---           ---           ---     
n=06:                                1.0719e+08    +2.4820e+07   -2.9475e-04  |      ---           ---           ---     
