--- multipoles on reference trajectory (rz > 0) ---
effective_length:                   434.3076756535809 mm
perpendicular_grid:                 41 points in [-10.000000,+10.000000] mm
max_fitting_error_normal            0.075/4855.503 G/G
max_fitting_error_skew              343.009/343.009 G/G
r0_for_relative_multipoles          12 mm
main_monomial                       n = 0, skew:False
                                       Nn(s=0)      Integ_Nn     Nn/N0(@r0)   |    Sn(s=0)      Integ_Sn     Sn/S0(@r0)  
<multipole_order n>                    [T/m^n]      [T.m/m^n]        []       |    [T/m^n]      [T.m/m^n]        []      
n=00:                                5.5177e-01    -2.3964e-01   +1.0000e+00  |      ---           ---           ---     
n=01:                                7.2625e+00    +3.2196e+00   -1.6122e-01  |      ---           ---           ---     
n=02:                                4.7616e+00    +8.8972e-01   -5.3463e-04  |      ---           ---           ---     
n=03:                                4.0533e+00    -2.2052e+01   +1.5902e-04  |      ---           ---           ---     
n=04:                                1.7345e+04    +8.0123e+02   -6.9331e-05  |      ---           ---           ---     
n=05:                                4.2700e+05    -2.0964e+04   +2.1769e-05  |      ---           ---           ---     
n=06:                                1.2621e+08    -8.0263e+06   +1.0001e-04  |      ---           ---           ---     
