--- multipoles on reference trajectory (rz > 0) ---
effective_length:                   435.4410797070508 mm
perpendicular_grid:                 41 points in [-10.000000,+10.000000] mm
max_fitting_error_normal            0.056/5779.164 G/G
max_fitting_error_skew              336.937/336.937 G/G
r0_for_relative_multipoles          12 mm
main_monomial                       n = 0, skew:False
                                       Nn(s=0)      Integ_Nn     Nn/N0(@r0)   |    Sn(s=0)      Integ_Sn     Sn/S0(@r0)  
<multipole_order n>                    [T/m^n]      [T.m/m^n]        []       |    [T/m^n]      [T.m/m^n]        []      
n=00:                                5.5182e-01    -2.4028e-01   +1.0000e+00  |      ---           ---           ---     
n=01:                                7.2029e+00    +3.2157e+00   -1.6059e-01  |      ---           ---           ---     
n=02:                                5.8734e+00    +9.0393e-01   -5.4171e-04  |      ---           ---           ---     
n=03:                                5.6788e+01    -9.0234e+00   +6.4891e-05  |      ---           ---           ---     
n=04:                                5.1316e+02    +1.0931e+03   -9.4330e-05  |      ---           ---           ---     
n=05:                                7.9246e+05    -1.8285e+05   +1.8935e-04  |      ---           ---           ---     
n=06:                                4.3001e+04    -7.0409e+06   +8.7497e-05  |      ---           ---           ---     
