--- multipoles on reference trajectory (rz > 0) ---
effective_length:                   435.11467943092094 mm
perpendicular_grid:                 41 points in [-10.000000,+10.000000] mm
max_fitting_error_normal            0.043/6709.302 G/G
max_fitting_error_skew              359.008/359.008 G/G
r0_for_relative_multipoles          12 mm
main_monomial                       n = 0, skew:False
                                       Nn(s=0)      Integ_Nn     Nn/N0(@r0)   |    Sn(s=0)      Integ_Sn     Sn/S0(@r0)  
<multipole_order n>                    [T/m^n]      [T.m/m^n]        []       |    [T/m^n]      [T.m/m^n]        []      
n=00:                                5.7936e-01    -2.5209e-01   +1.0000e+00  |      ---           ---           ---     
n=01:                                7.5844e+00    +3.3742e+00   -1.6062e-01  |      ---           ---           ---     
n=02:                                5.4247e+00    +1.0029e+00   -5.7287e-04  |      ---           ---           ---     
n=03:                                8.6635e+01    -3.2418e+01   +2.2222e-04  |      ---           ---           ---     
n=04:                                1.8965e+04    +2.4623e+02   -2.0254e-05  |      ---           ---           ---     
n=05:                                3.1997e+05    +3.0704e+04   -3.0308e-05  |      ---           ---           ---     
n=06:                                1.2059e+08    -6.0409e+06   +7.1554e-05  |      ---           ---           ---     
