--- multipoles on reference trajectory (rz > 0) ---
effective_length:                   436.20636755119017 mm
perpendicular_grid:                 41 points in [-10.000000,+10.000000] mm
max_fitting_error_normal            0.041/6056.148 G/G
max_fitting_error_skew              322.828/322.828 G/G
r0_for_relative_multipoles          12 mm
main_monomial                       n = 0, skew:False
                                       Nn(s=0)      Integ_Nn     Nn/N0(@r0)   |    Sn(s=0)      Integ_Sn     Sn/S0(@r0)  
<multipole_order n>                    [T/m^n]      [T.m/m^n]        []       |    [T/m^n]      [T.m/m^n]        []      
n=00:                                5.2265e-01    -2.2798e-01   +1.0000e+00  |      ---           ---           ---     
n=01:                                6.8493e+00    +3.0661e+00   -1.6139e-01  |      ---           ---           ---     
n=02:                                5.6213e+00    +8.7960e-01   -5.5558e-04  |      ---           ---           ---     
n=03:                                6.1709e+01    -3.9746e+01   +3.0125e-04  |      ---           ---           ---     
n=04:                                8.9246e+03    -2.3250e+03   +2.1147e-04  |      ---           ---           ---     
n=05:                                2.8890e+04    +3.2864e+04   -3.5869e-05  |      ---           ---           ---     
n=06:                                5.9020e+07    +1.2347e+07   -1.6171e-04  |      ---           ---           ---     
