--- multipoles on reference trajectory (rz > 0) ---
effective_length:                   435.07686107962985 mm
perpendicular_grid:                 41 points in [-10.000000,+10.000000] mm
max_fitting_error_normal            0.031/3145.761 G/G
max_fitting_error_skew              360.248/360.248 G/G
r0_for_relative_multipoles          12 mm
main_monomial                       n = 0, skew:False
                                       Nn(s=0)      Integ_Nn     Nn/N0(@r0)   |    Sn(s=0)      Integ_Sn     Sn/S0(@r0)  
<multipole_order n>                    [T/m^n]      [T.m/m^n]        []       |    [T/m^n]      [T.m/m^n]        []      
n=00:                                5.7769e-01    -2.5134e-01   +1.0000e+00  |      ---           ---           ---     
n=01:                                7.5624e+00    +3.3749e+00   -1.6113e-01  |      ---           ---           ---     
n=02:                                5.7482e+00    +8.8771e-01   -5.0859e-04  |      ---           ---           ---     
n=03:                                1.5356e+01    -2.9631e+01   +2.0372e-04  |      ---           ---           ---     
n=04:                                1.9066e+03    +3.4767e+02   -2.8683e-05  |      ---           ---           ---     
n=05:                                5.3928e+05    -2.5100e+03   +2.4849e-06  |      ---           ---           ---     
n=06:                                9.0393e+05    -1.5668e+06   +1.8614e-05  |      ---           ---           ---     
