--- multipoles on reference trajectory (rz > 0) ---
effective_length:                   436.1400230045855 mm
perpendicular_grid:                 41 points in [-10.000000,+10.000000] mm
max_fitting_error_normal            0.025/6056.328 G/G
max_fitting_error_skew              321.237/321.237 G/G
r0_for_relative_multipoles          12 mm
main_monomial                       n = 0, skew:False
                                       Nn(s=0)      Integ_Nn     Nn/N0(@r0)   |    Sn(s=0)      Integ_Sn     Sn/S0(@r0)  
<multipole_order n>                    [T/m^n]      [T.m/m^n]        []       |    [T/m^n]      [T.m/m^n]        []      
n=00:                                5.2241e-01    -2.2784e-01   +1.0000e+00  |      ---           ---           ---     
n=01:                                6.8391e+00    +3.0656e+00   -1.6146e-01  |      ---           ---           ---     
n=02:                                5.8894e+00    +9.2919e-01   -5.8726e-04  |      ---           ---           ---     
n=03:                                1.1103e+01    -1.5602e+01   +1.1833e-04  |      ---           ---           ---     
n=04:                                1.5899e+03    -1.3656e+02   +1.2429e-05  |      ---           ---           ---     
n=05:                                1.7319e+05    -4.3981e+04   +4.8032e-05  |      ---           ---           ---     
n=06:                                5.0866e+06    -2.4681e+06   +3.2346e-05  |      ---           ---           ---     
