--- multipoles on reference trajectory (rz > 0) ---
effective_length:                   435.3590728664958 mm
perpendicular_grid:                 41 points in [-10.000000,+10.000000] mm
max_fitting_error_normal            0.039/4891.223 G/G
max_fitting_error_skew              345.070/345.070 G/G
r0_for_relative_multipoles          12 mm
main_monomial                       n = 0, skew:False
                                       Nn(s=0)      Integ_Nn     Nn/N0(@r0)   |    Sn(s=0)      Integ_Sn     Sn/S0(@r0)  
<multipole_order n>                    [T/m^n]      [T.m/m^n]        []       |    [T/m^n]      [T.m/m^n]        []      
n=00:                                5.5504e-01    -2.4164e-01   +1.0000e+00  |      ---           ---           ---     
n=01:                                7.2669e+00    +3.2373e+00   -1.6076e-01  |      ---           ---           ---     
n=02:                                4.8764e+00    +9.0663e-01   -5.4028e-04  |      ---           ---           ---     
n=03:                                7.9795e+01    -3.5719e+01   +2.5543e-04  |      ---           ---           ---     
n=04:                                1.7762e+04    +1.9849e+03   -1.7033e-04  |      ---           ---           ---     
n=05:                                1.3174e+05    +5.2157e+04   -5.3708e-05  |      ---           ---           ---     
n=06:                                1.0895e+08    -1.2687e+07   +1.5677e-04  |      ---           ---           ---     
