--- multipoles on reference trajectory (rz > 0) ---
effective_length:                   434.6687562176984 mm
perpendicular_grid:                 41 points in [-10.000000,+10.000000] mm
max_fitting_error_normal            0.052/6424.538 G/G
max_fitting_error_skew              349.761/349.761 G/G
r0_for_relative_multipoles          12 mm
main_monomial                       n = 0, skew:False
                                       Nn(s=0)      Integ_Nn     Nn/N0(@r0)   |    Sn(s=0)      Integ_Sn     Sn/S0(@r0)  
<multipole_order n>                    [T/m^n]      [T.m/m^n]        []       |    [T/m^n]      [T.m/m^n]        []      
n=00:                                5.5395e-01    -2.4078e-01   +1.0000e+00  |      ---           ---           ---     
n=01:                                7.2420e+00    +3.2295e+00   -1.6095e-01  |      ---           ---           ---     
n=02:                                6.1801e+00    +1.1750e+00   -7.0269e-04  |      ---           ---           ---     
n=03:                                2.7939e+01    -3.4947e+01   +2.5080e-04  |      ---           ---           ---     
n=04:                                3.1230e+03    -1.6163e+03   +1.3919e-04  |      ---           ---           ---     
n=05:                                2.0178e+05    +5.3898e+04   -5.5700e-05  |      ---           ---           ---     
n=06:                                3.4300e+07    +3.7756e+06   -4.6822e-05  |      ---           ---           ---     
