--- multipoles on reference trajectory (rz > 0) ---
effective_length:                   435.4942088942496 mm
perpendicular_grid:                 41 points in [-10.000000,+10.000000] mm
max_fitting_error_normal            0.038/6062.267 G/G
max_fitting_error_skew              315.801/315.801 G/G
r0_for_relative_multipoles          12 mm
main_monomial                       n = 0, skew:False
                                       Nn(s=0)      Integ_Nn     Nn/N0(@r0)   |    Sn(s=0)      Integ_Sn     Sn/S0(@r0)  
<multipole_order n>                    [T/m^n]      [T.m/m^n]        []       |    [T/m^n]      [T.m/m^n]        []      
n=00:                                5.2342e-01    -2.2795e-01   +1.0000e+00  |      ---           ---           ---     
n=01:                                6.8835e+00    +3.0650e+00   -1.6135e-01  |      ---           ---           ---     
n=02:                                5.8767e+00    +1.0586e+00   -6.6875e-04  |      ---           ---           ---     
n=03:                                1.2636e+02    -2.1106e+01   +1.5999e-04  |      ---           ---           ---     
n=04:                                1.5681e+04    -3.3612e+03   +3.0576e-04  |      ---           ---           ---     
n=05:                                5.3931e+05    -4.3732e+04   +4.7739e-05  |      ---           ---           ---     
n=06:                                9.0174e+07    +1.5965e+07   -2.0913e-04  |      ---           ---           ---     
