--- multipoles on reference trajectory (rz > 0) ---
effective_length:                   435.4874115657085 mm
perpendicular_grid:                 41 points in [-10.000000,+10.000000] mm
max_fitting_error_normal            0.057/6074.877 G/G
max_fitting_error_skew              326.252/326.252 G/G
r0_for_relative_multipoles          12 mm
main_monomial                       n = 0, skew:False
                                       Nn(s=0)      Integ_Nn     Nn/N0(@r0)   |    Sn(s=0)      Integ_Sn     Sn/S0(@r0)  
<multipole_order n>                    [T/m^n]      [T.m/m^n]        []       |    [T/m^n]      [T.m/m^n]        []      
n=00:                                5.2495e-01    -2.2861e-01   +1.0000e+00  |      ---           ---           ---     
n=01:                                6.8779e+00    +3.0615e+00   -1.6070e-01  |      ---           ---           ---     
n=02:                                4.8987e+00    +1.0735e+00   -6.7620e-04  |      ---           ---           ---     
n=03:                                1.4414e+02    -2.8519e+01   +2.1556e-04  |      ---           ---           ---     
n=04:                                6.3512e+03    -8.1435e+03   +7.3866e-04  |      ---           ---           ---     
n=05:                                7.5276e+05    -1.5262e+04   +1.6612e-05  |      ---           ---           ---     
n=06:                                6.7772e+07    +4.9060e+07   -6.4080e-04  |      ---           ---           ---     
