--- multipoles on reference trajectory (rz > 0) ---
effective_length:                   434.6288937447219 mm
perpendicular_grid:                 41 points in [-10.000000,+10.000000] mm
max_fitting_error_normal            0.043/4878.009 G/G
max_fitting_error_skew              347.427/347.427 G/G
r0_for_relative_multipoles          12 mm
main_monomial                       n = 0, skew:False
                                       Nn(s=0)      Integ_Nn     Nn/N0(@r0)   |    Sn(s=0)      Integ_Sn     Sn/S0(@r0)  
<multipole_order n>                    [T/m^n]      [T.m/m^n]        []       |    [T/m^n]      [T.m/m^n]        []      
n=00:                                5.5361e-01    -2.4062e-01   +1.0000e+00  |      ---           ---           ---     
n=01:                                7.2504e+00    +3.2203e+00   -1.6060e-01  |      ---           ---           ---     
n=02:                                5.0401e+00    +7.2100e-01   -4.3149e-04  |      ---           ---           ---     
n=03:                                1.8880e+01    -3.1981e+01   +2.2967e-04  |      ---           ---           ---     
n=04:                                4.4751e+03    +4.1149e+03   -3.5462e-04  |      ---           ---           ---     
n=05:                                4.4285e+05    -5.5916e+03   +5.7826e-06  |      ---           ---           ---     
n=06:                                2.3946e+07    -2.1907e+07   +2.7186e-04  |      ---           ---           ---     
