--- multipoles on reference trajectory (rz > 0) ---
effective_length:                   435.3382513340688 mm
perpendicular_grid:                 41 points in [-10.000000,+10.000000] mm
max_fitting_error_normal            0.043/4622.798 G/G
max_fitting_error_skew              327.203/327.203 G/G
r0_for_relative_multipoles          12 mm
main_monomial                       n = 0, skew:False
                                       Nn(s=0)      Integ_Nn     Nn/N0(@r0)   |    Sn(s=0)      Integ_Sn     Sn/S0(@r0)  
<multipole_order n>                    [T/m^n]      [T.m/m^n]        []       |    [T/m^n]      [T.m/m^n]        []      
n=00:                                5.2493e-01    -2.2852e-01   +1.0000e+00  |      ---           ---           ---     
n=01:                                6.8819e+00    +3.0637e+00   -1.6088e-01  |      ---           ---           ---     
n=02:                                3.8882e+00    +6.8158e-01   -4.2949e-04  |      ---           ---           ---     
n=03:                                4.2008e+01    -1.8748e+01   +1.4176e-04  |      ---           ---           ---     
n=04:                                2.7952e+04    +4.1436e+03   -3.7599e-04  |      ---           ---           ---     
n=05:                                4.8677e+04    -7.4953e+04   +8.1614e-05  |      ---           ---           ---     
n=06:                                1.5783e+08    -2.2150e+07   +2.8943e-04  |      ---           ---           ---     
