--- multipoles on reference trajectory (rz > 0) ---
effective_length:                   434.6675501923707 mm
perpendicular_grid:                 41 points in [-10.000000,+10.000000] mm
max_fitting_error_normal            0.046/6391.605 G/G
max_fitting_error_skew              348.225/348.225 G/G
r0_for_relative_multipoles          12 mm
main_monomial                       n = 0, skew:False
                                       Nn(s=0)      Integ_Nn     Nn/N0(@r0)   |    Sn(s=0)      Integ_Sn     Sn/S0(@r0)  
<multipole_order n>                    [T/m^n]      [T.m/m^n]        []       |    [T/m^n]      [T.m/m^n]        []      
n=00:                                5.5153e-01    -2.3973e-01   +1.0000e+00  |      ---           ---           ---     
n=01:                                7.2105e+00    +3.2155e+00   -1.6095e-01  |      ---           ---           ---     
n=02:                                5.1659e+00    +9.2402e-01   -5.5503e-04  |      ---           ---           ---     
n=03:                                1.4729e+01    -3.0359e+01   +2.1883e-04  |      ---           ---           ---     
n=04:                                1.3899e+04    +2.7280e+03   -2.3596e-04  |      ---           ---           ---     
n=05:                                4.9932e+05    +1.4378e+03   -1.4923e-06  |      ---           ---           ---     
n=06:                                6.6192e+07    -1.7598e+07   +2.1920e-04  |      ---           ---           ---     
