--- multipoles on reference trajectory (rz > 0) ---
effective_length:                   436.73175200855826 mm
perpendicular_grid:                 41 points in [-10.000000,+10.000000] mm
max_fitting_error_normal            0.025/4874.183 G/G
max_fitting_error_skew              337.993/337.993 G/G
r0_for_relative_multipoles          12 mm
main_monomial                       n = 0, skew:False
                                       Nn(s=0)      Integ_Nn     Nn/N0(@r0)   |    Sn(s=0)      Integ_Sn     Sn/S0(@r0)  
<multipole_order n>                    [T/m^n]      [T.m/m^n]        []       |    [T/m^n]      [T.m/m^n]        []      
n=00:                                5.5235e-01    -2.4123e-01   +1.0000e+00  |      ---           ---           ---     
n=01:                                7.2415e+00    +3.2398e+00   -1.6116e-01  |      ---           ---           ---     
n=02:                                4.8883e+00    +7.2570e-01   -4.3320e-04  |      ---           ---           ---     
n=03:                                3.6113e+01    -1.7036e+01   +1.2203e-04  |      ---           ---           ---     
n=04:                                9.6557e+03    +2.7302e+03   -2.3469e-04  |      ---           ---           ---     
n=05:                                7.3644e+04    -7.7447e+04   +7.9888e-05  |      ---           ---           ---     
n=06:                                4.3645e+07    -1.3446e+07   +1.6643e-04  |      ---           ---           ---     
