--- multipoles on reference trajectory (rz > 0) ---
effective_length:                   433.47588880904226 mm
perpendicular_grid:                 41 points in [-10.000000,+10.000000] mm
max_fitting_error_normal            0.024/4851.861 G/G
max_fitting_error_skew              337.337/337.337 G/G
r0_for_relative_multipoles          12 mm
main_monomial                       n = 0, skew:False
                                       Nn(s=0)      Integ_Nn     Nn/N0(@r0)   |    Sn(s=0)      Integ_Sn     Sn/S0(@r0)  
<multipole_order n>                    [T/m^n]      [T.m/m^n]        []       |    [T/m^n]      [T.m/m^n]        []      
n=00:                                5.5203e-01    -2.3929e-01   +1.0000e+00  |      ---           ---           ---     
n=01:                                7.2803e+00    +3.2144e+00   -1.6120e-01  |      ---           ---           ---     
n=02:                                4.5440e+00    +7.3440e-01   -4.4194e-04  |      ---           ---           ---     
n=03:                                2.2565e+00    -1.3172e+01   +9.5118e-05  |      ---           ---           ---     
n=04:                                6.4446e+02    +1.7272e+03   -1.4967e-04  |      ---           ---           ---     
n=05:                                2.9523e+05    -1.0855e+05   +1.1288e-04  |      ---           ---           ---     
n=06:                                9.4822e+06    -1.2172e+07   +1.5188e-04  |      ---           ---           ---     
