--- multipoles on reference trajectory (rz > 0) ---
effective_length:                   435.358599143491 mm
perpendicular_grid:                 41 points in [-10.000000,+10.000000] mm
max_fitting_error_normal            0.037/6369.208 G/G
max_fitting_error_skew              343.649/343.649 G/G
r0_for_relative_multipoles          12 mm
main_monomial                       n = 0, skew:False
                                       Nn(s=0)      Integ_Nn     Nn/N0(@r0)   |    Sn(s=0)      Integ_Sn     Sn/S0(@r0)  
<multipole_order n>                    [T/m^n]      [T.m/m^n]        []       |    [T/m^n]      [T.m/m^n]        []      
n=00:                                5.5029e-01    -2.3957e-01   +1.0000e+00  |      ---           ---           ---     
n=01:                                7.2351e+00    +3.2209e+00   -1.6133e-01  |      ---           ---           ---     
n=02:                                5.7461e+00    +9.3134e-01   -5.5980e-04  |      ---           ---           ---     
n=03:                                8.2922e+01    -2.1681e+01   +1.5638e-04  |      ---           ---           ---     
n=04:                                4.2231e+02    +1.0508e+03   -9.0950e-05  |      ---           ---           ---     
n=05:                                2.9291e+05    +7.1897e+03   -7.4675e-06  |      ---           ---           ---     
n=06:                                3.6305e+06    -7.8908e+06   +9.8348e-05  |      ---           ---           ---     
