--- multipoles on reference trajectory (rz > 0) ---
effective_length:                   433.7404222231924 mm
perpendicular_grid:                 41 points in [-10.000000,+10.000000] mm
max_fitting_error_normal            0.062/6073.801 G/G
max_fitting_error_skew              316.116/316.116 G/G
r0_for_relative_multipoles          12 mm
main_monomial                       n = 0, skew:False
                                       Nn(s=0)      Integ_Nn     Nn/N0(@r0)   |    Sn(s=0)      Integ_Sn     Sn/S0(@r0)  
<multipole_order n>                    [T/m^n]      [T.m/m^n]        []       |    [T/m^n]      [T.m/m^n]        []      
n=00:                                5.2578e-01    -2.2805e-01   +1.0000e+00  |      ---           ---           ---     
n=01:                                6.9313e+00    +3.0574e+00   -1.6088e-01  |      ---           ---           ---     
n=02:                                3.5891e+00    +7.8971e-01   -4.9865e-04  |      ---           ---           ---     
n=03:                                9.2736e+01    -4.2381e+01   +3.2113e-04  |      ---           ---           ---     
n=04:                                1.4508e+04    +1.0679e+03   -9.7102e-05  |      ---           ---           ---     
n=05:                                2.8272e+05    +1.2756e+05   -1.3918e-04  |      ---           ---           ---     
n=06:                                9.6418e+07    -1.2568e+07   +1.6456e-04  |      ---           ---           ---     
