--- multipoles on reference trajectory (rz > 0) ---
effective_length:                   435.5987777903393 mm
perpendicular_grid:                 41 points in [-10.000000,+10.000000] mm
max_fitting_error_normal            0.054/4577.398 G/G
max_fitting_error_skew              333.718/333.718 G/G
r0_for_relative_multipoles          12 mm
main_monomial                       n = 0, skew:False
                                       Nn(s=0)      Integ_Nn     Nn/N0(@r0)   |    Sn(s=0)      Integ_Sn     Sn/S0(@r0)  
<multipole_order n>                    [T/m^n]      [T.m/m^n]        []       |    [T/m^n]      [T.m/m^n]        []      
n=00:                                5.5219e-01    -2.4054e-01   +1.0000e+00  |      ---           ---           ---     
n=01:                                7.2244e+00    +3.2217e+00   -1.6072e-01  |      ---           ---           ---     
n=02:                                5.9056e+00    +9.3352e-01   -5.5887e-04  |      ---           ---           ---     
n=03:                                4.5000e+01    -2.5095e+01   +1.8028e-04  |      ---           ---           ---     
n=04:                                7.9262e+02    +2.0545e+03   -1.7712e-04  |      ---           ---           ---     
n=05:                                6.6533e+05    -6.5429e+02   +6.7685e-07  |      ---           ---           ---     
n=06:                                5.6766e+06    -1.4951e+07   +1.8560e-04  |      ---           ---           ---     
