--- multipoles on reference trajectory (rz > 0) ---
effective_length:                   435.85746612217196 mm
perpendicular_grid:                 41 points in [-10.000000,+10.000000] mm
max_fitting_error_normal            0.039/4891.883 G/G
max_fitting_error_skew              341.585/341.585 G/G
r0_for_relative_multipoles          12 mm
main_monomial                       n = 0, skew:False
                                       Nn(s=0)      Integ_Nn     Nn/N0(@r0)   |    Sn(s=0)      Integ_Sn     Sn/S0(@r0)  
<multipole_order n>                    [T/m^n]      [T.m/m^n]        []       |    [T/m^n]      [T.m/m^n]        []      
n=00:                                5.5357e-01    -2.4128e-01   +1.0000e+00  |      ---           ---           ---     
n=01:                                7.2298e+00    +3.2330e+00   -1.6079e-01  |      ---           ---           ---     
n=02:                                5.5913e+00    +8.3094e-01   -4.9592e-04  |      ---           ---           ---     
n=03:                                4.7672e+01    -2.1073e+01   +1.5092e-04  |      ---           ---           ---     
n=04:                                4.3755e+03    +1.6489e+03   -1.4171e-04  |      ---           ---           ---     
n=05:                                1.3382e+05    -9.2868e+04   +9.5776e-05  |      ---           ---           ---     
n=06:                                2.4854e+07    -1.1243e+07   +1.3914e-04  |      ---           ---           ---     
