--- multipoles on reference trajectory (rz > 0) ---
effective_length:                   434.365637579707 mm
perpendicular_grid:                 41 points in [-10.000000,+10.000000] mm
max_fitting_error_normal            0.043/4625.194 G/G
max_fitting_error_skew              317.464/317.464 G/G
r0_for_relative_multipoles          12 mm
main_monomial                       n = 0, skew:False
                                       Nn(s=0)      Integ_Nn     Nn/N0(@r0)   |    Sn(s=0)      Integ_Sn     Sn/S0(@r0)  
<multipole_order n>                    [T/m^n]      [T.m/m^n]        []       |    [T/m^n]      [T.m/m^n]        []      
n=00:                                5.2360e-01    -2.2743e-01   +1.0000e+00  |      ---           ---           ---     
n=01:                                6.8753e+00    +3.0529e+00   -1.6108e-01  |      ---           ---           ---     
n=02:                                3.9714e+00    +7.0750e-01   -4.4796e-04  |      ---           ---           ---     
n=03:                                1.3772e+01    -3.1032e+01   +2.3578e-04  |      ---           ---           ---     
n=04:                                1.6991e+04    +1.9856e+03   -1.8104e-04  |      ---           ---           ---     
n=05:                                6.6284e+05    -7.3484e+04   +8.0398e-05  |      ---           ---           ---     
n=06:                                8.7970e+07    -1.3920e+07   +1.8275e-04  |      ---           ---           ---     
