--- multipoles on reference trajectory (rz > 0) ---
effective_length:                   433.28211162524553 mm
perpendicular_grid:                 41 points in [-10.000000,+10.000000] mm
max_fitting_error_normal            0.047/4612.064 G/G
max_fitting_error_skew              314.479/314.479 G/G
r0_for_relative_multipoles          12 mm
main_monomial                       n = 0, skew:False
                                       Nn(s=0)      Integ_Nn     Nn/N0(@r0)   |    Sn(s=0)      Integ_Sn     Sn/S0(@r0)  
<multipole_order n>                    [T/m^n]      [T.m/m^n]        []       |    [T/m^n]      [T.m/m^n]        []      
n=00:                                5.2575e-01    -2.2780e-01   +1.0000e+00  |      ---           ---           ---     
n=01:                                6.9425e+00    +3.0627e+00   -1.6134e-01  |      ---           ---           ---     
n=02:                                4.5456e+00    +1.1279e+00   -7.1300e-04  |      ---           ---           ---     
n=03:                                3.2917e+01    -3.2608e+01   +2.4735e-04  |      ---           ---           ---     
n=04:                                5.6179e+02    -5.4542e+03   +4.9648e-04  |      ---           ---           ---     
n=05:                                9.4293e+04    -4.7378e+03   +5.1752e-06  |      ---           ---           ---     
n=06:                                4.0246e+06    +3.0669e+07   -4.0200e-04  |      ---           ---           ---     
