--- multipoles on reference trajectory (rz > 0) ---
effective_length:                   433.7531506964148 mm
perpendicular_grid:                 41 points in [-10.000000,+10.000000] mm
max_fitting_error_normal            0.024/5806.179 G/G
max_fitting_error_skew              334.414/334.414 G/G
r0_for_relative_multipoles          12 mm
main_monomial                       n = 0, skew:False
                                       Nn(s=0)      Integ_Nn     Nn/N0(@r0)   |    Sn(s=0)      Integ_Sn     Sn/S0(@r0)  
<multipole_order n>                    [T/m^n]      [T.m/m^n]        []       |    [T/m^n]      [T.m/m^n]        []      
n=00:                                5.5544e-01    -2.4092e-01   +1.0000e+00  |      ---           ---           ---     
n=01:                                7.3181e+00    +3.2286e+00   -1.6081e-01  |      ---           ---           ---     
n=02:                                4.4632e+00    +8.4846e-01   -5.0712e-04  |      ---           ---           ---     
n=03:                                1.2525e+02    -3.1941e+01   +2.2909e-04  |      ---           ---           ---     
n=04:                                1.4277e+03    -1.4606e+02   +1.2571e-05  |      ---           ---           ---     
n=05:                                4.5117e+05    -9.9417e+02   +1.0268e-06  |      ---           ---           ---     
n=06:                                1.3972e+07    -7.7588e+04   +9.6162e-07  |      ---           ---           ---     
