--- multipoles on reference trajectory (rz > 0) ---
effective_length:                   434.61499760822664 mm
perpendicular_grid:                 41 points in [-10.000000,+10.000000] mm
max_fitting_error_normal            0.025/5091.544 G/G
max_fitting_error_skew              350.853/350.853 G/G
r0_for_relative_multipoles          12 mm
main_monomial                       n = 0, skew:False
                                       Nn(s=0)      Integ_Nn     Nn/N0(@r0)   |    Sn(s=0)      Integ_Sn     Sn/S0(@r0)  
<multipole_order n>                    [T/m^n]      [T.m/m^n]        []       |    [T/m^n]      [T.m/m^n]        []      
n=00:                                5.7896e-01    -2.5162e-01   +1.0000e+00  |      ---           ---           ---     
n=01:                                7.6055e+00    +3.3767e+00   -1.6104e-01  |      ---           ---           ---     
n=02:                                6.1503e+00    +1.1369e+00   -6.5065e-04  |      ---           ---           ---     
n=03:                                2.7321e+00    -2.9479e+01   +2.0245e-04  |      ---           ---           ---     
n=04:                                1.1313e+03    +8.8897e+02   -7.3259e-05  |      ---           ---           ---     
n=05:                                4.1284e+05    +1.8463e+04   -1.8259e-05  |      ---           ---           ---     
n=06:                                9.6311e+06    -5.7287e+06   +6.7982e-05  |      ---           ---           ---     
