--- multipoles on reference trajectory (rz > 0) ---
effective_length:                   435.035534330897 mm
perpendicular_grid:                 41 points in [-10.000000,+10.000000] mm
max_fitting_error_normal            0.044/4883.179 G/G
max_fitting_error_skew              335.356/335.356 G/G
r0_for_relative_multipoles          12 mm
main_monomial                       n = 0, skew:False
                                       Nn(s=0)      Integ_Nn     Nn/N0(@r0)   |    Sn(s=0)      Integ_Sn     Sn/S0(@r0)  
<multipole_order n>                    [T/m^n]      [T.m/m^n]        []       |    [T/m^n]      [T.m/m^n]        []      
n=00:                                5.5237e-01    -2.4030e-01   +1.0000e+00  |      ---           ---           ---     
n=01:                                7.2208e+00    +3.2121e+00   -1.6040e-01  |      ---           ---           ---     
n=02:                                5.3322e+00    +8.2293e-01   -4.9314e-04  |      ---           ---           ---     
n=03:                                5.6023e+01    -2.2666e+01   +1.6299e-04  |      ---           ---           ---     
n=04:                                5.2354e+02    +1.5315e+03   -1.3215e-04  |      ---           ---           ---     
n=05:                                4.6031e+04    -8.1130e+04   +8.4009e-05  |      ---           ---           ---     
n=06:                                2.3754e+06    -1.1019e+07   +1.3693e-04  |      ---           ---           ---     
