--- multipoles on reference trajectory (rz > 0) ---
effective_length:                   435.54159477689024 mm
perpendicular_grid:                 41 points in [-10.000000,+10.000000] mm
max_fitting_error_normal            0.043/6701.147 G/G
max_fitting_error_skew              362.028/362.028 G/G
r0_for_relative_multipoles          12 mm
main_monomial                       n = 0, skew:False
                                       Nn(s=0)      Integ_Nn     Nn/N0(@r0)   |    Sn(s=0)      Integ_Sn     Sn/S0(@r0)  
<multipole_order n>                    [T/m^n]      [T.m/m^n]        []       |    [T/m^n]      [T.m/m^n]        []      
n=00:                                5.7787e-01    -2.5168e-01   +1.0000e+00  |      ---           ---           ---     
n=01:                                7.6030e+00    +3.3765e+00   -1.6099e-01  |      ---           ---           ---     
n=02:                                5.8716e+00    +1.2047e+00   -6.8928e-04  |      ---           ---           ---     
n=03:                                5.1322e+01    -3.0811e+01   +2.1154e-04  |      ---           ---           ---     
n=04:                                8.8116e+03    -3.9737e+02   +3.2738e-05  |      ---           ---           ---     
n=05:                                1.0058e+05    +5.0023e+04   -4.9456e-05  |      ---           ---           ---     
n=06:                                5.6558e+07    -3.0208e+06   +3.5839e-05  |      ---           ---           ---     
