--- multipoles on reference trajectory (rz > 0) ---
effective_length:                   436.01582794844455 mm
perpendicular_grid:                 41 points in [-10.000000,+10.000000] mm
max_fitting_error_normal            0.044/5099.955 G/G
max_fitting_error_skew              347.148/347.148 G/G
r0_for_relative_multipoles          12 mm
main_monomial                       n = 0, skew:False
                                       Nn(s=0)      Integ_Nn     Nn/N0(@r0)   |    Sn(s=0)      Integ_Sn     Sn/S0(@r0)  
<multipole_order n>                    [T/m^n]      [T.m/m^n]        []       |    [T/m^n]      [T.m/m^n]        []      
n=00:                                5.7728e-01    -2.5170e-01   +1.0000e+00  |      ---           ---           ---     
n=01:                                7.5502e+00    +3.3739e+00   -1.6085e-01  |      ---           ---           ---     
n=02:                                6.2588e+00    +1.0253e+00   -5.8659e-04  |      ---           ---           ---     
n=03:                                8.5765e+00    +3.5458e-01   -2.4342e-06  |      ---           ---           ---     
n=04:                                5.4748e+02    -1.1566e+03   +9.5281e-05  |      ---           ---           ---     
n=05:                                5.0193e+05    -2.5643e+05   +2.5350e-04  |      ---           ---           ---     
n=06:                                2.9530e+06    +5.3316e+06   -6.3250e-05  |      ---           ---           ---     
