--- multipoles on reference trajectory (rz > 0) ---
effective_length:                   434.65488615482997 mm
perpendicular_grid:                 41 points in [-10.000000,+10.000000] mm
max_fitting_error_normal            0.040/3757.612 G/G
max_fitting_error_skew              339.087/339.087 G/G
r0_for_relative_multipoles          12 mm
main_monomial                       n = 0, skew:False
                                       Nn(s=0)      Integ_Nn     Nn/N0(@r0)   |    Sn(s=0)      Integ_Sn     Sn/S0(@r0)  
<multipole_order n>                    [T/m^n]      [T.m/m^n]        []       |    [T/m^n]      [T.m/m^n]        []      
n=00:                                5.5175e-01    -2.3982e-01   +1.0000e+00  |      ---           ---           ---     
n=01:                                7.2605e+00    +3.2182e+00   -1.6103e-01  |      ---           ---           ---     
n=02:                                4.9046e+00    +8.8474e-01   -5.3124e-04  |      ---           ---           ---     
n=03:                                6.5903e+01    -3.1764e+01   +2.2887e-04  |      ---           ---           ---     
n=04:                                2.2561e+02    -1.1838e+03   +1.0236e-04  |      ---           ---           ---     
n=05:                                2.2935e+04    -1.3136e+04   +1.3630e-05  |      ---           ---           ---     
n=06:                                1.6239e+06    +4.5497e+06   -5.6647e-05  |      ---           ---           ---     
