--- multipoles on reference trajectory (rz > 0) ---
effective_length:                   434.593557976775 mm
perpendicular_grid:                 41 points in [-10.000000,+10.000000] mm
max_fitting_error_normal            0.053/4631.189 G/G
max_fitting_error_skew              329.683/329.683 G/G
r0_for_relative_multipoles          12 mm
main_monomial                       n = 0, skew:False
                                       Nn(s=0)      Integ_Nn     Nn/N0(@r0)   |    Sn(s=0)      Integ_Sn     Sn/S0(@r0)  
<multipole_order n>                    [T/m^n]      [T.m/m^n]        []       |    [T/m^n]      [T.m/m^n]        []      
n=00:                                5.2585e-01    -2.2853e-01   +1.0000e+00  |      ---           ---           ---     
n=01:                                6.9031e+00    +3.0635e+00   -1.6086e-01  |      ---           ---           ---     
n=02:                                3.7956e+00    +8.3423e-01   -5.2566e-04  |      ---           ---           ---     
n=03:                                3.0758e+01    -3.4333e+01   +2.5960e-04  |      ---           ---           ---     
n=04:                                3.0743e+04    +1.8744e+03   -1.7007e-04  |      ---           ---           ---     
n=05:                                2.2615e+05    +4.3084e+04   -4.6911e-05  |      ---           ---           ---     
n=06:                                1.9981e+08    -1.5419e+07   +2.0147e-04  |      ---           ---           ---     
