--- multipoles on reference trajectory (rz > 0) ---
effective_length:                   434.01115729034797 mm
perpendicular_grid:                 41 points in [-10.000000,+10.000000] mm
max_fitting_error_normal            0.028/3801.706 G/G
max_fitting_error_skew              318.307/318.307 G/G
r0_for_relative_multipoles          12 mm
main_monomial                       n = 0, skew:False
                                       Nn(s=0)      Integ_Nn     Nn/N0(@r0)   |    Sn(s=0)      Integ_Sn     Sn/S0(@r0)  
<multipole_order n>                    [T/m^n]      [T.m/m^n]        []       |    [T/m^n]      [T.m/m^n]        []      
n=00:                                5.2595e-01    -2.2827e-01   +1.0000e+00  |      ---           ---           ---     
n=01:                                6.9086e+00    +3.0615e+00   -1.6094e-01  |      ---           ---           ---     
n=02:                                4.0907e+00    +7.8931e-01   -4.9793e-04  |      ---           ---           ---     
n=03:                                5.0919e+01    -3.9003e+01   +2.9526e-04  |      ---           ---           ---     
n=04:                                1.6114e+04    +2.2171e+02   -2.0140e-05  |      ---           ---           ---     
n=05:                                4.2851e+04    +4.8365e+04   -5.2722e-05  |      ---           ---           ---     
n=06:                                8.2598e+07    -1.8860e+06   +2.4672e-05  |      ---           ---           ---     
