--- multipoles on reference trajectory (rz > 0) ---
effective_length:                   435.8406275407094 mm
perpendicular_grid:                 41 points in [-10.000000,+10.000000] mm
max_fitting_error_normal            0.047/3951.596 G/G
max_fitting_error_skew              339.476/339.476 G/G
r0_for_relative_multipoles          12 mm
main_monomial                       n = 0, skew:False
                                       Nn(s=0)      Integ_Nn     Nn/N0(@r0)   |    Sn(s=0)      Integ_Sn     Sn/S0(@r0)  
<multipole_order n>                    [T/m^n]      [T.m/m^n]        []       |    [T/m^n]      [T.m/m^n]        []      
n=00:                                5.5011e-01    -2.3976e-01   +1.0000e+00  |      ---           ---           ---     
n=01:                                7.2083e+00    +3.2154e+00   -1.6093e-01  |      ---           ---           ---     
n=02:                                5.9477e+00    +9.6439e-01   -5.7921e-04  |      ---           ---           ---     
n=03:                                4.9802e+01    -2.9206e+01   +2.1049e-04  |      ---           ---           ---     
n=04:                                1.0296e+04    -2.2660e+03   +1.9598e-04  |      ---           ---           ---     
n=05:                                2.7550e+03    -5.1403e+03   +5.3347e-06  |      ---           ---           ---     
n=06:                                7.3385e+07    +1.1025e+07   -1.3730e-04  |      ---           ---           ---     
