--- multipoles on reference trajectory (rz > 0) ---
effective_length:                   436.64673730588083 mm
perpendicular_grid:                 41 points in [-10.000000,+10.000000] mm
max_fitting_error_normal            0.047/6694.447 G/G
max_fitting_error_skew              358.062/358.062 G/G
r0_for_relative_multipoles          12 mm
main_monomial                       n = 0, skew:False
                                       Nn(s=0)      Integ_Nn     Nn/N0(@r0)   |    Sn(s=0)      Integ_Sn     Sn/S0(@r0)  
<multipole_order n>                    [T/m^n]      [T.m/m^n]        []       |    [T/m^n]      [T.m/m^n]        []      
n=00:                                5.7707e-01    -2.5197e-01   +1.0000e+00  |      ---           ---           ---     
n=01:                                7.5539e+00    +3.3782e+00   -1.6088e-01  |      ---           ---           ---     
n=02:                                5.4891e+00    +9.4951e-01   -5.4264e-04  |      ---           ---           ---     
n=03:                                1.1147e+02    -4.4805e+01   +3.0727e-04  |      ---           ---           ---     
n=04:                                2.0016e+03    -2.4955e+03   +2.0536e-04  |      ---           ---           ---     
n=05:                                2.8839e+05    +2.3592e+04   -2.3298e-05  |      ---           ---           ---     
n=06:                                3.0103e+06    +1.4979e+07   -1.7750e-04  |      ---           ---           ---     
