--- multipoles on reference trajectory (rz > 0) ---
effective_length:                   435.2761121840316 mm
perpendicular_grid:                 41 points in [-10.000000,+10.000000] mm
max_fitting_error_normal            0.050/6066.806 G/G
max_fitting_error_skew              325.136/325.136 G/G
r0_for_relative_multipoles          12 mm
main_monomial                       n = 0, skew:False
                                       Nn(s=0)      Integ_Nn     Nn/N0(@r0)   |    Sn(s=0)      Integ_Sn     Sn/S0(@r0)  
<multipole_order n>                    [T/m^n]      [T.m/m^n]        []       |    [T/m^n]      [T.m/m^n]        []      
n=00:                                5.2382e-01    -2.2800e-01   +1.0000e+00  |      ---           ---           ---     
n=01:                                6.8833e+00    +3.0649e+00   -1.6131e-01  |      ---           ---           ---     
n=02:                                3.8808e+00    +7.8487e-01   -4.9570e-04  |      ---           ---           ---     
n=03:                                2.9301e+01    -3.5151e+01   +2.6640e-04  |      ---           ---           ---     
n=04:                                2.7527e+04    +2.8367e+03   -2.5799e-04  |      ---           ---           ---     
n=05:                                1.4496e+05    +8.7649e+04   -9.5656e-05  |      ---           ---           ---     
n=06:                                1.5496e+08    -1.8784e+07   +2.4599e-04  |      ---           ---           ---     
