--- multipoles on reference trajectory (rz > 0) ---
effective_length:                   435.26782990625196 mm
perpendicular_grid:                 41 points in [-10.000000,+10.000000] mm
max_fitting_error_normal            0.061/4893.345 G/G
max_fitting_error_skew              346.366/346.366 G/G
r0_for_relative_multipoles          12 mm
main_monomial                       n = 0, skew:False
                                       Nn(s=0)      Integ_Nn     Nn/N0(@r0)   |    Sn(s=0)      Integ_Sn     Sn/S0(@r0)  
<multipole_order n>                    [T/m^n]      [T.m/m^n]        []       |    [T/m^n]      [T.m/m^n]        []      
n=00:                                5.5430e-01    -2.4127e-01   +1.0000e+00  |      ---           ---           ---     
n=01:                                7.2543e+00    +3.2360e+00   -1.6095e-01  |      ---           ---           ---     
n=02:                                4.9452e+00    +1.0654e+00   -6.3590e-04  |      ---           ---           ---     
n=03:                                8.3488e+01    -8.4506e+00   +6.0524e-05  |      ---           ---           ---     
n=04:                                2.4901e+04    -1.0958e+03   +9.4183e-05  |      ---           ---           ---     
n=05:                                8.6624e+05    -7.7033e+04   +7.9448e-05  |      ---           ---           ---     
n=06:                                1.6483e+08    +1.3416e+06   -1.6604e-05  |      ---           ---           ---     
