--- multipoles on reference trajectory (rz > 0) ---
effective_length:                   435.099091373035 mm
perpendicular_grid:                 41 points in [-10.000000,+10.000000] mm
max_fitting_error_normal            0.032/4776.542 G/G
max_fitting_error_skew              342.187/342.187 G/G
r0_for_relative_multipoles          12 mm
main_monomial                       n = 0, skew:False
                                       Nn(s=0)      Integ_Nn     Nn/N0(@r0)   |    Sn(s=0)      Integ_Sn     Sn/S0(@r0)  
<multipole_order n>                    [T/m^n]      [T.m/m^n]        []       |    [T/m^n]      [T.m/m^n]        []      
n=00:                                5.5058e-01    -2.3956e-01   +1.0000e+00  |      ---           ---           ---     
n=01:                                7.2424e+00    +3.2230e+00   -1.6145e-01  |      ---           ---           ---     
n=02:                                4.4891e+00    +8.9220e-01   -5.3631e-04  |      ---           ---           ---     
n=03:                                9.6170e+00    -2.0199e+01   +1.4570e-04  |      ---           ---           ---     
n=04:                                2.0067e+04    +1.9448e+03   -1.6834e-04  |      ---           ---           ---     
n=05:                                5.1004e+05    -8.5587e+04   +8.8901e-05  |      ---           ---           ---     
n=06:                                1.1268e+08    -1.2032e+07   +1.4998e-04  |      ---           ---           ---     
