--- multipoles on reference trajectory (rz > 0) ---
effective_length:                   436.4016053769833 mm
perpendicular_grid:                 41 points in [-10.000000,+10.000000] mm
max_fitting_error_normal            0.041/3193.248 G/G
max_fitting_error_skew              322.163/322.163 G/G
r0_for_relative_multipoles          12 mm
main_monomial                       n = 0, skew:False
                                       Nn(s=0)      Integ_Nn     Nn/N0(@r0)   |    Sn(s=0)      Integ_Sn     Sn/S0(@r0)  
<multipole_order n>                    [T/m^n]      [T.m/m^n]        []       |    [T/m^n]      [T.m/m^n]        []      
n=00:                                5.2259e-01    -2.2806e-01   +1.0000e+00  |      ---           ---           ---     
n=01:                                6.8596e+00    +3.0634e+00   -1.6119e-01  |      ---           ---           ---     
n=02:                                5.0435e+00    +6.7379e-01   -4.2544e-04  |      ---           ---           ---     
n=03:                                2.1154e+01    -2.4741e+01   +1.8746e-04  |      ---           ---           ---     
n=04:                                1.2503e+03    +2.0626e+03   -1.8754e-04  |      ---           ---           ---     
n=05:                                5.1518e+05    -5.1228e+04   +5.5894e-05  |      ---           ---           ---     
n=06:                                2.0428e+05    -1.3205e+07   +1.7290e-04  |      ---           ---           ---     
