--- multipoles on reference trajectory (rz > 0) ---
effective_length:                   435.92401950366184 mm
perpendicular_grid:                 41 points in [-10.000000,+10.000000] mm
max_fitting_error_normal            0.052/6063.607 G/G
max_fitting_error_skew              323.543/323.543 G/G
r0_for_relative_multipoles          12 mm
main_monomial                       n = 0, skew:False
                                       Nn(s=0)      Integ_Nn     Nn/N0(@r0)   |    Sn(s=0)      Integ_Sn     Sn/S0(@r0)  
<multipole_order n>                    [T/m^n]      [T.m/m^n]        []       |    [T/m^n]      [T.m/m^n]        []      
n=00:                                5.2273e-01    -2.2787e-01   +1.0000e+00  |      ---           ---           ---     
n=01:                                6.8491e+00    +3.0604e+00   -1.6117e-01  |      ---           ---           ---     
n=02:                                5.6241e+00    +8.3671e-01   -5.2875e-04  |      ---           ---           ---     
n=03:                                6.1440e+01    -1.0989e+01   +8.3332e-05  |      ---           ---           ---     
n=04:                                8.9464e+03    -2.0087e+03   +1.8279e-04  |      ---           ---           ---     
n=05:                                2.6329e+04    -1.3475e+05   +1.4715e-04  |      ---           ---           ---     
n=06:                                5.9188e+07    +1.1159e+07   -1.4623e-04  |      ---           ---           ---     
