--- multipoles on reference trajectory (rz > 0) ---
effective_length:                   436.8839672173633 mm
perpendicular_grid:                 41 points in [-10.000000,+10.000000] mm
max_fitting_error_normal            0.028/4614.976 G/G
max_fitting_error_skew              329.392/329.392 G/G
r0_for_relative_multipoles          12 mm
main_monomial                       n = 0, skew:False
                                       Nn(s=0)      Integ_Nn     Nn/N0(@r0)   |    Sn(s=0)      Integ_Sn     Sn/S0(@r0)  
<multipole_order n>                    [T/m^n]      [T.m/m^n]        []       |    [T/m^n]      [T.m/m^n]        []      
n=00:                                5.2336e-01    -2.2865e-01   +1.0000e+00  |      ---           ---           ---     
n=01:                                6.8652e+00    +3.0728e+00   -1.6127e-01  |      ---           ---           ---     
n=02:                                5.6719e+00    +1.0573e+00   -6.6589e-04  |      ---           ---           ---     
n=03:                                8.8891e+01    -2.5662e+01   +1.9394e-04  |      ---           ---           ---     
n=04:                                2.0697e+03    -2.2610e+03   +2.0505e-04  |      ---           ---           ---     
n=05:                                3.6843e+05    +1.2261e+04   -1.3343e-05  |      ---           ---           ---     
n=06:                                1.4437e+07    +7.7896e+06   -1.0173e-04  |      ---           ---           ---     
