--- multipoles on reference trajectory (rz > 0) ---
effective_length:                   434.93212178865974 mm
perpendicular_grid:                 41 points in [-10.000000,+10.000000] mm
max_fitting_error_normal            0.045/3273.693 G/G
max_fitting_error_skew              332.701/332.701 G/G
r0_for_relative_multipoles          12 mm
main_monomial                       n = 0, skew:False
                                       Nn(s=0)      Integ_Nn     Nn/N0(@r0)   |    Sn(s=0)      Integ_Sn     Sn/S0(@r0)  
<multipole_order n>                    [T/m^n]      [T.m/m^n]        []       |    [T/m^n]      [T.m/m^n]        []      
n=00:                                5.5045e-01    -2.3941e-01   +1.0000e+00  |      ---           ---           ---     
n=01:                                7.2273e+00    +3.2177e+00   -1.6128e-01  |      ---           ---           ---     
n=02:                                5.9697e+00    +9.1039e-01   -5.4759e-04  |      ---           ---           ---     
n=03:                                4.1887e+01    -2.3697e+01   +1.7104e-04  |      ---           ---           ---     
n=04:                                2.7322e+03    +2.1484e+03   -1.8608e-04  |      ---           ---           ---     
n=05:                                6.5183e+05    -1.5707e+04   +1.6326e-05  |      ---           ---           ---     
n=06:                                3.8143e+06    -1.5804e+07   +1.9711e-04  |      ---           ---           ---     
