--- multipoles on reference trajectory (rz > 0) ---
effective_length:                   435.83024370610195 mm
perpendicular_grid:                 41 points in [-10.000000,+10.000000] mm
max_fitting_error_normal            0.067/4112.836 G/G
max_fitting_error_skew              338.819/338.819 G/G
r0_for_relative_multipoles          12 mm
main_monomial                       n = 0, skew:False
                                       Nn(s=0)      Integ_Nn     Nn/N0(@r0)   |    Sn(s=0)      Integ_Sn     Sn/S0(@r0)  
<multipole_order n>                    [T/m^n]      [T.m/m^n]        []       |    [T/m^n]      [T.m/m^n]        []      
n=00:                                5.5240e-01    -2.4075e-01   +1.0000e+00  |      ---           ---           ---     
n=01:                                7.2019e+00    +3.2189e+00   -1.6044e-01  |      ---           ---           ---     
n=02:                                5.8485e+00    +9.3433e-01   -5.5885e-04  |      ---           ---           ---     
n=03:                                5.7096e+01    -1.0275e+01   +7.3752e-05  |      ---           ---           ---     
n=04:                                2.0156e+02    +2.3697e+03   -2.0411e-04  |      ---           ---           ---     
n=05:                                7.9440e+05    -1.1524e+05   +1.1910e-04  |      ---           ---           ---     
n=06:                                3.2610e+06    -1.6513e+07   +2.0481e-04  |      ---           ---           ---     
