--- multipoles on reference trajectory (rz > 0) ---
effective_length:                   435.120027818749 mm
perpendicular_grid:                 41 points in [-10.000000,+10.000000] mm
max_fitting_error_normal            0.040/4875.650 G/G
max_fitting_error_skew              350.932/350.932 G/G
r0_for_relative_multipoles          12 mm
main_monomial                       n = 0, skew:False
                                       Nn(s=0)      Integ_Nn     Nn/N0(@r0)   |    Sn(s=0)      Integ_Sn     Sn/S0(@r0)  
<multipole_order n>                    [T/m^n]      [T.m/m^n]        []       |    [T/m^n]      [T.m/m^n]        []      
n=00:                                5.5326e-01    -2.4074e-01   +1.0000e+00  |      ---           ---           ---     
n=01:                                7.2575e+00    +3.2334e+00   -1.6118e-01  |      ---           ---           ---     
n=02:                                5.3540e+00    +8.8984e-01   -5.3227e-04  |      ---           ---           ---     
n=03:                                2.6470e+01    -2.9610e+01   +2.1254e-04  |      ---           ---           ---     
n=04:                                9.7053e+03    +1.0403e+02   -8.9607e-06  |      ---           ---           ---     
n=05:                                2.3719e+05    -2.1028e+04   +2.1735e-05  |      ---           ---           ---     
n=06:                                6.7534e+07    -2.1636e+06   +2.6836e-05  |      ---           ---           ---     
