--- multipoles on reference trajectory (rz > 0) ---
effective_length:                   436.5990444030523 mm
perpendicular_grid:                 41 points in [-10.000000,+10.000000] mm
max_fitting_error_normal            0.052/3304.626 G/G
max_fitting_error_skew              342.277/342.277 G/G
r0_for_relative_multipoles          12 mm
main_monomial                       n = 0, skew:False
                                       Nn(s=0)      Integ_Nn     Nn/N0(@r0)   |    Sn(s=0)      Integ_Sn     Sn/S0(@r0)  
<multipole_order n>                    [T/m^n]      [T.m/m^n]        []       |    [T/m^n]      [T.m/m^n]        []      
n=00:                                5.5214e-01    -2.4106e-01   +1.0000e+00  |      ---           ---           ---     
n=01:                                7.2242e+00    +3.2347e+00   -1.6102e-01  |      ---           ---           ---     
n=02:                                6.6307e+00    +1.0801e+00   -6.4520e-04  |      ---           ---           ---     
n=03:                                5.3589e+01    -2.4531e+01   +1.7584e-04  |      ---           ---           ---     
n=04:                                1.1171e+04    -1.5254e+03   +1.3121e-04  |      ---           ---           ---     
n=05:                                2.9441e+04    -3.5895e+04   +3.7052e-05  |      ---           ---           ---     
n=06:                                5.9977e+07    +3.7184e+06   -4.6059e-05  |      ---           ---           ---     
