--- multipoles on reference trajectory (rz > 0) ---
effective_length:                   435.574317370997 mm
perpendicular_grid:                 41 points in [-10.000000,+10.000000] mm
max_fitting_error_normal            0.046/4635.654 G/G
max_fitting_error_skew              326.091/326.091 G/G
r0_for_relative_multipoles          12 mm
main_monomial                       n = 0, skew:False
                                       Nn(s=0)      Integ_Nn     Nn/N0(@r0)   |    Sn(s=0)      Integ_Sn     Sn/S0(@r0)  
<multipole_order n>                    [T/m^n]      [T.m/m^n]        []       |    [T/m^n]      [T.m/m^n]        []      
n=00:                                5.2358e-01    -2.2806e-01   +1.0000e+00  |      ---           ---           ---     
n=01:                                6.8809e+00    +3.0646e+00   -1.6125e-01  |      ---           ---           ---     
n=02:                                5.0613e+00    +6.8581e-01   -4.3303e-04  |      ---           ---           ---     
n=03:                                2.6132e+01    -1.7975e+01   +1.3620e-04  |      ---           ---           ---     
n=04:                                5.3488e+03    +3.8948e+03   -3.5413e-04  |      ---           ---           ---     
n=05:                                2.7743e+05    -9.0718e+04   +9.8980e-05  |      ---           ---           ---     
n=06:                                3.3492e+07    -2.5889e+07   +3.3896e-04  |      ---           ---           ---     
