--- multipoles on reference trajectory (rz > 0) ---
effective_length:                   436.8736893556542 mm
perpendicular_grid:                 41 points in [-10.000000,+10.000000] mm
max_fitting_error_normal            0.028/4609.729 G/G
max_fitting_error_skew              329.120/329.120 G/G
r0_for_relative_multipoles          12 mm
main_monomial                       n = 0, skew:False
                                       Nn(s=0)      Integ_Nn     Nn/N0(@r0)   |    Sn(s=0)      Integ_Sn     Sn/S0(@r0)  
<multipole_order n>                    [T/m^n]      [T.m/m^n]        []       |    [T/m^n]      [T.m/m^n]        []      
n=00:                                5.2287e-01    -2.2843e-01   +1.0000e+00  |      ---           ---           ---     
n=01:                                6.8660e+00    +3.0730e+00   -1.6143e-01  |      ---           ---           ---     
n=02:                                5.6441e+00    +1.0499e+00   -6.6182e-04  |      ---           ---           ---     
n=03:                                8.9011e+01    -2.6265e+01   +1.9869e-04  |      ---           ---           ---     
n=04:                                1.6259e+03    -2.2022e+03   +1.9991e-04  |      ---           ---           ---     
n=05:                                3.6976e+05    +1.5124e+04   -1.6475e-05  |      ---           ---           ---     
n=06:                                1.1836e+07    +7.3391e+06   -9.5935e-05  |      ---           ---           ---     
