--- multipoles on reference trajectory (rz > 0) ---
effective_length:                   435.8967814372103 mm
perpendicular_grid:                 41 points in [-10.000000,+10.000000] mm
max_fitting_error_normal            0.051/6723.674 G/G
max_fitting_error_skew              357.524/357.524 G/G
r0_for_relative_multipoles          12 mm
main_monomial                       n = 0, skew:False
                                       Nn(s=0)      Integ_Nn     Nn/N0(@r0)   |    Sn(s=0)      Integ_Sn     Sn/S0(@r0)  
<multipole_order n>                    [T/m^n]      [T.m/m^n]        []       |    [T/m^n]      [T.m/m^n]        []      
n=00:                                5.7880e-01    -2.5230e-01   +1.0000e+00  |      ---           ---           ---     
n=01:                                7.5417e+00    +3.3744e+00   -1.6050e-01  |      ---           ---           ---     
n=02:                                6.7785e+00    +1.1181e+00   -6.3819e-04  |      ---           ---           ---     
n=03:                                5.5172e+01    -3.6726e+01   +2.5154e-04  |      ---           ---           ---     
n=04:                                1.5812e+04    -3.4065e+03   +2.7997e-04  |      ---           ---           ---     
n=05:                                6.2435e+04    -1.0994e+04   +1.0843e-05  |      ---           ---           ---     
n=06:                                1.1397e+08    +2.3600e+07   -2.7931e-04  |      ---           ---           ---     
