--- multipoles on reference trajectory (rz > 0) ---
effective_length:                   436.0288920248029 mm
perpendicular_grid:                 41 points in [-10.000000,+10.000000] mm
max_fitting_error_normal            0.037/4111.499 G/G
max_fitting_error_skew              358.025/358.025 G/G
r0_for_relative_multipoles          12 mm
main_monomial                       n = 0, skew:False
                                       Nn(s=0)      Integ_Nn     Nn/N0(@r0)   |    Sn(s=0)      Integ_Sn     Sn/S0(@r0)  
<multipole_order n>                    [T/m^n]      [T.m/m^n]        []       |    [T/m^n]      [T.m/m^n]        []      
n=00:                                5.7662e-01    -2.5142e-01   +1.0000e+00  |      ---           ---           ---     
n=01:                                7.5348e+00    +3.3710e+00   -1.6090e-01  |      ---           ---           ---     
n=02:                                6.0694e+00    +8.5384e-01   -4.8903e-04  |      ---           ---           ---     
n=03:                                4.6199e+00    -1.9453e+00   +1.3370e-05  |      ---           ---           ---     
n=04:                                9.8664e+03    +3.2021e+03   -2.6409e-04  |      ---           ---           ---     
n=05:                                3.7495e+05    -1.6016e+05   +1.5851e-04  |      ---           ---           ---     
n=06:                                5.6450e+07    -1.9854e+07   +2.3580e-04  |      ---           ---           ---     
