--- multipoles on reference trajectory (rz > 0) ---
effective_length:                   435.8287479644201 mm
perpendicular_grid:                 41 points in [-10.000000,+10.000000] mm
max_fitting_error_normal            0.064/4046.355 G/G
max_fitting_error_skew              354.770/354.770 G/G
r0_for_relative_multipoles          12 mm
main_monomial                       n = 0, skew:False
                                       Nn(s=0)      Integ_Nn     Nn/N0(@r0)   |    Sn(s=0)      Integ_Sn     Sn/S0(@r0)  
<multipole_order n>                    [T/m^n]      [T.m/m^n]        []       |    [T/m^n]      [T.m/m^n]        []      
n=00:                                5.7712e-01    -2.5152e-01   +1.0000e+00  |      ---           ---           ---     
n=01:                                7.5513e+00    +3.3752e+00   -1.6103e-01  |      ---           ---           ---     
n=02:                                7.1612e+00    +1.0331e+00   -5.9143e-04  |      ---           ---           ---     
n=03:                                4.0393e+01    -6.7915e+00   +4.6659e-05  |      ---           ---           ---     
n=04:                                2.0010e+04    +7.5698e+02   -6.2407e-05  |      ---           ---           ---     
n=05:                                5.7291e+05    -1.5999e+05   +1.5828e-04  |      ---           ---           ---     
n=06:                                1.1901e+08    -3.9340e+06   +4.6703e-05  |      ---           ---           ---     
