--- multipoles on reference trajectory (rz > 0) ---
effective_length:                   435.9411483084855 mm
perpendicular_grid:                 41 points in [-10.000000,+10.000000] mm
max_fitting_error_normal            0.063/6378.105 G/G
max_fitting_error_skew              331.728/331.728 G/G
r0_for_relative_multipoles          12 mm
main_monomial                       n = 0, skew:False
                                       Nn(s=0)      Integ_Nn     Nn/N0(@r0)   |    Sn(s=0)      Integ_Sn     Sn/S0(@r0)  
<multipole_order n>                    [T/m^n]      [T.m/m^n]        []       |    [T/m^n]      [T.m/m^n]        []      
n=00:                                5.5028e-01    -2.3989e-01   +1.0000e+00  |      ---           ---           ---     
n=01:                                7.2045e+00    +3.2191e+00   -1.6103e-01  |      ---           ---           ---     
n=02:                                6.6110e+00    +1.0759e+00   -6.4587e-04  |      ---           ---           ---     
n=03:                                1.1877e+01    -7.0017e+00   +5.0436e-05  |      ---           ---           ---     
n=04:                                1.4984e+04    -3.5638e+03   +3.0806e-04  |      ---           ---           ---     
n=05:                                4.1095e+05    -1.3977e+05   +1.4498e-04  |      ---           ---           ---     
n=06:                                8.0896e+07    +1.9747e+07   -2.4580e-04  |      ---           ---           ---     
