--- multipoles on reference trajectory (rz > 0) ---
effective_length:                   436.29234753320605 mm
perpendicular_grid:                 41 points in [-10.000000,+10.000000] mm
max_fitting_error_normal            0.036/4880.502 G/G
max_fitting_error_skew              357.652/357.652 G/G
r0_for_relative_multipoles          12 mm
main_monomial                       n = 0, skew:False
                                       Nn(s=0)      Integ_Nn     Nn/N0(@r0)   |    Sn(s=0)      Integ_Sn     Sn/S0(@r0)  
<multipole_order n>                    [T/m^n]      [T.m/m^n]        []       |    [T/m^n]      [T.m/m^n]        []      
n=00:                                5.5201e-01    -2.4084e-01   +1.0000e+00  |      ---           ---           ---     
n=01:                                7.2228e+00    +3.2360e+00   -1.6123e-01  |      ---           ---           ---     
n=02:                                5.4953e+00    +8.4985e-01   -5.0813e-04  |      ---           ---           ---     
n=03:                                1.8380e+01    -2.8179e+01   +2.0218e-04  |      ---           ---           ---     
n=04:                                3.6118e+03    -6.9237e+02   +5.9613e-05  |      ---           ---           ---     
n=05:                                1.2836e+05    -6.0311e+03   +6.2312e-06  |      ---           ---           ---     
n=06:                                7.0259e+06    +6.2297e+06   -7.7237e-05  |      ---           ---           ---     
