--- multipoles on reference trajectory (rz > 0) ---
effective_length:                   436.1800147721176 mm
perpendicular_grid:                 41 points in [-10.000000,+10.000000] mm
max_fitting_error_normal            0.042/4641.873 G/G
max_fitting_error_skew              338.056/338.056 G/G
r0_for_relative_multipoles          12 mm
main_monomial                       n = 0, skew:False
                                       Nn(s=0)      Integ_Nn     Nn/N0(@r0)   |    Sn(s=0)      Integ_Sn     Sn/S0(@r0)  
<multipole_order n>                    [T/m^n]      [T.m/m^n]        []       |    [T/m^n]      [T.m/m^n]        []      
n=00:                                5.2425e-01    -2.2867e-01   +1.0000e+00  |      ---           ---           ---     
n=01:                                6.8466e+00    +3.0652e+00   -1.6085e-01  |      ---           ---           ---     
n=02:                                6.2572e+00    +1.0911e+00   -6.8712e-04  |      ---           ---           ---     
n=03:                                1.9515e+02    -3.6400e+01   +2.7507e-04  |      ---           ---           ---     
n=04:                                7.1612e+03    -4.1729e+03   +3.7841e-04  |      ---           ---           ---     
n=05:                                1.0711e+06    +6.3288e+04   -6.8869e-05  |      ---           ---           ---     
n=06:                                2.3753e+07    +2.0560e+07   -2.6848e-04  |      ---           ---           ---     
