--- multipoles on reference trajectory (rz > 0) ---
effective_length:                   435.6495333730496 mm
perpendicular_grid:                 41 points in [-10.000000,+10.000000] mm
max_fitting_error_normal            0.042/6425.815 G/G
max_fitting_error_skew              337.034/337.034 G/G
r0_for_relative_multipoles          12 mm
main_monomial                       n = 0, skew:False
                                       Nn(s=0)      Integ_Nn     Nn/N0(@r0)   |    Sn(s=0)      Integ_Sn     Sn/S0(@r0)  
<multipole_order n>                    [T/m^n]      [T.m/m^n]        []       |    [T/m^n]      [T.m/m^n]        []      
n=00:                                5.5546e-01    -2.4199e-01   +1.0000e+00  |      ---           ---           ---     
n=01:                                7.2766e+00    +3.2385e+00   -1.6060e-01  |      ---           ---           ---     
n=02:                                6.4891e+00    +1.1753e+00   -6.9941e-04  |      ---           ---           ---     
n=03:                                1.7106e+02    -3.1049e+01   +2.2172e-04  |      ---           ---           ---     
n=04:                                1.9207e+04    -3.3480e+03   +2.8690e-04  |      ---           ---           ---     
n=05:                                8.4261e+05    +7.3770e+03   -7.5857e-06  |      ---           ---           ---     
n=06:                                1.1401e+08    +1.7762e+07   -2.1917e-04  |      ---           ---           ---     
