--- multipoles on reference trajectory (rz > 0) ---
effective_length:                   433.34219323403124 mm
perpendicular_grid:                 41 points in [-10.000000,+10.000000] mm
max_fitting_error_normal            0.057/6067.384 G/G
max_fitting_error_skew              323.705/323.705 G/G
r0_for_relative_multipoles          12 mm
main_monomial                       n = 0, skew:False
                                       Nn(s=0)      Integ_Nn     Nn/N0(@r0)   |    Sn(s=0)      Integ_Sn     Sn/S0(@r0)  
<multipole_order n>                    [T/m^n]      [T.m/m^n]        []       |    [T/m^n]      [T.m/m^n]        []      
n=00:                                5.2651e-01    -2.2816e-01   +1.0000e+00  |      ---           ---           ---     
n=01:                                6.9605e+00    +3.0596e+00   -1.6092e-01  |      ---           ---           ---     
n=02:                                4.0334e+00    +8.3408e-01   -5.2642e-04  |      ---           ---           ---     
n=03:                                9.6782e+01    -2.1217e+01   +1.6069e-04  |      ---           ---           ---     
n=04:                                6.3138e+03    -1.3493e+03   +1.2262e-04  |      ---           ---           ---     
n=05:                                2.6554e+05    -9.6210e+04   +1.0493e-04  |      ---           ---           ---     
n=06:                                3.6054e+07    +4.0702e+06   -5.3267e-05  |      ---           ---           ---     
