--- multipoles on reference trajectory (rz > 0) ---
effective_length:                   433.3993290454276 mm
perpendicular_grid:                 41 points in [-10.000000,+10.000000] mm
max_fitting_error_normal            0.054/4876.842 G/G
max_fitting_error_skew              341.589/341.589 G/G
r0_for_relative_multipoles          12 mm
main_monomial                       n = 0, skew:False
                                       Nn(s=0)      Integ_Nn     Nn/N0(@r0)   |    Sn(s=0)      Integ_Sn     Sn/S0(@r0)  
<multipole_order n>                    [T/m^n]      [T.m/m^n]        []       |    [T/m^n]      [T.m/m^n]        []      
n=00:                                5.5491e-01    -2.4050e-01   +1.0000e+00  |      ---           ---           ---     
n=01:                                7.3165e+00    +3.2173e+00   -1.6053e-01  |      ---           ---           ---     
n=02:                                4.9267e+00    +1.0541e+00   -6.3114e-04  |      ---           ---           ---     
n=03:                                1.3844e+02    -4.1386e+01   +2.9736e-04  |      ---           ---           ---     
n=04:                                1.8323e+04    -4.8482e+03   +4.1802e-04  |      ---           ---           ---     
n=05:                                4.8697e+05    +2.1331e+04   -2.2070e-05  |      ---           ---           ---     
n=06:                                1.0879e+08    +2.6382e+07   -3.2756e-04  |      ---           ---           ---     
