--- multipoles on reference trajectory (rz > 0) ---
effective_length:                   434.7989707741174 mm
perpendicular_grid:                 41 points in [-10.000000,+10.000000] mm
max_fitting_error_normal            0.035/5107.315 G/G
max_fitting_error_skew              359.687/359.687 G/G
r0_for_relative_multipoles          12 mm
main_monomial                       n = 0, skew:False
                                       Nn(s=0)      Integ_Nn     Nn/N0(@r0)   |    Sn(s=0)      Integ_Sn     Sn/S0(@r0)  
<multipole_order n>                    [T/m^n]      [T.m/m^n]        []       |    [T/m^n]      [T.m/m^n]        []      
n=00:                                5.7697e-01    -2.5087e-01   +1.0000e+00  |      ---           ---           ---     
n=01:                                7.5540e+00    +3.3661e+00   -1.6102e-01  |      ---           ---           ---     
n=02:                                5.4838e+00    +9.4603e-01   -5.4303e-04  |      ---           ---           ---     
n=03:                                1.1131e+02    -5.1911e+01   +3.5757e-04  |      ---           ---           ---     
n=04:                                2.0659e+03    -3.1340e+03   +2.5905e-04  |      ---           ---           ---     
n=05:                                2.8791e+05    +9.2221e+04   -9.1473e-05  |      ---           ---           ---     
n=06:                                2.6201e+06    +1.7842e+07   -2.1237e-04  |      ---           ---           ---     
