--- multipoles on reference trajectory (rz > 0) ---
effective_length:                   433.71047113907144 mm
perpendicular_grid:                 41 points in [-10.000000,+10.000000] mm
max_fitting_error_normal            0.028/4632.938 G/G
max_fitting_error_skew              321.120/321.120 G/G
r0_for_relative_multipoles          12 mm
main_monomial                       n = 0, skew:False
                                       Nn(s=0)      Integ_Nn     Nn/N0(@r0)   |    Sn(s=0)      Integ_Sn     Sn/S0(@r0)  
<multipole_order n>                    [T/m^n]      [T.m/m^n]        []       |    [T/m^n]      [T.m/m^n]        []      
n=00:                                5.2537e-01    -2.2786e-01   +1.0000e+00  |      ---           ---           ---     
n=01:                                6.9318e+00    +3.0621e+00   -1.6126e-01  |      ---           ---           ---     
n=02:                                3.5725e+00    +8.1979e-01   -5.1808e-04  |      ---           ---           ---     
n=03:                                9.0660e+01    -3.3822e+01   +2.5649e-04  |      ---           ---           ---     
n=04:                                1.4603e+04    +3.6694e+02   -3.3393e-05  |      ---           ---           ---     
n=05:                                2.6295e+05    +2.3383e+04   -2.5535e-05  |      ---           ---           ---     
n=06:                                9.6549e+07    -7.4178e+06   +9.7207e-05  |      ---           ---           ---     
