--- multipoles on reference trajectory (rz > 0) ---
effective_length:                   434.4281670075559 mm
perpendicular_grid:                 41 points in [-10.000000,+10.000000] mm
max_fitting_error_normal            0.022/4576.385 G/G
max_fitting_error_skew              322.079/322.079 G/G
r0_for_relative_multipoles          12 mm
main_monomial                       n = 0, skew:False
                                       Nn(s=0)      Integ_Nn     Nn/N0(@r0)   |    Sn(s=0)      Integ_Sn     Sn/S0(@r0)  
<multipole_order n>                    [T/m^n]      [T.m/m^n]        []       |    [T/m^n]      [T.m/m^n]        []      
n=00:                                5.2715e-01    -2.2901e-01   +1.0000e+00  |      ---           ---           ---     
n=01:                                6.9311e+00    +3.0647e+00   -1.6059e-01  |      ---           ---           ---     
n=02:                                4.6040e+00    +1.0214e+00   -6.4223e-04  |      ---           ---           ---     
n=03:                                1.4153e+02    -4.2375e+01   +3.1974e-04  |      ---           ---           ---     
n=04:                                8.6204e+03    -3.5746e+03   +3.2367e-04  |      ---           ---           ---     
n=05:                                5.2699e+05    +7.4682e+04   -8.1146e-05  |      ---           ---           ---     
n=06:                                5.5612e+07    +1.8512e+07   -2.4137e-04  |      ---           ---           ---     
