--- multipoles on reference trajectory (rz > 0) ---
effective_length:                   436.0130160702081 mm
perpendicular_grid:                 41 points in [-10.000000,+10.000000] mm
max_fitting_error_normal            0.037/3779.245 G/G
max_fitting_error_skew              354.004/354.004 G/G
r0_for_relative_multipoles          12 mm
main_monomial                       n = 0, skew:False
                                       Nn(s=0)      Integ_Nn     Nn/N0(@r0)   |    Sn(s=0)      Integ_Sn     Sn/S0(@r0)  
<multipole_order n>                    [T/m^n]      [T.m/m^n]        []       |    [T/m^n]      [T.m/m^n]        []      
n=00:                                5.5024e-01    -2.3991e-01   +1.0000e+00  |      ---           ---           ---     
n=01:                                7.2089e+00    +3.2209e+00   -1.6111e-01  |      ---           ---           ---     
n=02:                                5.1314e+00    +7.8286e-01   -4.6990e-04  |      ---           ---           ---     
n=03:                                1.1337e+02    -4.0459e+01   +2.9142e-04  |      ---           ---           ---     
n=04:                                4.3857e+03    -9.3599e+02   +8.0900e-05  |      ---           ---           ---     
n=05:                                2.0853e+05    +3.9631e+04   -4.1105e-05  |      ---           ---           ---     
n=06:                                2.2822e+07    +6.6508e+06   -8.2778e-05  |      ---           ---           ---     
