--- multipoles on reference trajectory (rz > 0) ---
effective_length:                   435.46333254561637 mm
perpendicular_grid:                 41 points in [-10.000000,+10.000000] mm
max_fitting_error_normal            0.063/4606.059 G/G
max_fitting_error_skew              325.379/325.379 G/G
r0_for_relative_multipoles          12 mm
main_monomial                       n = 0, skew:False
                                       Nn(s=0)      Integ_Nn     Nn/N0(@r0)   |    Sn(s=0)      Integ_Sn     Sn/S0(@r0)  
<multipole_order n>                    [T/m^n]      [T.m/m^n]        []       |    [T/m^n]      [T.m/m^n]        []      
n=00:                                5.2335e-01    -2.2790e-01   +1.0000e+00  |      ---           ---           ---     
n=01:                                6.8800e+00    +3.0620e+00   -1.6123e-01  |      ---           ---           ---     
n=02:                                4.7365e+00    +1.0565e+00   -6.6757e-04  |      ---           ---           ---     
n=03:                                1.4251e+02    -3.3591e+01   +2.5470e-04  |      ---           ---           ---     
n=04:                                3.2842e+03    -8.3016e+03   +7.5534e-04  |      ---           ---           ---     
n=05:                                7.7016e+05    +2.6841e+04   -2.9306e-05  |      ---           ---           ---     
n=06:                                4.9672e+07    +5.0423e+07   -6.6065e-04  |      ---           ---           ---     
