--- multipoles on reference trajectory (rz > 0) ---
effective_length:                   434.67807511490173 mm
perpendicular_grid:                 41 points in [-10.000000,+10.000000] mm
max_fitting_error_normal            0.052/3144.509 G/G
max_fitting_error_skew              341.500/341.500 G/G
r0_for_relative_multipoles          12 mm
main_monomial                       n = 0, skew:False
                                       Nn(s=0)      Integ_Nn     Nn/N0(@r0)   |    Sn(s=0)      Integ_Sn     Sn/S0(@r0)  
<multipole_order n>                    [T/m^n]      [T.m/m^n]        []       |    [T/m^n]      [T.m/m^n]        []      
n=00:                                5.5587e-01    -2.4162e-01   +1.0000e+00  |      ---           ---           ---     
n=01:                                7.2896e+00    +3.2314e+00   -1.6049e-01  |      ---           ---           ---     
n=02:                                5.3893e+00    +1.0710e+00   -6.3827e-04  |      ---           ---           ---     
n=03:                                1.1937e+02    -5.4168e+01   +3.8739e-04  |      ---           ---           ---     
n=04:                                7.1944e+03    -2.2387e+03   +1.9212e-04  |      ---           ---           ---     
n=05:                                3.3427e+05    +1.5070e+05   -1.5520e-04  |      ---           ---           ---     
n=06:                                5.2145e+07    +8.4639e+06   -1.0460e-04  |      ---           ---           ---     
