--- multipoles on reference trajectory (rz > 0) ---
effective_length:                   436.0929906167819 mm
perpendicular_grid:                 41 points in [-10.000000,+10.000000] mm
max_fitting_error_normal            0.024/5030.573 G/G
max_fitting_error_skew              349.946/349.946 G/G
r0_for_relative_multipoles          12 mm
main_monomial                       n = 0, skew:False
                                       Nn(s=0)      Integ_Nn     Nn/N0(@r0)   |    Sn(s=0)      Integ_Sn     Sn/S0(@r0)  
<multipole_order n>                    [T/m^n]      [T.m/m^n]        []       |    [T/m^n]      [T.m/m^n]        []      
n=00:                                5.7711e-01    -2.5167e-01   +1.0000e+00  |      ---           ---           ---     
n=01:                                7.5691e+00    +3.3791e+00   -1.6112e-01  |      ---           ---           ---     
n=02:                                5.6608e+00    +8.7154e-01   -4.9867e-04  |      ---           ---           ---     
n=03:                                5.4226e+00    -2.0901e+01   +1.4351e-04  |      ---           ---           ---     
n=04:                                8.9331e+02    +1.2096e+03   -9.9658e-05  |      ---           ---           ---     
n=05:                                5.6903e+05    -1.1176e+05   +1.1050e-04  |      ---           ---           ---     
n=06:                                1.7512e+07    -8.9524e+06   +1.0622e-04  |      ---           ---           ---     
