--- multipoles on reference trajectory (rz > 0) ---
effective_length:                   436.5911966204043 mm
perpendicular_grid:                 41 points in [-10.000000,+10.000000] mm
max_fitting_error_normal            0.046/3915.743 G/G
max_fitting_error_skew              340.508/340.508 G/G
r0_for_relative_multipoles          12 mm
main_monomial                       n = 0, skew:False
                                       Nn(s=0)      Integ_Nn     Nn/N0(@r0)   |    Sn(s=0)      Integ_Sn     Sn/S0(@r0)  
<multipole_order n>                    [T/m^n]      [T.m/m^n]        []       |    [T/m^n]      [T.m/m^n]        []      
n=00:                                5.4923e-01    -2.3979e-01   +1.0000e+00  |      ---           ---           ---     
n=01:                                7.1962e+00    +3.2220e+00   -1.6124e-01  |      ---           ---           ---     
n=02:                                5.3158e+00    +9.5741e-01   -5.7495e-04  |      ---           ---           ---     
n=03:                                7.0996e+01    -3.1854e+01   +2.2955e-04  |      ---           ---           ---     
n=04:                                9.8935e+03    +1.5902e+02   -1.3751e-05  |      ---           ---           ---     
n=05:                                4.5566e+04    -4.5724e+03   +4.7448e-06  |      ---           ---           ---     
n=06:                                3.8624e+07    -4.0518e+06   +5.0455e-05  |      ---           ---           ---     
