--- multipoles on reference trajectory (rz > 0) ---
effective_length:                   435.4013647499217 mm
perpendicular_grid:                 41 points in [-10.000000,+10.000000] mm
max_fitting_error_normal            0.042/6407.321 G/G
max_fitting_error_skew              345.696/345.696 G/G
r0_for_relative_multipoles          12 mm
main_monomial                       n = 0, skew:False
                                       Nn(s=0)      Integ_Nn     Nn/N0(@r0)   |    Sn(s=0)      Integ_Sn     Sn/S0(@r0)  
<multipole_order n>                    [T/m^n]      [T.m/m^n]        []       |    [T/m^n]      [T.m/m^n]        []      
n=00:                                5.5336e-01    -2.4094e-01   +1.0000e+00  |      ---           ---           ---     
n=01:                                7.2611e+00    +3.2364e+00   -1.6119e-01  |      ---           ---           ---     
n=02:                                5.8622e+00    +1.2181e+00   -7.2803e-04  |      ---           ---           ---     
n=03:                                1.2839e+02    -4.5156e+01   +3.2386e-04  |      ---           ---           ---     
n=04:                                4.4629e+03    -2.6491e+03   +2.2799e-04  |      ---           ---           ---     
n=05:                                5.7202e+05    +1.1601e+05   -1.1982e-04  |      ---           ---           ---     
n=06:                                2.0414e+07    +9.4437e+06   -1.1704e-04  |      ---           ---           ---     
