--- multipoles on reference trajectory (rz > 0) ---
effective_length:                   434.4353583505689 mm
perpendicular_grid:                 41 points in [-10.000000,+10.000000] mm
max_fitting_error_normal            0.036/3584.558 G/G
max_fitting_error_skew              336.511/336.511 G/G
r0_for_relative_multipoles          12 mm
main_monomial                       n = 0, skew:False
                                       Nn(s=0)      Integ_Nn     Nn/N0(@r0)   |    Sn(s=0)      Integ_Sn     Sn/S0(@r0)  
<multipole_order n>                    [T/m^n]      [T.m/m^n]        []       |    [T/m^n]      [T.m/m^n]        []      
n=00:                                5.5217e-01    -2.3988e-01   +1.0000e+00  |      ---           ---           ---     
n=01:                                7.2572e+00    +3.2207e+00   -1.6111e-01  |      ---           ---           ---     
n=02:                                5.0126e+00    +9.0678e-01   -5.4434e-04  |      ---           ---           ---     
n=03:                                2.0664e+01    -1.4537e+01   +1.0472e-04  |      ---           ---           ---     
n=04:                                5.5618e+02    -2.5725e+02   +2.2237e-05  |      ---           ---           ---     
n=05:                                5.0991e+05    -1.2331e+05   +1.2791e-04  |      ---           ---           ---     
n=06:                                1.8466e+07    +4.0952e+06   -5.0976e-05  |      ---           ---           ---     
