--- multipoles on reference trajectory (rz > 0) ---
effective_length:                   433.3515061839468 mm
perpendicular_grid:                 41 points in [-10.000000,+10.000000] mm
max_fitting_error_normal            0.056/6062.357 G/G
max_fitting_error_skew              323.426/323.426 G/G
r0_for_relative_multipoles          12 mm
main_monomial                       n = 0, skew:False
                                       Nn(s=0)      Integ_Nn     Nn/N0(@r0)   |    Sn(s=0)      Integ_Sn     Sn/S0(@r0)  
<multipole_order n>                    [T/m^n]      [T.m/m^n]        []       |    [T/m^n]      [T.m/m^n]        []      
n=00:                                5.2602e-01    -2.2795e-01   +1.0000e+00  |      ---           ---           ---     
n=01:                                6.9610e+00    +3.0597e+00   -1.6107e-01  |      ---           ---           ---     
n=02:                                4.0074e+00    +8.3225e-01   -5.2574e-04  |      ---           ---           ---     
n=03:                                9.7911e+01    -2.1529e+01   +1.6320e-04  |      ---           ---           ---     
n=04:                                6.0333e+03    -1.4841e+03   +1.3501e-04  |      ---           ---           ---     
n=05:                                2.7397e+05    -9.5224e+04   +1.0395e-04  |      ---           ---           ---     
n=06:                                3.4520e+07    +4.9253e+06   -6.4517e-05  |      ---           ---           ---     
