--- multipoles on reference trajectory (rz > 0) ---
effective_length:                   436.3047593786362 mm
perpendicular_grid:                 41 points in [-10.000000,+10.000000] mm
max_fitting_error_normal            0.048/3424.514 G/G
max_fitting_error_skew              342.496/342.496 G/G
r0_for_relative_multipoles          12 mm
main_monomial                       n = 0, skew:False
                                       Nn(s=0)      Integ_Nn     Nn/N0(@r0)   |    Sn(s=0)      Integ_Sn     Sn/S0(@r0)  
<multipole_order n>                    [T/m^n]      [T.m/m^n]        []       |    [T/m^n]      [T.m/m^n]        []      
n=00:                                5.5389e-01    -2.4166e-01   +1.0000e+00  |      ---           ---           ---     
n=01:                                7.2210e+00    +3.2345e+00   -1.6061e-01  |      ---           ---           ---     
n=02:                                6.6784e+00    +1.0909e+00   -6.5004e-04  |      ---           ---           ---     
n=03:                                4.5734e+01    -1.8911e+01   +1.3522e-04  |      ---           ---           ---     
n=04:                                1.1511e+04    -2.4405e+03   +2.0941e-04  |      ---           ---           ---     
n=05:                                8.5931e+04    -6.4526e+04   +6.6440e-05  |      ---           ---           ---     
n=06:                                6.3374e+07    +9.4641e+06   -1.1694e-04  |      ---           ---           ---     
