--- multipoles on reference trajectory (rz > 0) ---
effective_length:                   433.73010898094066 mm
perpendicular_grid:                 41 points in [-10.000000,+10.000000] mm
max_fitting_error_normal            0.033/4644.740 G/G
max_fitting_error_skew              322.050/322.050 G/G
r0_for_relative_multipoles          12 mm
main_monomial                       n = 0, skew:False
                                       Nn(s=0)      Integ_Nn     Nn/N0(@r0)   |    Sn(s=0)      Integ_Sn     Sn/S0(@r0)  
<multipole_order n>                    [T/m^n]      [T.m/m^n]        []       |    [T/m^n]      [T.m/m^n]        []      
n=00:                                5.2699e-01    -2.2857e-01   +1.0000e+00  |      ---           ---           ---     
n=01:                                6.9300e+00    +3.0617e+00   -1.6074e-01  |      ---           ---           ---     
n=02:                                3.6443e+00    +8.4606e-01   -5.3302e-04  |      ---           ---           ---     
n=03:                                9.8522e+01    -3.3518e+01   +2.5340e-04  |      ---           ---           ---     
n=04:                                1.4053e+04    +2.4143e+02   -2.1903e-05  |      ---           ---           ---     
n=05:                                3.3863e+05    +2.6995e+04   -2.9388e-05  |      ---           ---           ---     
n=06:                                9.4876e+07    -6.6193e+06   +8.6473e-05  |      ---           ---           ---     
