--- multipoles on reference trajectory (rz > 0) ---
effective_length:                   434.06509152735606 mm
perpendicular_grid:                 41 points in [-10.000000,+10.000000] mm
max_fitting_error_normal            0.028/6687.547 G/G
max_fitting_error_skew              351.025/351.025 G/G
r0_for_relative_multipoles          12 mm
main_monomial                       n = 0, skew:False
                                       Nn(s=0)      Integ_Nn     Nn/N0(@r0)   |    Sn(s=0)      Integ_Sn     Sn/S0(@r0)  
<multipole_order n>                    [T/m^n]      [T.m/m^n]        []       |    [T/m^n]      [T.m/m^n]        []      
n=00:                                5.7842e-01    -2.5107e-01   +1.0000e+00  |      ---           ---           ---     
n=01:                                7.6064e+00    +3.3727e+00   -1.6120e-01  |      ---           ---           ---     
n=02:                                6.1554e+00    +1.1072e+00   -6.3501e-04  |      ---           ---           ---     
n=03:                                2.7210e+00    -3.3754e+01   +2.3231e-04  |      ---           ---           ---     
n=04:                                7.8442e+02    -5.7826e+02   +4.7758e-05  |      ---           ---           ---     
n=05:                                4.1383e+05    +8.0033e+03   -7.9319e-06  |      ---           ---           ---     
n=06:                                7.9672e+06    -5.9617e+04   +7.0903e-07  |      ---           ---           ---     
