--- multipoles on reference trajectory (rz > 0) ---
effective_length:                   435.73364685638995 mm
perpendicular_grid:                 41 points in [-10.000000,+10.000000] mm
max_fitting_error_normal            0.041/4912.859 G/G
max_fitting_error_skew              337.487/337.487 G/G
r0_for_relative_multipoles          12 mm
main_monomial                       n = 0, skew:False
                                       Nn(s=0)      Integ_Nn     Nn/N0(@r0)   |    Sn(s=0)      Integ_Sn     Sn/S0(@r0)  
<multipole_order n>                    [T/m^n]      [T.m/m^n]        []       |    [T/m^n]      [T.m/m^n]        []      
n=00:                                5.5513e-01    -2.4189e-01   +1.0000e+00  |      ---           ---           ---     
n=01:                                7.2713e+00    +3.2361e+00   -1.6054e-01  |      ---           ---           ---     
n=02:                                6.4219e+00    +1.1177e+00   -6.6541e-04  |      ---           ---           ---     
n=03:                                9.9505e+00    -9.0177e+00   +6.4421e-05  |      ---           ---           ---     
n=04:                                2.7642e+04    -4.6845e+03   +4.0158e-04  |      ---           ---           ---     
n=05:                                2.3798e+05    -1.4374e+05   +1.4786e-04  |      ---           ---           ---     
n=06:                                1.6222e+08    +2.5603e+07   -3.1605e-04  |      ---           ---           ---     
