--- multipoles on reference trajectory (rz > 0) ---
effective_length:                   434.86197097567015 mm
perpendicular_grid:                 41 points in [-10.000000,+10.000000] mm
max_fitting_error_normal            0.033/6707.604 G/G
max_fitting_error_skew              360.808/360.808 G/G
r0_for_relative_multipoles          12 mm
main_monomial                       n = 0, skew:False
                                       Nn(s=0)      Integ_Nn     Nn/N0(@r0)   |    Sn(s=0)      Integ_Sn     Sn/S0(@r0)  
<multipole_order n>                    [T/m^n]      [T.m/m^n]        []       |    [T/m^n]      [T.m/m^n]        []      
n=00:                                5.7889e-01    -2.5174e-01   +1.0000e+00  |      ---           ---           ---     
n=01:                                7.5512e+00    +3.3656e+00   -1.6043e-01  |      ---           ---           ---     
n=02:                                5.5971e+00    +9.8833e-01   -5.6534e-04  |      ---           ---           ---     
n=03:                                1.1415e+02    -4.9541e+01   +3.4006e-04  |      ---           ---           ---     
n=04:                                7.3137e+02    -3.3545e+03   +2.7631e-04  |      ---           ---           ---     
n=05:                                2.9277e+05    +7.4415e+04   -7.3556e-05  |      ---           ---           ---     
n=06:                                1.0642e+07    +1.8796e+07   -2.2295e-04  |      ---           ---           ---     
