--- multipoles on reference trajectory (rz > 0) ---
effective_length:                   435.28025761323886 mm
perpendicular_grid:                 41 points in [-10.000000,+10.000000] mm
max_fitting_error_normal            0.058/6374.216 G/G
max_fitting_error_skew              340.316/340.316 G/G
r0_for_relative_multipoles          12 mm
main_monomial                       n = 0, skew:False
                                       Nn(s=0)      Integ_Nn     Nn/N0(@r0)   |    Sn(s=0)      Integ_Sn     Sn/S0(@r0)  
<multipole_order n>                    [T/m^n]      [T.m/m^n]        []       |    [T/m^n]      [T.m/m^n]        []      
n=00:                                5.5099e-01    -2.3984e-01   +1.0000e+00  |      ---           ---           ---     
n=01:                                7.2405e+00    +3.2241e+00   -1.6132e-01  |      ---           ---           ---     
n=02:                                5.1521e+00    +1.0528e+00   -6.3213e-04  |      ---           ---           ---     
n=03:                                4.5106e+01    -4.2022e+01   +3.0277e-04  |      ---           ---           ---     
n=04:                                1.0981e+04    +2.1699e+03   -1.8760e-04  |      ---           ---           ---     
n=05:                                7.1756e+04    +1.3260e+05   -1.3757e-04  |      ---           ---           ---     
n=06:                                6.0482e+07    -1.8084e+07   +2.2515e-04  |      ---           ---           ---     
