--- multipoles on reference trajectory (rz > 0) ---
effective_length:                   435.262940074067 mm
perpendicular_grid:                 41 points in [-10.000000,+10.000000] mm
max_fitting_error_normal            0.081/6714.211 G/G
max_fitting_error_skew              355.756/355.756 G/G
r0_for_relative_multipoles          12 mm
main_monomial                       n = 0, skew:False
                                       Nn(s=0)      Integ_Nn     Nn/N0(@r0)   |    Sn(s=0)      Integ_Sn     Sn/S0(@r0)  
<multipole_order n>                    [T/m^n]      [T.m/m^n]        []       |    [T/m^n]      [T.m/m^n]        []      
n=00:                                5.8034e-01    -2.5260e-01   +1.0000e+00  |      ---           ---           ---     
n=01:                                7.5827e+00    +3.3741e+00   -1.6029e-01  |      ---           ---           ---     
n=02:                                6.3029e+00    +1.2699e+00   -7.2391e-04  |      ---           ---           ---     
n=03:                                1.1118e+02    -2.6232e+01   +1.7945e-04  |      ---           ---           ---     
n=04:                                1.6915e+04    -7.1258e+03   +5.8496e-04  |      ---           ---           ---     
n=05:                                3.0428e+05    -1.4577e+05   +1.4360e-04  |      ---           ---           ---     
n=06:                                1.1801e+08    +4.2550e+07   -5.0298e-04  |      ---           ---           ---     
