--- multipoles on reference trajectory (rz > 0) ---
effective_length:                   436.0988326639576 mm
perpendicular_grid:                 41 points in [-10.000000,+10.000000] mm
max_fitting_error_normal            0.024/5035.365 G/G
max_fitting_error_skew              350.203/350.203 G/G
r0_for_relative_multipoles          12 mm
main_monomial                       n = 0, skew:False
                                       Nn(s=0)      Integ_Nn     Nn/N0(@r0)   |    Sn(s=0)      Integ_Sn     Sn/S0(@r0)  
<multipole_order n>                    [T/m^n]      [T.m/m^n]        []       |    [T/m^n]      [T.m/m^n]        []      
n=00:                                5.7756e-01    -2.5187e-01   +1.0000e+00  |      ---           ---           ---     
n=01:                                7.5684e+00    +3.3790e+00   -1.6099e-01  |      ---           ---           ---     
n=02:                                5.6548e+00    +8.7413e-01   -4.9976e-04  |      ---           ---           ---     
n=03:                                5.3401e+00    -2.1093e+01   +1.4471e-04  |      ---           ---           ---     
n=04:                                5.4814e+02    +1.2816e+03   -1.0551e-04  |      ---           ---           ---     
n=05:                                5.7229e+05    -1.0961e+05   +1.0829e-04  |      ---           ---           ---     
n=06:                                1.6040e+07    -9.2810e+06   +1.1003e-04  |      ---           ---           ---     
