--- multipoles on reference trajectory (rz > 0) ---
effective_length:                   434.482816711736 mm
perpendicular_grid:                 41 points in [-10.000000,+10.000000] mm
max_fitting_error_normal            0.043/5114.588 G/G
max_fitting_error_skew              350.346/350.346 G/G
r0_for_relative_multipoles          12 mm
main_monomial                       n = 0, skew:False
                                       Nn(s=0)      Integ_Nn     Nn/N0(@r0)   |    Sn(s=0)      Integ_Sn     Sn/S0(@r0)  
<multipole_order n>                    [T/m^n]      [T.m/m^n]        []       |    [T/m^n]      [T.m/m^n]        []      
n=00:                                5.8017e-01    -2.5207e-01   +1.0000e+00  |      ---           ---           ---     
n=01:                                7.5894e+00    +3.3736e+00   -1.6060e-01  |      ---           ---           ---     
n=02:                                6.5720e+00    +1.2190e+00   -6.9636e-04  |      ---           ---           ---     
n=03:                                3.6990e+01    -3.3778e+01   +2.3155e-04  |      ---           ---           ---     
n=04:                                1.6505e+04    -3.1065e+03   +2.5555e-04  |      ---           ---           ---     
n=05:                                7.0719e+04    +3.8003e+02   -3.7515e-07  |      ---           ---           ---     
n=06:                                1.2001e+08    +1.7811e+07   -2.1099e-04  |      ---           ---           ---     
