--- multipoles on reference trajectory (rz > 0) ---
effective_length:                   435.42111038749573 mm
perpendicular_grid:                 41 points in [-10.000000,+10.000000] mm
max_fitting_error_normal            0.056/5766.672 G/G
max_fitting_error_skew              336.264/336.264 G/G
r0_for_relative_multipoles          12 mm
main_monomial                       n = 0, skew:False
                                       Nn(s=0)      Integ_Nn     Nn/N0(@r0)   |    Sn(s=0)      Integ_Sn     Sn/S0(@r0)  
<multipole_order n>                    [T/m^n]      [T.m/m^n]        []       |    [T/m^n]      [T.m/m^n]        []      
n=00:                                5.5065e-01    -2.3977e-01   +1.0000e+00  |      ---           ---           ---     
n=01:                                7.2048e+00    +3.2160e+00   -1.6096e-01  |      ---           ---           ---     
n=02:                                5.9238e+00    +9.1030e-01   -5.4671e-04  |      ---           ---           ---     
n=03:                                5.5506e+01    -8.3591e+00   +6.0244e-05  |      ---           ---           ---     
n=04:                                1.9631e+03    +5.7001e+02   -4.9297e-05  |      ---           ---           ---     
n=05:                                7.8408e+05    -1.8951e+05   +1.9667e-04  |      ---           ---           ---     
n=06:                                6.7873e+06    -3.9513e+06   +4.9209e-05  |      ---           ---           ---     
