--- multipoles on reference trajectory (rz > 0) ---
effective_length:                   437.1599411895606 mm
perpendicular_grid:                 41 points in [-10.000000,+10.000000] mm
max_fitting_error_normal            0.024/4618.804 G/G
max_fitting_error_skew              323.216/323.216 G/G
r0_for_relative_multipoles          12 mm
main_monomial                       n = 0, skew:False
                                       Nn(s=0)      Integ_Nn     Nn/N0(@r0)   |    Sn(s=0)      Integ_Sn     Sn/S0(@r0)  
<multipole_order n>                    [T/m^n]      [T.m/m^n]        []       |    [T/m^n]      [T.m/m^n]        []      
n=00:                                5.2252e-01    -2.2842e-01   +1.0000e+00  |      ---           ---           ---     
n=01:                                6.8567e+00    +3.0681e+00   -1.6118e-01  |      ---           ---           ---     
n=02:                                5.0042e+00    +6.4622e-01   -4.0738e-04  |      ---           ---           ---     
n=03:                                5.4912e+00    -1.6264e+01   +1.2304e-04  |      ---           ---           ---     
n=04:                                3.3445e+03    -5.4778e+01   +4.9727e-06  |      ---           ---           ---     
n=05:                                3.1039e+05    -7.9393e+04   +8.6486e-05  |      ---           ---           ---     
n=06:                                1.5104e+07    -1.8124e+04   +2.3692e-07  |      ---           ---           ---     
