--- multipoles on reference trajectory (rz > 0) ---
effective_length:                   435.13248442864165 mm
perpendicular_grid:                 41 points in [-10.000000,+10.000000] mm
max_fitting_error_normal            0.036/3632.738 G/G
max_fitting_error_skew              323.114/323.114 G/G
r0_for_relative_multipoles          12 mm
main_monomial                       n = 0, skew:False
                                       Nn(s=0)      Integ_Nn     Nn/N0(@r0)   |    Sn(s=0)      Integ_Sn     Sn/S0(@r0)  
<multipole_order n>                    [T/m^n]      [T.m/m^n]        []       |    [T/m^n]      [T.m/m^n]        []      
n=00:                                5.2443e-01    -2.2820e-01   +1.0000e+00  |      ---           ---           ---     
n=01:                                6.8976e+00    +3.0641e+00   -1.6113e-01  |      ---           ---           ---     
n=02:                                5.3173e+00    +8.2949e-01   -5.2344e-04  |      ---           ---           ---     
n=03:                                7.1738e+01    -3.8264e+01   +2.8975e-04  |      ---           ---           ---     
n=04:                                1.1766e+04    +9.5754e+02   -8.7011e-05  |      ---           ---           ---     
n=05:                                1.5192e+05    +7.0966e+04   -7.7383e-05  |      ---           ---           ---     
n=06:                                6.9152e+07    -9.0807e+06   +1.1882e-04  |      ---           ---           ---     
