--- multipoles on reference trajectory (rz > 0) ---
effective_length:                   435.7671947317018 mm
perpendicular_grid:                 41 points in [-10.000000,+10.000000] mm
max_fitting_error_normal            0.036/6054.097 G/G
max_fitting_error_skew              323.965/323.965 G/G
r0_for_relative_multipoles          12 mm
main_monomial                       n = 0, skew:False
                                       Nn(s=0)      Integ_Nn     Nn/N0(@r0)   |    Sn(s=0)      Integ_Sn     Sn/S0(@r0)  
<multipole_order n>                    [T/m^n]      [T.m/m^n]        []       |    [T/m^n]      [T.m/m^n]        []      
n=00:                                5.2284e-01    -2.2784e-01   +1.0000e+00  |      ---           ---           ---     
n=01:                                6.8783e+00    +3.0676e+00   -1.6157e-01  |      ---           ---           ---     
n=02:                                4.8321e+00    +8.6622e-01   -5.4748e-04  |      ---           ---           ---     
n=03:                                7.3998e+01    -4.3848e+01   +3.3256e-04  |      ---           ---           ---     
n=04:                                1.6807e+03    +1.4795e+02   -1.3465e-05  |      ---           ---           ---     
n=05:                                1.5751e+05    +9.1029e+04   -9.9417e-05  |      ---           ---           ---     
n=06:                                1.7540e+07    -2.5444e+06   +3.3346e-05  |      ---           ---           ---     
