--- multipoles on reference trajectory (rz > 0) ---
effective_length:                   435.3413362319464 mm
perpendicular_grid:                 41 points in [-10.000000,+10.000000] mm
max_fitting_error_normal            0.030/4866.001 G/G
max_fitting_error_skew              343.154/343.154 G/G
r0_for_relative_multipoles          12 mm
main_monomial                       n = 0, skew:False
                                       Nn(s=0)      Integ_Nn     Nn/N0(@r0)   |    Sn(s=0)      Integ_Sn     Sn/S0(@r0)  
<multipole_order n>                    [T/m^n]      [T.m/m^n]        []       |    [T/m^n]      [T.m/m^n]        []      
n=00:                                5.5198e-01    -2.4030e-01   +1.0000e+00  |      ---           ---           ---     
n=01:                                7.2325e+00    +3.2215e+00   -1.6087e-01  |      ---           ---           ---     
n=02:                                5.8318e+00    +1.2186e+00   -7.3023e-04  |      ---           ---           ---     
n=03:                                8.3680e+01    -3.1125e+01   +2.2382e-04  |      ---           ---           ---     
n=04:                                8.8745e+02    -3.0564e+03   +2.6374e-04  |      ---           ---           ---     
n=05:                                3.0267e+05    +6.8625e+04   -7.1062e-05  |      ---           ---           ---     
n=06:                                4.3686e+06    +1.1828e+07   -1.4697e-04  |      ---           ---           ---     
