--- multipoles on reference trajectory (rz > 0) ---
effective_length:                   434.15840279739245 mm
perpendicular_grid:                 41 points in [-10.000000,+10.000000] mm
max_fitting_error_normal            0.041/4372.733 G/G
max_fitting_error_skew              338.057/338.057 G/G
r0_for_relative_multipoles          12 mm
main_monomial                       n = 0, skew:False
                                       Nn(s=0)      Integ_Nn     Nn/N0(@r0)   |    Sn(s=0)      Integ_Sn     Sn/S0(@r0)  
<multipole_order n>                    [T/m^n]      [T.m/m^n]        []       |    [T/m^n]      [T.m/m^n]        []      
n=00:                                5.5418e-01    -2.4060e-01   +1.0000e+00  |      ---           ---           ---     
n=01:                                7.2937e+00    +3.2350e+00   -1.6135e-01  |      ---           ---           ---     
n=02:                                5.6549e+00    +1.0581e+00   -6.3329e-04  |      ---           ---           ---     
n=03:                                1.0323e+02    -2.8519e+01   +2.0482e-04  |      ---           ---           ---     
n=04:                                6.0838e+03    -1.6989e+03   +1.4642e-04  |      ---           ---           ---     
n=05:                                2.9455e+05    -5.0518e+04   +5.2246e-05  |      ---           ---           ---     
n=06:                                3.9484e+07    +8.5070e+06   -1.0558e-04  |      ---           ---           ---     
