--- multipoles on reference trajectory (rz > 0) ---
effective_length:                   434.19742202089355 mm
perpendicular_grid:                 41 points in [-10.000000,+10.000000] mm
max_fitting_error_normal            0.026/3858.048 G/G
max_fitting_error_skew              353.872/353.872 G/G
r0_for_relative_multipoles          12 mm
main_monomial                       n = 0, skew:False
                                       Nn(s=0)      Integ_Nn     Nn/N0(@r0)   |    Sn(s=0)      Integ_Sn     Sn/S0(@r0)  
<multipole_order n>                    [T/m^n]      [T.m/m^n]        []       |    [T/m^n]      [T.m/m^n]        []      
n=00:                                5.7928e-01    -2.5152e-01   +1.0000e+00  |      ---           ---           ---     
n=01:                                7.6066e+00    +3.3744e+00   -1.6099e-01  |      ---           ---           ---     
n=02:                                5.9002e+00    +1.2098e+00   -6.9260e-04  |      ---           ---           ---     
n=03:                                3.4124e+01    -1.6382e+01   +1.1254e-04  |      ---           ---           ---     
n=04:                                7.0072e+03    -1.8318e+02   +1.5102e-05  |      ---           ---           ---     
n=05:                                2.1284e+05    -6.2371e+04   +6.1703e-05  |      ---           ---           ---     
n=06:                                5.1473e+07    -5.7402e+06   +6.8145e-05  |      ---           ---           ---     
