--- multipoles on reference trajectory (rz > 0) ---
effective_length:                   435.13336563110414 mm
perpendicular_grid:                 41 points in [-10.000000,+10.000000] mm
max_fitting_error_normal            0.031/5787.635 G/G
max_fitting_error_skew              343.503/343.503 G/G
r0_for_relative_multipoles          12 mm
main_monomial                       n = 0, skew:False
                                       Nn(s=0)      Integ_Nn     Nn/N0(@r0)   |    Sn(s=0)      Integ_Sn     Sn/S0(@r0)  
<multipole_order n>                    [T/m^n]      [T.m/m^n]        []       |    [T/m^n]      [T.m/m^n]        []      
n=00:                                5.5284e-01    -2.4056e-01   +1.0000e+00  |      ---           ---           ---     
n=01:                                7.2394e+00    +3.2224e+00   -1.6075e-01  |      ---           ---           ---     
n=02:                                4.4512e+00    +9.1196e-01   -5.4590e-04  |      ---           ---           ---     
n=03:                                8.1083e+00    -2.2009e+01   +1.5810e-04  |      ---           ---           ---     
n=04:                                2.2070e+04    +2.0686e+03   -1.7831e-04  |      ---           ---           ---     
n=05:                                3.7985e+05    -7.0417e+04   +7.2838e-05  |      ---           ---           ---     
n=06:                                1.2351e+08    -1.2048e+07   +1.4955e-04  |      ---           ---           ---     
