--- multipoles on reference trajectory (rz > 0) ---
effective_length:                   435.44889986524663 mm
perpendicular_grid:                 41 points in [-10.000000,+10.000000] mm
max_fitting_error_normal            0.078/4879.691 G/G
max_fitting_error_skew              329.989/329.989 G/G
r0_for_relative_multipoles          12 mm
main_monomial                       n = 0, skew:False
                                       Nn(s=0)      Integ_Nn     Nn/N0(@r0)   |    Sn(s=0)      Integ_Sn     Sn/S0(@r0)  
<multipole_order n>                    [T/m^n]      [T.m/m^n]        []       |    [T/m^n]      [T.m/m^n]        []      
n=00:                                5.5365e-01    -2.4108e-01   +1.0000e+00  |      ---           ---           ---     
n=01:                                7.2752e+00    +3.2362e+00   -1.6108e-01  |      ---           ---           ---     
n=02:                                4.8931e+00    +6.8421e-01   -4.0868e-04  |      ---           ---           ---     
n=03:                                1.7288e+01    -1.4224e+01   +1.0195e-04  |      ---           ---           ---     
n=04:                                4.5575e+03    +2.4926e+03   -2.1439e-04  |      ---           ---           ---     
n=05:                                5.3386e+05    -1.6412e+05   +1.6939e-04  |      ---           ---           ---     
n=06:                                4.5854e+07    -1.1710e+07   +1.4503e-04  |      ---           ---           ---     
