--- multipoles on reference trajectory (rz > 0) ---
effective_length:                   433.34798879542717 mm
perpendicular_grid:                 41 points in [-10.000000,+10.000000] mm
max_fitting_error_normal            0.045/4582.873 G/G
max_fitting_error_skew              315.423/315.423 G/G
r0_for_relative_multipoles          12 mm
main_monomial                       n = 0, skew:False
                                       Nn(s=0)      Integ_Nn     Nn/N0(@r0)   |    Sn(s=0)      Integ_Sn     Sn/S0(@r0)  
<multipole_order n>                    [T/m^n]      [T.m/m^n]        []       |    [T/m^n]      [T.m/m^n]        []      
n=00:                                5.2625e-01    -2.2805e-01   +1.0000e+00  |      ---           ---           ---     
n=01:                                6.9419e+00    +3.0644e+00   -1.6125e-01  |      ---           ---           ---     
n=02:                                4.5538e+00    +8.2907e-01   -5.2351e-04  |      ---           ---           ---     
n=03:                                3.3343e+01    -2.6828e+01   +2.0329e-04  |      ---           ---           ---     
n=04:                                5.5696e+02    +2.8097e+03   -2.5548e-04  |      ---           ---           ---     
n=05:                                9.3250e+04    -2.8255e+04   +3.0831e-05  |      ---           ---           ---     
n=06:                                4.3407e+06    -1.7717e+07   +2.3197e-04  |      ---           ---           ---     
