--- multipoles on reference trajectory (rz > 0) ---
effective_length:                   435.1389681792876 mm
perpendicular_grid:                 41 points in [-10.000000,+10.000000] mm
max_fitting_error_normal            0.043/5023.825 G/G
max_fitting_error_skew              359.615/359.615 G/G
r0_for_relative_multipoles          12 mm
main_monomial                       n = 0, skew:False
                                       Nn(s=0)      Integ_Nn     Nn/N0(@r0)   |    Sn(s=0)      Integ_Sn     Sn/S0(@r0)  
<multipole_order n>                    [T/m^n]      [T.m/m^n]        []       |    [T/m^n]      [T.m/m^n]        []      
n=00:                                5.7753e-01    -2.5131e-01   +1.0000e+00  |      ---           ---           ---     
n=01:                                7.5877e+00    +3.3778e+00   -1.6129e-01  |      ---           ---           ---     
n=02:                                4.9885e+00    +1.0385e+00   -5.9507e-04  |      ---           ---           ---     
n=03:                                9.1900e-02    -1.5538e+01   +1.0684e-04  |      ---           ---           ---     
n=04:                                2.4765e+04    +1.3091e+03   -1.0802e-04  |      ---           ---           ---     
n=05:                                3.9509e+05    -8.9260e+04   +8.8382e-05  |      ---           ---           ---     
n=06:                                1.5317e+08    -1.0947e+07   +1.3007e-04  |      ---           ---           ---     
