--- multipoles on reference trajectory (rz > 0) ---
effective_length:                   434.5879876759397 mm
perpendicular_grid:                 41 points in [-10.000000,+10.000000] mm
max_fitting_error_normal            0.046/5491.526 G/G
max_fitting_error_skew              344.448/344.448 G/G
r0_for_relative_multipoles          12 mm
main_monomial                       n = 0, skew:False
                                       Nn(s=0)      Integ_Nn     Nn/N0(@r0)   |    Sn(s=0)      Integ_Sn     Sn/S0(@r0)  
<multipole_order n>                    [T/m^n]      [T.m/m^n]        []       |    [T/m^n]      [T.m/m^n]        []      
n=00:                                5.5427e-01    -2.4088e-01   +1.0000e+00  |      ---           ---           ---     
n=01:                                7.2939e+00    +3.2381e+00   -1.6131e-01  |      ---           ---           ---     
n=02:                                4.1320e+00    +7.0047e-01   -4.1875e-04  |      ---           ---           ---     
n=03:                                3.6460e+00    -2.5730e+01   +1.8458e-04  |      ---           ---           ---     
n=04:                                2.1805e+04    +4.9521e+03   -4.2630e-04  |      ---           ---           ---     
n=05:                                2.2781e+05    +1.2630e+04   -1.3047e-05  |      ---           ---           ---     
n=06:                                1.1523e+08    -2.5233e+07   +3.1279e-04  |      ---           ---           ---     
