--- multipoles on reference trajectory (rz > 0) ---
effective_length:                   435.76303103442467 mm
perpendicular_grid:                 41 points in [-10.000000,+10.000000] mm
max_fitting_error_normal            0.061/4644.081 G/G
max_fitting_error_skew              330.469/330.469 G/G
r0_for_relative_multipoles          12 mm
main_monomial                       n = 0, skew:False
                                       Nn(s=0)      Integ_Nn     Nn/N0(@r0)   |    Sn(s=0)      Integ_Sn     Sn/S0(@r0)  
<multipole_order n>                    [T/m^n]      [T.m/m^n]        []       |    [T/m^n]      [T.m/m^n]        []      
n=00:                                5.2550e-01    -2.2899e-01   +1.0000e+00  |      ---           ---           ---     
n=01:                                6.8740e+00    +3.0649e+00   -1.6061e-01  |      ---           ---           ---     
n=02:                                4.4774e+00    +8.4889e-01   -5.3381e-04  |      ---           ---           ---     
n=03:                                6.1444e+01    -3.4076e+01   +2.5714e-04  |      ---           ---           ---     
n=04:                                1.3408e+04    +8.6430e+02   -7.8265e-05  |      ---           ---           ---     
n=05:                                7.3949e+04    +5.3353e+04   -5.7975e-05  |      ---           ---           ---     
n=06:                                6.8874e+07    -4.6835e+06   +6.1071e-05  |      ---           ---           ---     
