--- multipoles on reference trajectory (rz > 0) ---
effective_length:                   435.4210929436049 mm
perpendicular_grid:                 41 points in [-10.000000,+10.000000] mm
max_fitting_error_normal            0.050/4796.617 G/G
max_fitting_error_skew              337.534/337.534 G/G
r0_for_relative_multipoles          12 mm
main_monomial                       n = 0, skew:False
                                       Nn(s=0)      Integ_Nn     Nn/N0(@r0)   |    Sn(s=0)      Integ_Sn     Sn/S0(@r0)  
<multipole_order n>                    [T/m^n]      [T.m/m^n]        []       |    [T/m^n]      [T.m/m^n]        []      
n=00:                                5.5258e-01    -2.4060e-01   +1.0000e+00  |      ---           ---           ---     
n=01:                                7.2444e+00    +3.2315e+00   -1.6117e-01  |      ---           ---           ---     
n=02:                                6.1552e+00    +1.1006e+00   -6.5867e-04  |      ---           ---           ---     
n=03:                                1.8425e+02    -4.2836e+01   +3.0764e-04  |      ---           ---           ---     
n=04:                                1.2930e+04    -4.4802e+03   +3.8612e-04  |      ---           ---           ---     
n=05:                                9.3271e+05    +7.0087e+04   -7.2484e-05  |      ---           ---           ---     
n=06:                                9.6454e+07    +2.7454e+07   -3.4072e-04  |      ---           ---           ---     
