--- multipoles on reference trajectory (rz > 0) ---
effective_length:                   434.45240156853436 mm
perpendicular_grid:                 41 points in [-10.000000,+10.000000] mm
max_fitting_error_normal            0.035/3618.405 G/G
max_fitting_error_skew              338.719/338.719 G/G
r0_for_relative_multipoles          12 mm
main_monomial                       n = 0, skew:False
                                       Nn(s=0)      Integ_Nn     Nn/N0(@r0)   |    Sn(s=0)      Integ_Sn     Sn/S0(@r0)  
<multipole_order n>                    [T/m^n]      [T.m/m^n]        []       |    [T/m^n]      [T.m/m^n]        []      
n=00:                                5.5588e-01    -2.4150e-01   +1.0000e+00  |      ---           ---           ---     
n=01:                                7.2911e+00    +3.2357e+00   -1.6078e-01  |      ---           ---           ---     
n=02:                                5.7440e+00    +9.2732e-01   -5.5293e-04  |      ---           ---           ---     
n=03:                                9.9305e+01    -3.8566e+01   +2.7594e-04  |      ---           ---           ---     
n=04:                                7.0508e+03    +1.5479e+03   -1.3291e-04  |      ---           ---           ---     
n=05:                                2.5882e+05    +4.4305e+03   -4.5650e-06  |      ---           ---           ---     
n=06:                                4.4836e+07    -1.0287e+07   +1.2718e-04  |      ---           ---           ---     
