--- multipoles on reference trajectory (rz > 0) ---
effective_length:                   435.2341207057626 mm
perpendicular_grid:                 41 points in [-10.000000,+10.000000] mm
max_fitting_error_normal            0.040/4614.444 G/G
max_fitting_error_skew              323.332/323.332 G/G
r0_for_relative_multipoles          12 mm
main_monomial                       n = 0, skew:False
                                       Nn(s=0)      Integ_Nn     Nn/N0(@r0)   |    Sn(s=0)      Integ_Sn     Sn/S0(@r0)  
<multipole_order n>                    [T/m^n]      [T.m/m^n]        []       |    [T/m^n]      [T.m/m^n]        []      
n=00:                                5.2405e-01    -2.2808e-01   +1.0000e+00  |      ---           ---           ---     
n=01:                                6.8930e+00    +3.0666e+00   -1.6134e-01  |      ---           ---           ---     
n=02:                                4.4773e+00    +9.7645e-01   -6.1648e-04  |      ---           ---           ---     
n=03:                                1.1633e+02    -2.9478e+01   +2.2333e-04  |      ---           ---           ---     
n=04:                                1.7751e+04    +1.6448e+03   -1.4954e-04  |      ---           ---           ---     
n=05:                                2.6617e+05    -2.1585e+03   +2.3548e-06  |      ---           ---           ---     
n=06:                                1.0761e+08    -1.5389e+07   +2.0146e-04  |      ---           ---           ---     
