--- multipoles on reference trajectory (rz > 0) ---
effective_length:                   434.1018301580116 mm
perpendicular_grid:                 41 points in [-10.000000,+10.000000] mm
max_fitting_error_normal            0.045/3650.411 G/G
max_fitting_error_skew              322.916/322.916 G/G
r0_for_relative_multipoles          12 mm
main_monomial                       n = 0, skew:False
                                       Nn(s=0)      Integ_Nn     Nn/N0(@r0)   |    Sn(s=0)      Integ_Sn     Sn/S0(@r0)  
<multipole_order n>                    [T/m^n]      [T.m/m^n]        []       |    [T/m^n]      [T.m/m^n]        []      
n=00:                                5.2680e-01    -2.2868e-01   +1.0000e+00  |      ---           ---           ---     
n=01:                                6.9053e+00    +3.0594e+00   -1.6054e-01  |      ---           ---           ---     
n=02:                                5.0512e+00    +8.4870e-01   -5.3442e-04  |      ---           ---           ---     
n=03:                                2.9806e+01    -2.5512e+01   +1.9278e-04  |      ---           ---           ---     
n=04:                                1.0940e+04    -3.8601e+03   +3.5001e-04  |      ---           ---           ---     
n=05:                                2.2804e+05    -6.2912e+04   +6.8454e-05  |      ---           ---           ---     
n=06:                                7.0112e+07    +2.1856e+07   -2.8538e-04  |      ---           ---           ---     
