--- multipoles on reference trajectory (rz > 0) ---
effective_length:                   436.2390217251651 mm
perpendicular_grid:                 41 points in [-10.000000,+10.000000] mm
max_fitting_error_normal            0.041/4954.300 G/G
max_fitting_error_skew              372.969/372.969 G/G
r0_for_relative_multipoles          12 mm
main_monomial                       n = 0, skew:False
                                       Nn(s=0)      Integ_Nn     Nn/N0(@r0)   |    Sn(s=0)      Integ_Sn     Sn/S0(@r0)  
<multipole_order n>                    [T/m^n]      [T.m/m^n]        []       |    [T/m^n]      [T.m/m^n]        []      
n=00:                                5.7643e-01    -2.5146e-01   +1.0000e+00  |      ---           ---           ---     
n=01:                                7.5392e+00    +3.3785e+00   -1.6122e-01  |      ---           ---           ---     
n=02:                                5.7899e+00    +1.1876e+00   -6.8009e-04  |      ---           ---           ---     
n=03:                                9.4753e+01    -4.4573e+01   +3.0630e-04  |      ---           ---           ---     
n=04:                                1.3672e+04    -3.1573e+03   +2.6036e-04  |      ---           ---           ---     
n=05:                                1.4961e+05    +9.0096e+04   -8.9155e-05  |      ---           ---           ---     
n=06:                                6.0864e+07    +1.7642e+07   -2.0950e-04  |      ---           ---           ---     
