--- multipoles on reference trajectory (rz > 0) ---
effective_length:                   435.6587511551131 mm
perpendicular_grid:                 41 points in [-10.000000,+10.000000] mm
max_fitting_error_normal            0.074/6692.058 G/G
max_fitting_error_skew              351.342/351.342 G/G
r0_for_relative_multipoles          12 mm
main_monomial                       n = 0, skew:False
                                       Nn(s=0)      Integ_Nn     Nn/N0(@r0)   |    Sn(s=0)      Integ_Sn     Sn/S0(@r0)  
<multipole_order n>                    [T/m^n]      [T.m/m^n]        []       |    [T/m^n]      [T.m/m^n]        []      
n=00:                                5.7779e-01    -2.5172e-01   +1.0000e+00  |      ---           ---           ---     
n=01:                                7.5934e+00    +3.3810e+00   -1.6118e-01  |      ---           ---           ---     
n=02:                                6.4988e+00    +1.1736e+00   -6.7140e-04  |      ---           ---           ---     
n=03:                                4.6907e+01    -1.5032e+01   +1.0319e-04  |      ---           ---           ---     
n=04:                                1.5343e+04    -1.7723e+03   +1.4599e-04  |      ---           ---           ---     
n=05:                                3.9426e+04    -1.1338e+05   +1.1208e-04  |      ---           ---           ---     
n=06:                                1.1018e+08    +1.1405e+07   -1.3529e-04  |      ---           ---           ---     
