--- multipoles on reference trajectory (rz > 0) ---
effective_length:                   434.4538030068452 mm
perpendicular_grid:                 41 points in [-10.000000,+10.000000] mm
max_fitting_error_normal            0.053/6383.415 G/G
max_fitting_error_skew              338.221/338.221 G/G
r0_for_relative_multipoles          12 mm
main_monomial                       n = 0, skew:False
                                       Nn(s=0)      Integ_Nn     Nn/N0(@r0)   |    Sn(s=0)      Integ_Sn     Sn/S0(@r0)  
<multipole_order n>                    [T/m^n]      [T.m/m^n]        []       |    [T/m^n]      [T.m/m^n]        []      
n=00:                                5.5255e-01    -2.4006e-01   +1.0000e+00  |      ---           ---           ---     
n=01:                                7.2797e+00    +3.2209e+00   -1.6100e-01  |      ---           ---           ---     
n=02:                                4.5430e+00    +9.6861e-01   -5.8103e-04  |      ---           ---           ---     
n=03:                                2.2021e+00    +5.1888e+00   -3.7351e-05  |      ---           ---           ---     
n=04:                                5.2235e+02    -1.6558e+03   +1.4302e-04  |      ---           ---           ---     
n=05:                                2.9691e+05    -2.4945e+05   +2.5857e-04  |      ---           ---           ---     
n=06:                                9.3403e+06    +8.8088e+06   -1.0957e-04  |      ---           ---           ---     
