--- multipoles on reference trajectory (rz > 0) ---
effective_length:                   435.8077289636592 mm
perpendicular_grid:                 41 points in [-10.000000,+10.000000] mm
max_fitting_error_normal            0.056/4897.407 G/G
max_fitting_error_skew              339.349/339.349 G/G
r0_for_relative_multipoles          12 mm
main_monomial                       n = 0, skew:False
                                       Nn(s=0)      Integ_Nn     Nn/N0(@r0)   |    Sn(s=0)      Integ_Sn     Sn/S0(@r0)  
<multipole_order n>                    [T/m^n]      [T.m/m^n]        []       |    [T/m^n]      [T.m/m^n]        []      
n=00:                                5.5301e-01    -2.4100e-01   +1.0000e+00  |      ---           ---           ---     
n=01:                                7.2437e+00    +3.2344e+00   -1.6105e-01  |      ---           ---           ---     
n=02:                                6.2052e+00    +1.1645e+00   -6.9581e-04  |      ---           ---           ---     
n=03:                                1.8296e+02    -3.4873e+01   +2.5004e-04  |      ---           ---           ---     
n=04:                                1.3820e+04    -3.5772e+03   +3.0778e-04  |      ---           ---           ---     
n=05:                                9.1740e+05    +4.1367e+04   -4.2710e-05  |      ---           ---           ---     
n=06:                                1.0158e+08    +1.9191e+07   -2.3777e-04  |      ---           ---           ---     
