--- multipoles on reference trajectory (rz > 0) ---
effective_length:                   434.36212385359545 mm
perpendicular_grid:                 41 points in [-10.000000,+10.000000] mm
max_fitting_error_normal            0.031/6705.388 G/G
max_fitting_error_skew              361.144/361.144 G/G
r0_for_relative_multipoles          12 mm
main_monomial                       n = 0, skew:False
                                       Nn(s=0)      Integ_Nn     Nn/N0(@r0)   |    Sn(s=0)      Integ_Sn     Sn/S0(@r0)  
<multipole_order n>                    [T/m^n]      [T.m/m^n]        []       |    [T/m^n]      [T.m/m^n]        []      
n=00:                                5.8022e-01    -2.5202e-01   +1.0000e+00  |      ---           ---           ---     
n=01:                                7.6118e+00    +3.3752e+00   -1.6071e-01  |      ---           ---           ---     
n=02:                                5.9981e+00    +1.2365e+00   -7.0650e-04  |      ---           ---           ---     
n=03:                                3.0502e+01    -2.8903e+01   +1.9817e-04  |      ---           ---           ---     
n=04:                                3.3391e+02    -2.0487e+03   +1.6856e-04  |      ---           ---           ---     
n=05:                                1.9699e+05    +1.3194e+04   -1.3027e-05  |      ---           ---           ---     
n=06:                                9.8822e+06    +7.7805e+06   -9.2184e-05  |      ---           ---           ---     
