--- multipoles on reference trajectory (rz > 0) ---
effective_length:                   435.12460665948436 mm
perpendicular_grid:                 41 points in [-10.000000,+10.000000] mm
max_fitting_error_normal            0.031/5781.455 G/G
max_fitting_error_skew              343.167/343.167 G/G
r0_for_relative_multipoles          12 mm
main_monomial                       n = 0, skew:False
                                       Nn(s=0)      Integ_Nn     Nn/N0(@r0)   |    Sn(s=0)      Integ_Sn     Sn/S0(@r0)  
<multipole_order n>                    [T/m^n]      [T.m/m^n]        []       |    [T/m^n]      [T.m/m^n]        []      
n=00:                                5.5226e-01    -2.4030e-01   +1.0000e+00  |      ---           ---           ---     
n=01:                                7.2402e+00    +3.2226e+00   -1.6093e-01  |      ---           ---           ---     
n=02:                                4.4573e+00    +9.0659e-01   -5.4327e-04  |      ---           ---           ---     
n=03:                                3.4227e+00    -2.1521e+01   +1.5476e-04  |      ---           ---           ---     
n=04:                                2.1645e+04    +2.0447e+03   -1.7644e-04  |      ---           ---           ---     
n=05:                                4.1419e+05    -7.4410e+04   +7.7051e-05  |      ---           ---           ---     
n=06:                                1.2131e+08    -1.2090e+07   +1.5023e-04  |      ---           ---           ---     
