--- multipoles on reference trajectory (rz > 0) ---
effective_length:                   435.9851432809175 mm
perpendicular_grid:                 41 points in [-10.000000,+10.000000] mm
max_fitting_error_normal            0.032/6385.232 G/G
max_fitting_error_skew              351.315/351.315 G/G
r0_for_relative_multipoles          12 mm
main_monomial                       n = 0, skew:False
                                       Nn(s=0)      Integ_Nn     Nn/N0(@r0)   |    Sn(s=0)      Integ_Sn     Sn/S0(@r0)  
<multipole_order n>                    [T/m^n]      [T.m/m^n]        []       |    [T/m^n]      [T.m/m^n]        []      
n=00:                                5.5079e-01    -2.4014e-01   +1.0000e+00  |      ---           ---           ---     
n=01:                                7.2167e+00    +3.2200e+00   -1.6091e-01  |      ---           ---           ---     
n=02:                                5.8656e+00    +9.1194e-01   -5.4685e-04  |      ---           ---           ---     
n=03:                                2.6782e+00    -1.3206e+01   +9.5030e-05  |      ---           ---           ---     
n=04:                                4.7511e+03    -1.2531e+03   +1.0820e-04  |      ---           ---           ---     
n=05:                                2.1843e+05    -6.1818e+04   +6.4056e-05  |      ---           ---           ---     
n=06:                                2.2114e+07    +4.7074e+06   -5.8533e-05  |      ---           ---           ---     
