--- multipoles on reference trajectory (rz > 0) ---
effective_length:                   435.97036721884115 mm
perpendicular_grid:                 41 points in [-10.000000,+10.000000] mm
max_fitting_error_normal            0.030/6060.234 G/G
max_fitting_error_skew              336.201/336.201 G/G
r0_for_relative_multipoles          12 mm
main_monomial                       n = 0, skew:False
                                       Nn(s=0)      Integ_Nn     Nn/N0(@r0)   |    Sn(s=0)      Integ_Sn     Sn/S0(@r0)  
<multipole_order n>                    [T/m^n]      [T.m/m^n]        []       |    [T/m^n]      [T.m/m^n]        []      
n=00:                                5.2329e-01    -2.2814e-01   +1.0000e+00  |      ---           ---           ---     
n=01:                                6.8609e+00    +3.0639e+00   -1.6116e-01  |      ---           ---           ---     
n=02:                                4.3854e+00    +7.9901e-01   -5.0433e-04  |      ---           ---           ---     
n=03:                                1.3955e+02    -4.0596e+01   +3.0749e-04  |      ---           ---           ---     
n=04:                                6.6286e+03    -2.3395e+03   +2.1264e-04  |      ---           ---           ---     
n=05:                                4.6567e+05    +5.9660e+04   -6.5071e-05  |      ---           ---           ---     
n=06:                                3.2308e+07    +1.0589e+07   -1.3859e-04  |      ---           ---           ---     
