--- multipoles on reference trajectory (rz > 0) ---
effective_length:                   433.5082808223839 mm
perpendicular_grid:                 41 points in [-10.000000,+10.000000] mm
max_fitting_error_normal            0.037/6423.800 G/G
max_fitting_error_skew              340.163/340.163 G/G
r0_for_relative_multipoles          12 mm
main_monomial                       n = 0, skew:False
                                       Nn(s=0)      Integ_Nn     Nn/N0(@r0)   |    Sn(s=0)      Integ_Sn     Sn/S0(@r0)  
<multipole_order n>                    [T/m^n]      [T.m/m^n]        []       |    [T/m^n]      [T.m/m^n]        []      
n=00:                                5.5671e-01    -2.4134e-01   +1.0000e+00  |      ---           ---           ---     
n=01:                                7.3105e+00    +3.2289e+00   -1.6055e-01  |      ---           ---           ---     
n=02:                                4.3775e+00    +7.3328e-01   -4.3753e-04  |      ---           ---           ---     
n=03:                                3.6024e+01    -3.7717e+01   +2.7006e-04  |      ---           ---           ---     
n=04:                                2.9481e+03    +2.0779e+03   -1.7854e-04  |      ---           ---           ---     
n=05:                                2.2271e+05    +1.2429e+04   -1.2815e-05  |      ---           ---           ---     
n=06:                                1.3374e+07    -1.3791e+07   +1.7063e-04  |      ---           ---           ---     
