--- multipoles on reference trajectory (rz > 0) ---
effective_length:                   435.1853824157328 mm
perpendicular_grid:                 41 points in [-10.000000,+10.000000] mm
max_fitting_error_normal            0.058/4062.619 G/G
max_fitting_error_skew              337.812/337.812 G/G
r0_for_relative_multipoles          12 mm
main_monomial                       n = 0, skew:False
                                       Nn(s=0)      Integ_Nn     Nn/N0(@r0)   |    Sn(s=0)      Integ_Sn     Sn/S0(@r0)  
<multipole_order n>                    [T/m^n]      [T.m/m^n]        []       |    [T/m^n]      [T.m/m^n]        []      
n=00:                                5.5065e-01    -2.3964e-01   +1.0000e+00  |      ---           ---           ---     
n=01:                                7.2048e+00    +3.2149e+00   -1.6099e-01  |      ---           ---           ---     
n=02:                                5.9238e+00    +9.2870e-01   -5.5807e-04  |      ---           ---           ---     
n=03:                                5.5506e+01    -8.7524e+00   +6.3113e-05  |      ---           ---           ---     
n=04:                                1.9631e+03    +2.0918e+03   -1.8101e-04  |      ---           ---           ---     
n=05:                                7.8408e+05    -1.3138e+05   +1.3642e-04  |      ---           ---           ---     
n=06:                                6.7873e+06    -1.5450e+07   +1.9251e-04  |      ---           ---           ---     
