--- multipoles on reference trajectory (rz > 0) ---
effective_length:                   436.09790905727095 mm
perpendicular_grid:                 41 points in [-10.000000,+10.000000] mm
max_fitting_error_normal            0.027/6408.180 G/G
max_fitting_error_skew              329.423/329.423 G/G
r0_for_relative_multipoles          12 mm
main_monomial                       n = 0, skew:False
                                       Nn(s=0)      Integ_Nn     Nn/N0(@r0)   |    Sn(s=0)      Integ_Sn     Sn/S0(@r0)  
<multipole_order n>                    [T/m^n]      [T.m/m^n]        []       |    [T/m^n]      [T.m/m^n]        []      
n=00:                                5.5217e-01    -2.4080e-01   +1.0000e+00  |      ---           ---           ---     
n=01:                                7.2226e+00    +3.2310e+00   -1.6101e-01  |      ---           ---           ---     
n=02:                                6.6488e+00    +1.0595e+00   -6.3360e-04  |      ---           ---           ---     
n=03:                                5.2618e+01    -3.9314e+01   +2.8212e-04  |      ---           ---           ---     
n=04:                                1.5620e+04    -1.7016e+03   +1.4653e-04  |      ---           ---           ---     
n=05:                                1.1780e+05    +2.2353e+04   -2.3099e-05  |      ---           ---           ---     
n=06:                                8.2791e+07    +3.1908e+06   -3.9567e-05  |      ---           ---           ---     
