--- multipoles on reference trajectory (rz > 0) ---
effective_length:                   434.880026929476 mm
perpendicular_grid:                 41 points in [-10.000000,+10.000000] mm
max_fitting_error_normal            0.032/6697.385 G/G
max_fitting_error_skew              360.302/360.302 G/G
r0_for_relative_multipoles          12 mm
main_monomial                       n = 0, skew:False
                                       Nn(s=0)      Integ_Nn     Nn/N0(@r0)   |    Sn(s=0)      Integ_Sn     Sn/S0(@r0)  
<multipole_order n>                    [T/m^n]      [T.m/m^n]        []       |    [T/m^n]      [T.m/m^n]        []      
n=00:                                5.7787e-01    -2.5130e-01   +1.0000e+00  |      ---           ---           ---     
n=01:                                7.6030e+00    +3.3766e+00   -1.6123e-01  |      ---           ---           ---     
n=02:                                5.8716e+00    +1.2282e+00   -7.0378e-04  |      ---           ---           ---     
n=03:                                5.1322e+01    -3.1932e+01   +2.1957e-04  |      ---           ---           ---     
n=04:                                8.8116e+03    -1.3558e+03   +1.1187e-04  |      ---           ---           ---     
n=05:                                1.0058e+05    +4.7092e+04   -4.6629e-05  |      ---           ---           ---     
n=06:                                5.6558e+07    +4.0969e+06   -4.8680e-05  |      ---           ---           ---     
