--- multipoles on reference trajectory (rz > 0) ---
effective_length:                   435.1134722794315 mm
perpendicular_grid:                 41 points in [-10.000000,+10.000000] mm
max_fitting_error_normal            0.040/4871.117 G/G
max_fitting_error_skew              350.693/350.693 G/G
r0_for_relative_multipoles          12 mm
main_monomial                       n = 0, skew:False
                                       Nn(s=0)      Integ_Nn     Nn/N0(@r0)   |    Sn(s=0)      Integ_Sn     Sn/S0(@r0)  
<multipole_order n>                    [T/m^n]      [T.m/m^n]        []       |    [T/m^n]      [T.m/m^n]        []      
n=00:                                5.5284e-01    -2.4055e-01   +1.0000e+00  |      ---           ---           ---     
n=01:                                7.2582e+00    +3.2336e+00   -1.6131e-01  |      ---           ---           ---     
n=02:                                5.3539e+00    +8.8456e-01   -5.2953e-04  |      ---           ---           ---     
n=03:                                2.5304e+01    -2.9589e+01   +2.1256e-04  |      ---           ---           ---     
n=04:                                9.4768e+03    +9.9401e+01   -8.5688e-06  |      ---           ---           ---     
n=05:                                2.4926e+05    -2.1763e+04   +2.2513e-05  |      ---           ---           ---     
n=06:                                6.6234e+07    -2.1776e+06   +2.7031e-05  |      ---           ---           ---     
