--- multipoles on reference trajectory (rz > 0) ---
effective_length:                   434.50212136531854 mm
perpendicular_grid:                 41 points in [-10.000000,+10.000000] mm
max_fitting_error_normal            0.036/5521.022 G/G
max_fitting_error_skew              355.407/355.407 G/G
r0_for_relative_multipoles          12 mm
main_monomial                       n = 0, skew:False
                                       Nn(s=0)      Integ_Nn     Nn/N0(@r0)   |    Sn(s=0)      Integ_Sn     Sn/S0(@r0)  
<multipole_order n>                    [T/m^n]      [T.m/m^n]        []       |    [T/m^n]      [T.m/m^n]        []      
n=00:                                5.7956e-01    -2.5182e-01   +1.0000e+00  |      ---           ---           ---     
n=01:                                7.6331e+00    +3.3775e+00   -1.6095e-01  |      ---           ---           ---     
n=02:                                3.9115e+00    +8.5418e-01   -4.8845e-04  |      ---           ---           ---     
n=03:                                1.7669e+02    -5.1083e+01   +3.5053e-04  |      ---           ---           ---     
n=04:                                2.1684e+04    +3.4451e+03   -2.8369e-04  |      ---           ---           ---     
n=05:                                7.8026e+05    +1.2597e+05   -1.2448e-04  |      ---           ---           ---     
n=06:                                1.1261e+08    -2.2156e+07   +2.6272e-04  |      ---           ---           ---     
