--- multipoles on reference trajectory (rz > 0) ---
effective_length:                   435.0499423725836 mm
perpendicular_grid:                 41 points in [-10.000000,+10.000000] mm
max_fitting_error_normal            0.046/3432.301 G/G
max_fitting_error_skew              339.389/339.389 G/G
r0_for_relative_multipoles          12 mm
main_monomial                       n = 0, skew:False
                                       Nn(s=0)      Integ_Nn     Nn/N0(@r0)   |    Sn(s=0)      Integ_Sn     Sn/S0(@r0)  
<multipole_order n>                    [T/m^n]      [T.m/m^n]        []       |    [T/m^n]      [T.m/m^n]        []      
n=00:                                5.5375e-01    -2.4091e-01   +1.0000e+00  |      ---           ---           ---     
n=01:                                7.2670e+00    +3.2332e+00   -1.6105e-01  |      ---           ---           ---     
n=02:                                5.6204e+00    +1.0998e+00   -6.5738e-04  |      ---           ---           ---     
n=03:                                8.4964e+01    -3.3208e+01   +2.3820e-04  |      ---           ---           ---     
n=04:                                8.2848e+03    -2.3013e+03   +1.9808e-04  |      ---           ---           ---     
n=05:                                1.0630e+05    +1.0677e+03   -1.1028e-06  |      ---           ---           ---     
n=06:                                5.1929e+07    +9.9196e+06   -1.2295e-04  |      ---           ---           ---     
