--- multipoles on reference trajectory (rz > 0) ---
effective_length:                   433.44572223028206 mm
perpendicular_grid:                 41 points in [-10.000000,+10.000000] mm
max_fitting_error_normal            0.047/4264.334 G/G
max_fitting_error_skew              348.859/348.859 G/G
r0_for_relative_multipoles          12 mm
main_monomial                       n = 0, skew:False
                                       Nn(s=0)      Integ_Nn     Nn/N0(@r0)   |    Sn(s=0)      Integ_Sn     Sn/S0(@r0)  
<multipole_order n>                    [T/m^n]      [T.m/m^n]        []       |    [T/m^n]      [T.m/m^n]        []      
n=00:                                5.8007e-01    -2.5143e-01   +1.0000e+00  |      ---           ---           ---     
n=01:                                7.6455e+00    +3.3779e+00   -1.6122e-01  |      ---           ---           ---     
n=02:                                5.2639e+00    +1.0724e+00   -6.1419e-04  |      ---           ---           ---     
n=03:                                8.8325e+00    -3.2459e+01   +2.2308e-04  |      ---           ---           ---     
n=04:                                5.9765e+03    -7.5115e+02   +6.1949e-05  |      ---           ---           ---     
n=05:                                3.6603e+05    +5.5784e+03   -5.5208e-06  |      ---           ---           ---     
n=06:                                6.7925e+07    +7.2368e+06   -8.5945e-05  |      ---           ---           ---     
