--- multipoles on reference trajectory (rz > 0) ---
effective_length:                   434.117483124584 mm
perpendicular_grid:                 41 points in [-10.000000,+10.000000] mm
max_fitting_error_normal            0.040/3207.098 G/G
max_fitting_error_skew              338.944/338.944 G/G
r0_for_relative_multipoles          12 mm
main_monomial                       n = 0, skew:False
                                       Nn(s=0)      Integ_Nn     Nn/N0(@r0)   |    Sn(s=0)      Integ_Sn     Sn/S0(@r0)  
<multipole_order n>                    [T/m^n]      [T.m/m^n]        []       |    [T/m^n]      [T.m/m^n]        []      
n=00:                                5.5175e-01    -2.3953e-01   +1.0000e+00  |      ---           ---           ---     
n=01:                                7.2605e+00    +3.2175e+00   -1.6119e-01  |      ---           ---           ---     
n=02:                                4.9046e+00    +7.9827e-01   -4.7991e-04  |      ---           ---           ---     
n=03:                                6.5903e+01    -4.3654e+01   +3.1493e-04  |      ---           ---           ---     
n=04:                                2.2561e+02    -2.1331e+03   +1.8466e-04  |      ---           ---           ---     
n=05:                                2.2935e+04    +1.5082e+04   -1.5668e-05  |      ---           ---           ---     
n=06:                                1.6239e+06    +1.1892e+07   -1.4825e-04  |      ---           ---           ---     
