--- multipoles on reference trajectory (rz > 0) ---
effective_length:                   434.4542846196934 mm
perpendicular_grid:                 41 points in [-10.000000,+10.000000] mm
max_fitting_error_normal            0.044/5041.578 G/G
max_fitting_error_skew              349.229/349.229 G/G
r0_for_relative_multipoles          12 mm
main_monomial                       n = 0, skew:False
                                       Nn(s=0)      Integ_Nn     Nn/N0(@r0)   |    Sn(s=0)      Integ_Sn     Sn/S0(@r0)  
<multipole_order n>                    [T/m^n]      [T.m/m^n]        []       |    [T/m^n]      [T.m/m^n]        []      
n=00:                                5.7824e-01    -2.5122e-01   +1.0000e+00  |      ---           ---           ---     
n=01:                                7.5926e+00    +3.3743e+00   -1.6118e-01  |      ---           ---           ---     
n=02:                                6.5151e+00    +1.1979e+00   -6.8663e-04  |      ---           ---           ---     
n=03:                                4.5084e+01    -3.5936e+01   +2.4718e-04  |      ---           ---           ---     
n=04:                                1.5637e+04    -3.2872e+03   +2.7133e-04  |      ---           ---           ---     
n=05:                                1.9394e+04    +1.7180e+04   -1.7017e-05  |      ---           ---           ---     
n=06:                                1.1255e+08    +1.9399e+07   -2.3057e-04  |      ---           ---           ---     
