--- multipoles on reference trajectory (rz > 0) ---
effective_length:                   435.3836564084385 mm
perpendicular_grid:                 41 points in [-10.000000,+10.000000] mm
max_fitting_error_normal            0.038/6387.223 G/G
max_fitting_error_skew              344.609/344.609 G/G
r0_for_relative_multipoles          12 mm
main_monomial                       n = 0, skew:False
                                       Nn(s=0)      Integ_Nn     Nn/N0(@r0)   |    Sn(s=0)      Integ_Sn     Sn/S0(@r0)  
<multipole_order n>                    [T/m^n]      [T.m/m^n]        []       |    [T/m^n]      [T.m/m^n]        []      
n=00:                                5.5198e-01    -2.4032e-01   +1.0000e+00  |      ---           ---           ---     
n=01:                                7.2325e+00    +3.2204e+00   -1.6080e-01  |      ---           ---           ---     
n=02:                                5.8318e+00    +9.5339e-01   -5.7127e-04  |      ---           ---           ---     
n=03:                                8.3680e+01    -2.2312e+01   +1.6043e-04  |      ---           ---           ---     
n=04:                                8.8745e+02    +8.0360e+02   -6.9338e-05  |      ---           ---           ---     
n=05:                                3.0267e+05    +1.4388e+04   -1.4897e-05  |      ---           ---           ---     
n=06:                                4.3686e+06    -5.9432e+06   +7.3843e-05  |      ---           ---           ---     
