--- multipoles on reference trajectory (rz > 0) ---
effective_length:                   436.92715661251094 mm
perpendicular_grid:                 41 points in [-10.000000,+10.000000] mm
max_fitting_error_normal            0.050/6377.503 G/G
max_fitting_error_skew              346.779/346.779 G/G
r0_for_relative_multipoles          12 mm
main_monomial                       n = 0, skew:False
                                       Nn(s=0)      Integ_Nn     Nn/N0(@r0)   |    Sn(s=0)      Integ_Sn     Sn/S0(@r0)  
<multipole_order n>                    [T/m^n]      [T.m/m^n]        []       |    [T/m^n]      [T.m/m^n]        []      
n=00:                                5.5028e-01    -2.4043e-01   +1.0000e+00  |      ---           ---           ---     
n=01:                                7.2124e+00    +3.2314e+00   -1.6128e-01  |      ---           ---           ---     
n=02:                                5.1947e+00    +8.4899e-01   -5.0848e-04  |      ---           ---           ---     
n=03:                                2.1634e+01    -3.6706e+01   +2.6381e-04  |      ---           ---           ---     
n=04:                                1.2768e+04    +2.8337e+03   -2.4439e-04  |      ---           ---           ---     
n=05:                                5.4036e+05    +3.2940e+04   -3.4091e-05  |      ---           ---           ---     
n=06:                                6.0556e+07    -1.7552e+07   +2.1798e-04  |      ---           ---           ---     
