--- multipoles on reference trajectory (rz > 0) ---
effective_length:                   434.36987456194413 mm
perpendicular_grid:                 41 points in [-10.000000,+10.000000] mm
max_fitting_error_normal            0.031/6711.871 G/G
max_fitting_error_skew              361.502/361.502 G/G
r0_for_relative_multipoles          12 mm
main_monomial                       n = 0, skew:False
                                       Nn(s=0)      Integ_Nn     Nn/N0(@r0)   |    Sn(s=0)      Integ_Sn     Sn/S0(@r0)  
<multipole_order n>                    [T/m^n]      [T.m/m^n]        []       |    [T/m^n]      [T.m/m^n]        []      
n=00:                                5.8083e-01    -2.5229e-01   +1.0000e+00  |      ---           ---           ---     
n=01:                                7.6109e+00    +3.3750e+00   -1.6053e-01  |      ---           ---           ---     
n=02:                                6.0028e+00    +1.2441e+00   -7.1010e-04  |      ---           ---           ---     
n=03:                                3.0288e+01    -2.8414e+01   +1.9461e-04  |      ---           ---           ---     
n=04:                                5.0262e+02    -2.0806e+03   +1.7100e-04  |      ---           ---           ---     
n=05:                                1.9574e+05    +1.1215e+04   -1.1062e-05  |      ---           ---           ---     
n=06:                                1.0631e+07    +8.0054e+06   -9.4747e-05  |      ---           ---           ---     
