--- multipoles on reference trajectory (rz > 0) ---
effective_length:                   435.567831964186 mm
perpendicular_grid:                 41 points in [-10.000000,+10.000000] mm
max_fitting_error_normal            0.046/4636.527 G/G
max_fitting_error_skew              326.138/326.138 G/G
r0_for_relative_multipoles          12 mm
main_monomial                       n = 0, skew:False
                                       Nn(s=0)      Integ_Nn     Nn/N0(@r0)   |    Sn(s=0)      Integ_Sn     Sn/S0(@r0)  
<multipole_order n>                    [T/m^n]      [T.m/m^n]        []       |    [T/m^n]      [T.m/m^n]        []      
n=00:                                5.2367e-01    -2.2809e-01   +1.0000e+00  |      ---           ---           ---     
n=01:                                6.8807e+00    +3.0646e+00   -1.6123e-01  |      ---           ---           ---     
n=02:                                5.0612e+00    +6.8652e-01   -4.3342e-04  |      ---           ---           ---     
n=03:                                2.6261e+01    -1.8079e+01   +1.3697e-04  |      ---           ---           ---     
n=04:                                5.4009e+03    +3.9036e+03   -3.5488e-04  |      ---           ---           ---     
n=05:                                2.7637e+05    -8.9683e+04   +9.7837e-05  |      ---           ---           ---     
n=06:                                3.3787e+07    -2.5919e+07   +3.3931e-04  |      ---           ---           ---     
