--- multipoles on reference trajectory (rz > 0) ---
effective_length:                   436.6182523227046 mm
perpendicular_grid:                 41 points in [-10.000000,+10.000000] mm
max_fitting_error_normal            0.048/4951.202 G/G
max_fitting_error_skew              343.847/343.847 G/G
r0_for_relative_multipoles          12 mm
main_monomial                       n = 0, skew:False
                                       Nn(s=0)      Integ_Nn     Nn/N0(@r0)   |    Sn(s=0)      Integ_Sn     Sn/S0(@r0)  
<multipole_order n>                    [T/m^n]      [T.m/m^n]        []       |    [T/m^n]      [T.m/m^n]        []      
n=00:                                5.5357e-01    -2.4170e-01   +1.0000e+00  |      ---           ---           ---     
n=01:                                7.2298e+00    +3.2342e+00   -1.6057e-01  |      ---           ---           ---     
n=02:                                5.5913e+00    +8.3734e-01   -4.9888e-04  |      ---           ---           ---     
n=03:                                4.7672e+01    -1.8434e+01   +1.3179e-04  |      ---           ---           ---     
n=04:                                4.3755e+03    +2.3577e+03   -2.0227e-04  |      ---           ---           ---     
n=05:                                1.3382e+05    -9.1292e+04   +9.3986e-05  |      ---           ---           ---     
n=06:                                2.4854e+07    -1.6297e+07   +2.0134e-04  |      ---           ---           ---     
