--- multipoles on reference trajectory (rz > 0) ---
effective_length:                   434.66144692691216 mm
perpendicular_grid:                 41 points in [-10.000000,+10.000000] mm
max_fitting_error_normal            0.043/4878.803 G/G
max_fitting_error_skew              347.476/347.476 G/G
r0_for_relative_multipoles          12 mm
main_monomial                       n = 0, skew:False
                                       Nn(s=0)      Integ_Nn     Nn/N0(@r0)   |    Sn(s=0)      Integ_Sn     Sn/S0(@r0)  
<multipole_order n>                    [T/m^n]      [T.m/m^n]        []       |    [T/m^n]      [T.m/m^n]        []      
n=00:                                5.5361e-01    -2.4063e-01   +1.0000e+00  |      ---           ---           ---     
n=01:                                7.2504e+00    +3.2203e+00   -1.6059e-01  |      ---           ---           ---     
n=02:                                5.0401e+00    +7.2149e-01   -4.3175e-04  |      ---           ---           ---     
n=03:                                1.8880e+01    -3.2017e+01   +2.2992e-04  |      ---           ---           ---     
n=04:                                4.4751e+03    +4.1097e+03   -3.5414e-04  |      ---           ---           ---     
n=05:                                4.4285e+05    -5.4339e+03   +5.6190e-06  |      ---           ---           ---     
n=06:                                2.3946e+07    -2.1872e+07   +2.7141e-04  |      ---           ---           ---     
