--- multipoles on reference trajectory (rz > 0) ---
effective_length:                   434.88117666019144 mm
perpendicular_grid:                 41 points in [-10.000000,+10.000000] mm
max_fitting_error_normal            0.032/6698.357 G/G
max_fitting_error_skew              360.356/360.356 G/G
r0_for_relative_multipoles          12 mm
main_monomial                       n = 0, skew:False
                                       Nn(s=0)      Integ_Nn     Nn/N0(@r0)   |    Sn(s=0)      Integ_Sn     Sn/S0(@r0)  
<multipole_order n>                    [T/m^n]      [T.m/m^n]        []       |    [T/m^n]      [T.m/m^n]        []      
n=00:                                5.7796e-01    -2.5134e-01   +1.0000e+00  |      ---           ---           ---     
n=01:                                7.6028e+00    +3.3765e+00   -1.6121e-01  |      ---           ---           ---     
n=02:                                5.8737e+00    +1.2296e+00   -7.0447e-04  |      ---           ---           ---     
n=03:                                5.1583e+01    -3.1861e+01   +2.1905e-04  |      ---           ---           ---     
n=04:                                8.7956e+03    -1.3678e+03   +1.1285e-04  |      ---           ---           ---     
n=05:                                1.0293e+05    +4.6731e+04   -4.6265e-05  |      ---           ---           ---     
n=06:                                5.6475e+07    +4.1737e+06   -4.9584e-05  |      ---           ---           ---     
