--- multipoles on reference trajectory (rz > 0) ---
effective_length:                   434.19645366965034 mm
perpendicular_grid:                 41 points in [-10.000000,+10.000000] mm
max_fitting_error_normal            0.031/4611.642 G/G
max_fitting_error_skew              325.852/325.852 G/G
r0_for_relative_multipoles          12 mm
main_monomial                       n = 0, skew:False
                                       Nn(s=0)      Integ_Nn     Nn/N0(@r0)   |    Sn(s=0)      Integ_Sn     Sn/S0(@r0)  
<multipole_order n>                    [T/m^n]      [T.m/m^n]        []       |    [T/m^n]      [T.m/m^n]        []      
n=00:                                5.2396e-01    -2.2750e-01   +1.0000e+00  |      ---           ---           ---     
n=01:                                6.9069e+00    +3.0607e+00   -1.6144e-01  |      ---           ---           ---     
n=02:                                4.8120e+00    +9.8356e-01   -6.2255e-04  |      ---           ---           ---     
n=03:                                4.3493e+01    -3.1328e+01   +2.3795e-04  |      ---           ---           ---     
n=04:                                9.1991e+03    -1.0388e+03   +9.4685e-05  |      ---           ---           ---     
n=05:                                1.4050e+05    +5.9737e+04   -6.5338e-05  |      ---           ---           ---     
n=06:                                5.2362e+07    +6.4148e+06   -8.4195e-05  |      ---           ---           ---     
