--- multipoles on reference trajectory (rz > 0) ---
effective_length:                   433.3290105290972 mm
perpendicular_grid:                 41 points in [-10.000000,+10.000000] mm
max_fitting_error_normal            0.045/6417.318 G/G
max_fitting_error_skew              332.869/332.869 G/G
r0_for_relative_multipoles          12 mm
main_monomial                       n = 0, skew:False
                                       Nn(s=0)      Integ_Nn     Nn/N0(@r0)   |    Sn(s=0)      Integ_Sn     Sn/S0(@r0)  
<multipole_order n>                    [T/m^n]      [T.m/m^n]        []       |    [T/m^n]      [T.m/m^n]        []      
n=00:                                5.5577e-01    -2.4083e-01   +1.0000e+00  |      ---           ---           ---     
n=01:                                7.3246e+00    +3.2333e+00   -1.6111e-01  |      ---           ---           ---     
n=02:                                4.3264e+00    +1.0725e+00   -6.4126e-04  |      ---           ---           ---     
n=03:                                1.6140e+01    -4.0534e+01   +2.9084e-04  |      ---           ---           ---     
n=04:                                1.3805e+04    -2.6551e+03   +2.2861e-04  |      ---           ---           ---     
n=05:                                2.0778e+05    +4.7913e+04   -4.9505e-05  |      ---           ---           ---     
n=06:                                6.7687e+07    +1.6638e+07   -2.0629e-04  |      ---           ---           ---     
