--- multipoles on reference trajectory (rz > 0) ---
effective_length:                   434.52312900671745 mm
perpendicular_grid:                 41 points in [-10.000000,+10.000000] mm
max_fitting_error_normal            0.042/5543.219 G/G
max_fitting_error_skew              356.461/356.461 G/G
r0_for_relative_multipoles          12 mm
main_monomial                       n = 0, skew:False
                                       Nn(s=0)      Integ_Nn     Nn/N0(@r0)   |    Sn(s=0)      Integ_Sn     Sn/S0(@r0)  
<multipole_order n>                    [T/m^n]      [T.m/m^n]        []       |    [T/m^n]      [T.m/m^n]        []      
n=00:                                5.8141e-01    -2.5264e-01   +1.0000e+00  |      ---           ---           ---     
n=01:                                7.6310e+00    +3.3770e+00   -1.6041e-01  |      ---           ---           ---     
n=02:                                4.0900e+00    +8.9943e-01   -5.1267e-04  |      ---           ---           ---     
n=03:                                1.9231e+02    -5.3063e+01   +3.6294e-04  |      ---           ---           ---     
n=04:                                1.9105e+04    +3.0200e+03   -2.4788e-04  |      ---           ---           ---     
n=05:                                8.9065e+05    +1.4442e+05   -1.4224e-04  |      ---           ---           ---     
n=06:                                9.9571e+07    -1.9983e+07   +2.3618e-04  |      ---           ---           ---     
