--- multipoles on reference trajectory (rz > 0) ---
effective_length:                   435.8943128788036 mm
perpendicular_grid:                 41 points in [-10.000000,+10.000000] mm
max_fitting_error_normal            0.037/3742.111 G/G
max_fitting_error_skew              333.405/333.405 G/G
r0_for_relative_multipoles          12 mm
main_monomial                       n = 0, skew:False
                                       Nn(s=0)      Integ_Nn     Nn/N0(@r0)   |    Sn(s=0)      Integ_Sn     Sn/S0(@r0)  
<multipole_order n>                    [T/m^n]      [T.m/m^n]        []       |    [T/m^n]      [T.m/m^n]        []      
n=00:                                5.5036e-01    -2.3990e-01   +1.0000e+00  |      ---           ---           ---     
n=01:                                7.2274e+00    +3.2223e+00   -1.6119e-01  |      ---           ---           ---     
n=02:                                5.9729e+00    +1.0361e+00   -6.2193e-04  |      ---           ---           ---     
n=03:                                4.1688e+01    -1.7125e+01   +1.2335e-04  |      ---           ---           ---     
n=04:                                2.8295e+03    -8.8879e+02   +7.6824e-05  |      ---           ---           ---     
n=05:                                6.5085e+05    -4.6141e+04   +4.7859e-05  |      ---           ---           ---     
n=06:                                4.2979e+06    +2.5893e+06   -3.2228e-05  |      ---           ---           ---     
