--- multipoles on reference trajectory (rz > 0) ---
effective_length:                   435.3838524778831 mm
perpendicular_grid:                 41 points in [-10.000000,+10.000000] mm
max_fitting_error_normal            0.035/4877.235 G/G
max_fitting_error_skew              345.502/345.502 G/G
r0_for_relative_multipoles          12 mm
main_monomial                       n = 0, skew:False
                                       Nn(s=0)      Integ_Nn     Nn/N0(@r0)   |    Sn(s=0)      Integ_Sn     Sn/S0(@r0)  
<multipole_order n>                    [T/m^n]      [T.m/m^n]        []       |    [T/m^n]      [T.m/m^n]        []      
n=00:                                5.5329e-01    -2.4089e-01   +1.0000e+00  |      ---           ---           ---     
n=01:                                7.2693e+00    +3.2378e+00   -1.6129e-01  |      ---           ---           ---     
n=02:                                4.8257e+00    +9.8276e-01   -5.8747e-04  |      ---           ---           ---     
n=03:                                6.9127e+01    -4.5034e+01   +3.2304e-04  |      ---           ---           ---     
n=04:                                1.7750e+04    -3.8943e+02   +3.3522e-05  |      ---           ---           ---     
n=05:                                4.3234e+04    +6.6519e+04   -6.8712e-05  |      ---           ---           ---     
n=06:                                1.0799e+08    -2.2415e+05   +2.7785e-06  |      ---           ---           ---     
