--- multipoles on reference trajectory (rz > 0) ---
effective_length:                   436.65733561664587 mm
perpendicular_grid:                 41 points in [-10.000000,+10.000000] mm
max_fitting_error_normal            0.050/5805.670 G/G
max_fitting_error_skew              330.650/330.650 G/G
r0_for_relative_multipoles          12 mm
main_monomial                       n = 0, skew:False
                                       Nn(s=0)      Integ_Nn     Nn/N0(@r0)   |    Sn(s=0)      Integ_Sn     Sn/S0(@r0)  
<multipole_order n>                    [T/m^n]      [T.m/m^n]        []       |    [T/m^n]      [T.m/m^n]        []      
n=00:                                5.5334e-01    -2.4162e-01   +1.0000e+00  |      ---           ---           ---     
n=01:                                7.2205e+00    +3.2311e+00   -1.6047e-01  |      ---           ---           ---     
n=02:                                6.6736e+00    +1.0752e+00   -6.4081e-04  |      ---           ---           ---     
n=03:                                4.5252e+01    -2.8862e+00   +2.0642e-05  |      ---           ---           ---     
n=04:                                1.5539e+04    -1.7672e+03   +1.5166e-04  |      ---           ---           ---     
n=05:                                1.6954e+05    -1.8711e+05   +1.9269e-04  |      ---           ---           ---     
n=06:                                8.3084e+07    +5.5624e+06   -6.8742e-05  |      ---           ---           ---     
