--- multipoles on reference trajectory (rz > 0) ---
effective_length:                   435.1308130124086 mm
perpendicular_grid:                 41 points in [-10.000000,+10.000000] mm
max_fitting_error_normal            0.043/4886.777 G/G
max_fitting_error_skew              344.667/344.667 G/G
r0_for_relative_multipoles          12 mm
main_monomial                       n = 0, skew:False
                                       Nn(s=0)      Integ_Nn     Nn/N0(@r0)   |    Sn(s=0)      Integ_Sn     Sn/S0(@r0)  
<multipole_order n>                    [T/m^n]      [T.m/m^n]        []       |    [T/m^n]      [T.m/m^n]        []      
n=00:                                5.5464e-01    -2.4134e-01   +1.0000e+00  |      ---           ---           ---     
n=01:                                7.2711e+00    +3.2354e+00   -1.6087e-01  |      ---           ---           ---     
n=02:                                5.8416e+00    +1.3779e+00   -8.2216e-04  |      ---           ---           ---     
n=03:                                1.1917e+02    -3.3769e+01   +2.4179e-04  |      ---           ---           ---     
n=04:                                3.8663e+03    -6.0768e+03   +5.2212e-04  |      ---           ---           ---     
n=05:                                4.4615e+05    +4.9838e+04   -5.1384e-05  |      ---           ---           ---     
n=06:                                2.0112e+07    +2.9860e+07   -3.6943e-04  |      ---           ---           ---     
