--- multipoles on reference trajectory (rz > 0) ---
effective_length:                   435.29165514016836 mm
perpendicular_grid:                 41 points in [-10.000000,+10.000000] mm
max_fitting_error_normal            0.042/6077.990 G/G
max_fitting_error_skew              324.288/324.288 G/G
r0_for_relative_multipoles          12 mm
main_monomial                       n = 0, skew:False
                                       Nn(s=0)      Integ_Nn     Nn/N0(@r0)   |    Sn(s=0)      Integ_Sn     Sn/S0(@r0)  
<multipole_order n>                    [T/m^n]      [T.m/m^n]        []       |    [T/m^n]      [T.m/m^n]        []      
n=00:                                5.2571e-01    -2.2884e-01   +1.0000e+00  |      ---           ---           ---     
n=01:                                6.8907e+00    +3.0661e+00   -1.6078e-01  |      ---           ---           ---     
n=02:                                4.5685e+00    +9.9903e-01   -6.2865e-04  |      ---           ---           ---     
n=03:                                1.2734e+02    -2.9823e+01   +2.2520e-04  |      ---           ---           ---     
n=04:                                1.7278e+04    +1.5918e+03   -1.4423e-04  |      ---           ---           ---     
n=05:                                3.5892e+05    +7.1828e+03   -7.8104e-06  |      ---           ---           ---     
n=06:                                1.0681e+08    -1.4940e+07   +1.9494e-04  |      ---           ---           ---     
