--- multipoles on reference trajectory (rz > 0) ---
effective_length:                   433.4043263521726 mm
perpendicular_grid:                 41 points in [-10.000000,+10.000000] mm
max_fitting_error_normal            0.045/6383.534 G/G
max_fitting_error_skew              332.191/332.191 G/G
r0_for_relative_multipoles          12 mm
main_monomial                       n = 0, skew:False
                                       Nn(s=0)      Integ_Nn     Nn/N0(@r0)   |    Sn(s=0)      Integ_Sn     Sn/S0(@r0)  
<multipole_order n>                    [T/m^n]      [T.m/m^n]        []       |    [T/m^n]      [T.m/m^n]        []      
n=00:                                5.5335e-01    -2.3982e-01   +1.0000e+00  |      ---           ---           ---     
n=01:                                7.2912e+00    +3.2204e+00   -1.6114e-01  |      ---           ---           ---     
n=02:                                4.0032e+00    +7.3713e-01   -4.4260e-04  |      ---           ---           ---     
n=03:                                4.4069e+01    -2.1145e+01   +1.5236e-04  |      ---           ---           ---     
n=04:                                2.5479e+04    +6.0824e+03   -5.2590e-04  |      ---           ---           ---     
n=05:                                5.7825e+05    -9.7234e+03   +1.0089e-05  |      ---           ---           ---     
n=06:                                1.4657e+08    -3.5230e+07   +4.3864e-04  |      ---           ---           ---     
