--- multipoles on reference trajectory (rz > 0) ---
effective_length:                   436.5143853928694 mm
perpendicular_grid:                 41 points in [-10.000000,+10.000000] mm
max_fitting_error_normal            0.058/5115.183 G/G
max_fitting_error_skew              340.472/340.472 G/G
r0_for_relative_multipoles          12 mm
main_monomial                       n = 0, skew:False
                                       Nn(s=0)      Integ_Nn     Nn/N0(@r0)   |    Sn(s=0)      Integ_Sn     Sn/S0(@r0)  
<multipole_order n>                    [T/m^n]      [T.m/m^n]        []       |    [T/m^n]      [T.m/m^n]        []      
n=00:                                5.5185e-01    -2.4089e-01   +1.0000e+00  |      ---           ---           ---     
n=01:                                7.2055e+00    +3.2193e+00   -1.6037e-01  |      ---           ---           ---     
n=02:                                6.0028e+00    +9.8879e-01   -5.9108e-04  |      ---           ---           ---     
n=03:                                4.4632e+01    -2.7615e+01   +1.9809e-04  |      ---           ---           ---     
n=04:                                1.0991e+04    -2.3088e+03   +1.9874e-04  |      ---           ---           ---     
n=05:                                5.9424e+04    -1.5329e+04   +1.5834e-05  |      ---           ---           ---     
n=06:                                7.9460e+07    +1.1509e+07   -1.4266e-04  |      ---           ---           ---     
