--- multipoles on reference trajectory (rz > 0) ---
effective_length:                   436.0869643223238 mm
perpendicular_grid:                 41 points in [-10.000000,+10.000000] mm
max_fitting_error_normal            0.044/4479.137 G/G
max_fitting_error_skew              334.287/334.287 G/G
r0_for_relative_multipoles          12 mm
main_monomial                       n = 0, skew:False
                                       Nn(s=0)      Integ_Nn     Nn/N0(@r0)   |    Sn(s=0)      Integ_Sn     Sn/S0(@r0)  
<multipole_order n>                    [T/m^n]      [T.m/m^n]        []       |    [T/m^n]      [T.m/m^n]        []      
n=00:                                5.5237e-01    -2.4088e-01   +1.0000e+00  |      ---           ---           ---     
n=01:                                7.2208e+00    +3.2229e+00   -1.6055e-01  |      ---           ---           ---     
n=02:                                5.3322e+00    +8.6430e-01   -5.1668e-04  |      ---           ---           ---     
n=03:                                5.6023e+01    -3.0475e+01   +2.1861e-04  |      ---           ---           ---     
n=04:                                5.2354e+02    +4.3427e+02   -3.7383e-05  |      ---           ---           ---     
n=05:                                4.6031e+04    -2.8956e+04   +2.9912e-05  |      ---           ---           ---     
n=06:                                2.3754e+06    -5.1225e+06   +6.3498e-05  |      ---           ---           ---     
