--- multipoles on reference trajectory (rz > 0) ---
effective_length:                   435.6960241036222 mm
perpendicular_grid:                 41 points in [-10.000000,+10.000000] mm
max_fitting_error_normal            0.055/6373.553 G/G
max_fitting_error_skew              334.750/334.750 G/G
r0_for_relative_multipoles          12 mm
main_monomial                       n = 0, skew:False
                                       Nn(s=0)      Integ_Nn     Nn/N0(@r0)   |    Sn(s=0)      Integ_Sn     Sn/S0(@r0)  
<multipole_order n>                    [T/m^n]      [T.m/m^n]        []       |    [T/m^n]      [T.m/m^n]        []      
n=00:                                5.5045e-01    -2.3983e-01   +1.0000e+00  |      ---           ---           ---     
n=01:                                7.2443e+00    +3.2228e+00   -1.6125e-01  |      ---           ---           ---     
n=02:                                6.2740e+00    +1.0941e+00   -6.5690e-04  |      ---           ---           ---     
n=03:                                4.7582e+00    -1.4535e+01   +1.0473e-04  |      ---           ---           ---     
n=04:                                2.5063e+04    -4.3158e+03   +3.7315e-04  |      ---           ---           ---     
n=05:                                3.8499e+05    -1.2288e+05   +1.2750e-04  |      ---           ---           ---     
n=06:                                1.4102e+08    +2.3018e+07   -2.8658e-04  |      ---           ---           ---     
