--- multipoles on reference trajectory (rz > 0) ---
effective_length:                   435.18669506626395 mm
perpendicular_grid:                 41 points in [-10.000000,+10.000000] mm
max_fitting_error_normal            0.042/5446.253 G/G
max_fitting_error_skew              317.675/317.675 G/G
r0_for_relative_multipoles          12 mm
main_monomial                       n = 0, skew:False
                                       Nn(s=0)      Integ_Nn     Nn/N0(@r0)   |    Sn(s=0)      Integ_Sn     Sn/S0(@r0)  
<multipole_order n>                    [T/m^n]      [T.m/m^n]        []       |    [T/m^n]      [T.m/m^n]        []      
n=00:                                5.2595e-01    -2.2888e-01   +1.0000e+00  |      ---           ---           ---     
n=01:                                6.9086e+00    +3.0700e+00   -1.6096e-01  |      ---           ---           ---     
n=02:                                4.0907e+00    +9.7412e-01   -6.1286e-04  |      ---           ---           ---     
n=03:                                5.0919e+01    -4.3360e+01   +3.2736e-04  |      ---           ---           ---     
n=04:                                1.6114e+04    -7.0392e+02   +6.3772e-05  |      ---           ---           ---     
n=05:                                4.2851e+04    +1.0699e+05   -1.1631e-04  |      ---           ---           ---     
n=06:                                8.2598e+07    +2.0622e+06   -2.6903e-05  |      ---           ---           ---     
