--- multipoles on reference trajectory (rz > 0) ---
effective_length:                   435.23050830954793 mm
perpendicular_grid:                 41 points in [-10.000000,+10.000000] mm
max_fitting_error_normal            0.026/4041.646 G/G
max_fitting_error_skew              321.054/321.054 G/G
r0_for_relative_multipoles          12 mm
main_monomial                       n = 0, skew:False
                                       Nn(s=0)      Integ_Nn     Nn/N0(@r0)   |    Sn(s=0)      Integ_Sn     Sn/S0(@r0)  
<multipole_order n>                    [T/m^n]      [T.m/m^n]        []       |    [T/m^n]      [T.m/m^n]        []      
n=00:                                5.2409e-01    -2.2810e-01   +1.0000e+00  |      ---           ---           ---     
n=01:                                6.8594e+00    +3.0533e+00   -1.6063e-01  |      ---           ---           ---     
n=02:                                5.1234e+00    +7.5827e-01   -4.7869e-04  |      ---           ---           ---     
n=03:                                3.8002e+01    -1.6827e+01   +1.2747e-04  |      ---           ---           ---     
n=04:                                8.8550e+02    +2.8674e+02   -2.6067e-05  |      ---           ---           ---     
n=05:                                6.3505e+05    -1.0429e+05   +1.1377e-04  |      ---           ---           ---     
n=06:                                1.3518e+07    -2.7189e+06   +3.5592e-05  |      ---           ---           ---     
