--- multipoles on reference trajectory (rz > 0) ---
effective_length:                   435.3274408329939 mm
perpendicular_grid:                 41 points in [-10.000000,+10.000000] mm
max_fitting_error_normal            0.039/5490.349 G/G
max_fitting_error_skew              344.064/344.064 G/G
r0_for_relative_multipoles          12 mm
main_monomial                       n = 0, skew:False
                                       Nn(s=0)      Integ_Nn     Nn/N0(@r0)   |    Sn(s=0)      Integ_Sn     Sn/S0(@r0)  
<multipole_order n>                    [T/m^n]      [T.m/m^n]        []       |    [T/m^n]      [T.m/m^n]        []      
n=00:                                5.5329e-01    -2.4086e-01   +1.0000e+00  |      ---           ---           ---     
n=01:                                7.2693e+00    +3.2377e+00   -1.6131e-01  |      ---           ---           ---     
n=02:                                4.8257e+00    +8.7660e-01   -5.2408e-04  |      ---           ---           ---     
n=03:                                6.9127e+01    -3.4337e+01   +2.4634e-04  |      ---           ---           ---     
n=04:                                1.7750e+04    +2.2071e+03   -1.9001e-04  |      ---           ---           ---     
n=05:                                4.3234e+04    +3.9615e+04   -4.0926e-05  |      ---           ---           ---     
n=06:                                1.0799e+08    -1.4068e+07   +1.7440e-04  |      ---           ---           ---     
