--- multipoles on reference trajectory (rz > 0) ---
effective_length:                   434.7796502594545 mm
perpendicular_grid:                 41 points in [-10.000000,+10.000000] mm
max_fitting_error_normal            0.026/6080.696 G/G
max_fitting_error_skew              326.392/326.392 G/G
r0_for_relative_multipoles          12 mm
main_monomial                       n = 0, skew:False
                                       Nn(s=0)      Integ_Nn     Nn/N0(@r0)   |    Sn(s=0)      Integ_Sn     Sn/S0(@r0)  
<multipole_order n>                    [T/m^n]      [T.m/m^n]        []       |    [T/m^n]      [T.m/m^n]        []      
n=00:                                5.2467e-01    -2.2811e-01   +1.0000e+00  |      ---           ---           ---     
n=01:                                6.8536e+00    +3.0525e+00   -1.6058e-01  |      ---           ---           ---     
n=02:                                4.9990e+00    +6.8581e-01   -4.3293e-04  |      ---           ---           ---     
n=03:                                2.0945e+00    -1.5356e+01   +1.1633e-04  |      ---           ---           ---     
n=04:                                2.5317e+03    -4.6268e+02   +4.2058e-05  |      ---           ---           ---     
n=05:                                3.3333e+05    -8.1609e+04   +8.9021e-05  |      ---           ---           ---     
n=06:                                1.2539e+07    -2.4437e+05   +3.1988e-06  |      ---           ---           ---     
