--- multipoles on reference trajectory (rz > 0) ---
effective_length:                   435.0625589645852 mm
perpendicular_grid:                 41 points in [-10.000000,+10.000000] mm
max_fitting_error_normal            0.045/4895.271 G/G
max_fitting_error_skew              345.168/345.168 G/G
r0_for_relative_multipoles          12 mm
main_monomial                       n = 0, skew:False
                                       Nn(s=0)      Integ_Nn     Nn/N0(@r0)   |    Sn(s=0)      Integ_Sn     Sn/S0(@r0)  
<multipole_order n>                    [T/m^n]      [T.m/m^n]        []       |    [T/m^n]      [T.m/m^n]        []      
n=00:                                5.5439e-01    -2.4119e-01   +1.0000e+00  |      ---           ---           ---     
n=01:                                7.2502e+00    +3.2336e+00   -1.6088e-01  |      ---           ---           ---     
n=02:                                5.7780e+00    +7.9759e-01   -4.7619e-04  |      ---           ---           ---     
n=03:                                1.1468e+02    -3.6858e+01   +2.6406e-04  |      ---           ---           ---     
n=04:                                6.9502e+03    +1.0498e+03   -9.0254e-05  |      ---           ---           ---     
n=05:                                2.6215e+05    -3.7784e+03   +3.8980e-06  |      ---           ---           ---     
n=06:                                5.3277e+07    -2.4618e+06   +3.0478e-05  |      ---           ---           ---     
