--- multipoles on reference trajectory (rz > 0) ---
effective_length:                   435.0096552670249 mm
perpendicular_grid:                 41 points in [-10.000000,+10.000000] mm
max_fitting_error_normal            0.044/4864.655 G/G
max_fitting_error_skew              334.355/334.355 G/G
r0_for_relative_multipoles          12 mm
main_monomial                       n = 0, skew:False
                                       Nn(s=0)      Integ_Nn     Nn/N0(@r0)   |    Sn(s=0)      Integ_Sn     Sn/S0(@r0)  
<multipole_order n>                    [T/m^n]      [T.m/m^n]        []       |    [T/m^n]      [T.m/m^n]        []      
n=00:                                5.5063e-01    -2.3953e-01   +1.0000e+00  |      ---           ---           ---     
n=01:                                7.2234e+00    +3.2125e+00   -1.6094e-01  |      ---           ---           ---     
n=02:                                5.2865e+00    +8.1196e-01   -4.8814e-04  |      ---           ---           ---     
n=03:                                5.5611e+01    -2.1679e+01   +1.5640e-04  |      ---           ---           ---     
n=04:                                6.4867e+02    +1.2466e+03   -1.0791e-04  |      ---           ---           ---     
n=05:                                4.8926e+04    -9.2254e+04   +9.5838e-05  |      ---           ---           ---     
n=06:                                3.8935e+06    -9.5259e+06   +1.1875e-04  |      ---           ---           ---     
