--- multipoles on reference trajectory (rz > 0) ---
effective_length:                   434.9181759611516 mm
perpendicular_grid:                 41 points in [-10.000000,+10.000000] mm
max_fitting_error_normal            0.058/4202.832 G/G
max_fitting_error_skew              339.385/339.385 G/G
r0_for_relative_multipoles          12 mm
main_monomial                       n = 0, skew:False
                                       Nn(s=0)      Integ_Nn     Nn/N0(@r0)   |    Sn(s=0)      Integ_Sn     Sn/S0(@r0)  
<multipole_order n>                    [T/m^n]      [T.m/m^n]        []       |    [T/m^n]      [T.m/m^n]        []      
n=00:                                5.2607e-01    -2.2880e-01   +1.0000e+00  |      ---           ---           ---     
n=01:                                6.8982e+00    +3.0620e+00   -1.6059e-01  |      ---           ---           ---     
n=02:                                4.7810e+00    +8.4417e-01   -5.3130e-04  |      ---           ---           ---     
n=03:                                3.4871e+01    -4.2725e+01   +3.2268e-04  |      ---           ---           ---     
n=04:                                1.2391e+04    -2.8108e+03   +2.5475e-04  |      ---           ---           ---     
n=05:                                3.8812e+04    +1.0696e+05   -1.1632e-04  |      ---           ---           ---     
n=06:                                9.0339e+07    +2.0500e+07   -2.6754e-04  |      ---           ---           ---     
