--- multipoles on reference trajectory (rz > 0) ---
effective_length:                   435.5326028787117 mm
perpendicular_grid:                 41 points in [-10.000000,+10.000000] mm
max_fitting_error_normal            0.030/3290.987 G/G
max_fitting_error_skew              343.581/343.581 G/G
r0_for_relative_multipoles          12 mm
main_monomial                       n = 0, skew:False
                                       Nn(s=0)      Integ_Nn     Nn/N0(@r0)   |    Sn(s=0)      Integ_Sn     Sn/S0(@r0)  
<multipole_order n>                    [T/m^n]      [T.m/m^n]        []       |    [T/m^n]      [T.m/m^n]        []      
n=00:                                5.5214e-01    -2.4047e-01   +1.0000e+00  |      ---           ---           ---     
n=01:                                7.2244e+00    +3.2187e+00   -1.6062e-01  |      ---           ---           ---     
n=02:                                5.6407e+00    +1.0247e+00   -6.1358e-04  |      ---           ---           ---     
n=03:                                3.9938e+01    -2.7867e+01   +2.0024e-04  |      ---           ---           ---     
n=04:                                2.0829e+03    -2.1571e+03   +1.8601e-04  |      ---           ---           ---     
n=05:                                9.1543e+03    -2.6063e+04   +2.6969e-05  |      ---           ---           ---     
n=06:                                1.8731e+07    +1.0235e+07   -1.2709e-04  |      ---           ---           ---     
