--- multipoles on reference trajectory (rz > 0) ---
effective_length:                   435.20518426247605 mm
perpendicular_grid:                 41 points in [-10.000000,+10.000000] mm
max_fitting_error_normal            0.052/6395.576 G/G
max_fitting_error_skew              334.566/334.566 G/G
r0_for_relative_multipoles          12 mm
main_monomial                       n = 0, skew:False
                                       Nn(s=0)      Integ_Nn     Nn/N0(@r0)   |    Sn(s=0)      Integ_Sn     Sn/S0(@r0)  
<multipole_order n>                    [T/m^n]      [T.m/m^n]        []       |    [T/m^n]      [T.m/m^n]        []      
n=00:                                5.5310e-01    -2.4071e-01   +1.0000e+00  |      ---           ---           ---     
n=01:                                7.2558e+00    +3.2252e+00   -1.6078e-01  |      ---           ---           ---     
n=02:                                6.7193e+00    +1.0656e+00   -6.3747e-04  |      ---           ---           ---     
n=03:                                5.0666e+00    -5.4369e+00   +3.9030e-05  |      ---           ---           ---     
n=04:                                3.2590e+04    -2.5143e+03   +2.1660e-04  |      ---           ---           ---     
n=05:                                3.7355e+05    -1.7998e+05   +1.8605e-04  |      ---           ---           ---     
n=06:                                2.0382e+08    +1.8251e+07   -2.2640e-04  |      ---           ---           ---     
