--- multipoles on reference trajectory (rz > 0) ---
effective_length:                   435.98393803389627 mm
perpendicular_grid:                 41 points in [-10.000000,+10.000000] mm
max_fitting_error_normal            0.068/6701.025 G/G
max_fitting_error_skew              348.292/348.292 G/G
r0_for_relative_multipoles          12 mm
main_monomial                       n = 0, skew:False
                                       Nn(s=0)      Integ_Nn     Nn/N0(@r0)   |    Sn(s=0)      Integ_Sn     Sn/S0(@r0)  
<multipole_order n>                    [T/m^n]      [T.m/m^n]        []       |    [T/m^n]      [T.m/m^n]        []      
n=00:                                5.7719e-01    -2.5165e-01   +1.0000e+00  |      ---           ---           ---     
n=01:                                7.5503e+00    +3.3750e+00   -1.6094e-01  |      ---           ---           ---     
n=02:                                6.2599e+00    +8.7932e-01   -5.0318e-04  |      ---           ---           ---     
n=03:                                8.6435e+00    -1.3961e+01   +9.5871e-05  |      ---           ---           ---     
n=04:                                6.2563e+02    +2.6231e+03   -2.1614e-04  |      ---           ---           ---     
n=05:                                5.0129e+05    -1.6051e+05   +1.5871e-04  |      ---           ---           ---     
n=06:                                3.3526e+06    -1.7303e+07   +2.0531e-04  |      ---           ---           ---     
