--- multipoles on reference trajectory (rz > 0) ---
effective_length:                   434.0178507640306 mm
perpendicular_grid:                 41 points in [-10.000000,+10.000000] mm
max_fitting_error_normal            0.042/4785.358 G/G
max_fitting_error_skew              334.175/334.175 G/G
r0_for_relative_multipoles          12 mm
main_monomial                       n = 0, skew:False
                                       Nn(s=0)      Integ_Nn     Nn/N0(@r0)   |    Sn(s=0)      Integ_Sn     Sn/S0(@r0)  
<multipole_order n>                    [T/m^n]      [T.m/m^n]        []       |    [T/m^n]      [T.m/m^n]        []      
n=00:                                5.5141e-01    -2.3932e-01   +1.0000e+00  |      ---           ---           ---     
n=01:                                7.2588e+00    +3.2165e+00   -1.6128e-01  |      ---           ---           ---     
n=02:                                6.7044e+00    +1.0822e+00   -6.5117e-04  |      ---           ---           ---     
n=03:                                1.4798e+01    -7.1896e+00   +5.1912e-05  |      ---           ---           ---     
n=04:                                3.2524e+04    -4.8117e+03   +4.1691e-04  |      ---           ---           ---     
n=05:                                2.0183e+05    -1.6355e+05   +1.7005e-04  |      ---           ---           ---     
n=06:                                2.0051e+08    +2.6964e+07   -3.3643e-04  |      ---           ---           ---     
