--- multipoles on reference trajectory (rz > 0) ---
effective_length:                   436.6203985398489 mm
perpendicular_grid:                 41 points in [-10.000000,+10.000000] mm
max_fitting_error_normal            0.046/4449.995 G/G
max_fitting_error_skew              338.946/338.946 G/G
r0_for_relative_multipoles          12 mm
main_monomial                       n = 0, skew:False
                                       Nn(s=0)      Integ_Nn     Nn/N0(@r0)   |    Sn(s=0)      Integ_Sn     Sn/S0(@r0)  
<multipole_order n>                    [T/m^n]      [T.m/m^n]        []       |    [T/m^n]      [T.m/m^n]        []      
n=00:                                5.2370e-01    -2.2866e-01   +1.0000e+00  |      ---           ---           ---     
n=01:                                6.8476e+00    +3.0645e+00   -1.6082e-01  |      ---           ---           ---     
n=02:                                6.1891e+00    +1.1135e+00   -7.0122e-04  |      ---           ---           ---     
n=03:                                1.9706e+02    -2.8722e+01   +2.1706e-04  |      ---           ---           ---     
n=04:                                5.9874e+03    -2.8276e+03   +2.5642e-04  |      ---           ---           ---     
n=05:                                1.0791e+06    +2.2697e+04   -2.4699e-05  |      ---           ---           ---     
n=06:                                1.7567e+07    +9.5220e+06   -1.2435e-04  |      ---           ---           ---     
