--- multipoles on reference trajectory (rz > 0) ---
effective_length:                   435.93996297306336 mm
perpendicular_grid:                 41 points in [-10.000000,+10.000000] mm
max_fitting_error_normal            0.054/6423.740 G/G
max_fitting_error_skew              335.981/335.981 G/G
r0_for_relative_multipoles          12 mm
main_monomial                       n = 0, skew:False
                                       Nn(s=0)      Integ_Nn     Nn/N0(@r0)   |    Sn(s=0)      Integ_Sn     Sn/S0(@r0)  
<multipole_order n>                    [T/m^n]      [T.m/m^n]        []       |    [T/m^n]      [T.m/m^n]        []      
n=00:                                5.5460e-01    -2.4177e-01   +1.0000e+00  |      ---           ---           ---     
n=01:                                7.2578e+00    +3.2367e+00   -1.6065e-01  |      ---           ---           ---     
n=02:                                5.3817e+00    +1.1271e+00   -6.7133e-04  |      ---           ---           ---     
n=03:                                8.8121e+00    -2.5425e+01   +1.8171e-04  |      ---           ---           ---     
n=04:                                1.1129e+03    -3.5072e+03   +3.0080e-04  |      ---           ---           ---     
n=05:                                2.5565e+05    -5.7026e+04   +5.8691e-05  |      ---           ---           ---     
n=06:                                1.5373e+07    +2.1708e+07   -2.6811e-04  |      ---           ---           ---     
