--- multipoles on reference trajectory (rz > 0) ---
effective_length:                   435.98589460557827 mm
perpendicular_grid:                 41 points in [-10.000000,+10.000000] mm
max_fitting_error_normal            0.054/3639.234 G/G
max_fitting_error_skew              331.544/331.544 G/G
r0_for_relative_multipoles          12 mm
main_monomial                       n = 0, skew:False
                                       Nn(s=0)      Integ_Nn     Nn/N0(@r0)   |    Sn(s=0)      Integ_Sn     Sn/S0(@r0)  
<multipole_order n>                    [T/m^n]      [T.m/m^n]        []       |    [T/m^n]      [T.m/m^n]        []      
n=00:                                5.5222e-01    -2.4076e-01   +1.0000e+00  |      ---           ---           ---     
n=01:                                7.2426e+00    +3.2353e+00   -1.6126e-01  |      ---           ---           ---     
n=02:                                5.8003e+00    +1.0787e+00   -6.4519e-04  |      ---           ---           ---     
n=03:                                1.3677e+02    -6.4754e+01   +4.6476e-04  |      ---           ---           ---     
n=04:                                3.3928e+03    -3.3866e+03   +2.9168e-04  |      ---           ---           ---     
n=05:                                4.0517e+05    +1.9438e+05   -2.0090e-04  |      ---           ---           ---     
n=06:                                3.1394e+07    +1.5263e+07   -1.8930e-04  |      ---           ---           ---     
