--- multipoles on reference trajectory (rz > 0) ---
effective_length:                   435.0411604628833 mm
perpendicular_grid:                 41 points in [-10.000000,+10.000000] mm
max_fitting_error_normal            0.046/4881.873 G/G
max_fitting_error_skew              344.427/344.427 G/G
r0_for_relative_multipoles          12 mm
main_monomial                       n = 0, skew:False
                                       Nn(s=0)      Integ_Nn     Nn/N0(@r0)   |    Sn(s=0)      Integ_Sn     Sn/S0(@r0)  
<multipole_order n>                    [T/m^n]      [T.m/m^n]        []       |    [T/m^n]      [T.m/m^n]        []      
n=00:                                5.5313e-01    -2.4063e-01   +1.0000e+00  |      ---           ---           ---     
n=01:                                7.2521e+00    +3.2339e+00   -1.6127e-01  |      ---           ---           ---     
n=02:                                5.7011e+00    +7.8334e-01   -4.6877e-04  |      ---           ---           ---     
n=03:                                1.1666e+02    -3.5640e+01   +2.5594e-04  |      ---           ---           ---     
n=04:                                6.1270e+03    +8.7910e+02   -7.5755e-05  |      ---           ---           ---     
n=05:                                2.8806e+05    -1.1404e+04   +1.1792e-05  |      ---           ---           ---     
n=06:                                4.8429e+07    -1.1014e+06   +1.3667e-05  |      ---           ---           ---     
