--- multipoles on reference trajectory (rz > 0) ---
effective_length:                   433.73948762435987 mm
perpendicular_grid:                 41 points in [-10.000000,+10.000000] mm
max_fitting_error_normal            0.030/3777.954 G/G
max_fitting_error_skew              315.741/315.741 G/G
r0_for_relative_multipoles          12 mm
main_monomial                       n = 0, skew:False
                                       Nn(s=0)      Integ_Nn     Nn/N0(@r0)   |    Sn(s=0)      Integ_Sn     Sn/S0(@r0)  
<multipole_order n>                    [T/m^n]      [T.m/m^n]        []       |    [T/m^n]      [T.m/m^n]        []      
n=00:                                5.2419e-01    -2.2736e-01   +1.0000e+00  |      ---           ---           ---     
n=01:                                6.8972e+00    +3.0578e+00   -1.6139e-01  |      ---           ---           ---     
n=02:                                4.7026e+00    +7.5040e-01   -4.7526e-04  |      ---           ---           ---     
n=03:                                7.5786e+01    -4.0824e+01   +3.1027e-04  |      ---           ---           ---     
n=04:                                6.6849e+02    +1.5089e+03   -1.3761e-04  |      ---           ---           ---     
n=05:                                1.7093e+05    +4.4335e+04   -4.8521e-05  |      ---           ---           ---     
n=06:                                1.4897e+07    -7.0168e+06   +9.2152e-05  |      ---           ---           ---     
