--- multipoles on reference trajectory (rz > 0) ---
effective_length:                   435.91377556336414 mm
perpendicular_grid:                 41 points in [-10.000000,+10.000000] mm
max_fitting_error_normal            0.031/6710.837 G/G
max_fitting_error_skew              359.850/359.850 G/G
r0_for_relative_multipoles          12 mm
main_monomial                       n = 0, skew:False
                                       Nn(s=0)      Integ_Nn     Nn/N0(@r0)   |    Sn(s=0)      Integ_Sn     Sn/S0(@r0)  
<multipole_order n>                    [T/m^n]      [T.m/m^n]        []       |    [T/m^n]      [T.m/m^n]        []      
n=00:                                5.7922e-01    -2.5249e-01   +1.0000e+00  |      ---           ---           ---     
n=01:                                7.5681e+00    +3.3796e+00   -1.6062e-01  |      ---           ---           ---     
n=02:                                5.9737e+00    +1.1577e+00   -6.6028e-04  |      ---           ---           ---     
n=03:                                2.3719e+01    -1.3741e+01   +9.4042e-05  |      ---           ---           ---     
n=04:                                7.1310e+03    -2.0130e+03   +1.6532e-04  |      ---           ---           ---     
n=05:                                6.4084e+05    -1.4444e+05   +1.4234e-04  |      ---           ---           ---     
n=06:                                4.5197e+07    +9.6698e+06   -1.1436e-04  |      ---           ---           ---     
