--- multipoles on reference trajectory (rz > 0) ---
effective_length:                   435.09293235641394 mm
perpendicular_grid:                 41 points in [-10.000000,+10.000000] mm
max_fitting_error_normal            0.069/5115.366 G/G
max_fitting_error_skew              355.833/355.833 G/G
r0_for_relative_multipoles          12 mm
main_monomial                       n = 0, skew:False
                                       Nn(s=0)      Integ_Nn     Nn/N0(@r0)   |    Sn(s=0)      Integ_Sn     Sn/S0(@r0)  
<multipole_order n>                    [T/m^n]      [T.m/m^n]        []       |    [T/m^n]      [T.m/m^n]        []      
n=00:                                5.7973e-01    -2.5224e-01   +1.0000e+00  |      ---           ---           ---     
n=01:                                7.5836e+00    +3.3753e+00   -1.6058e-01  |      ---           ---           ---     
n=02:                                6.2634e+00    +1.0880e+00   -6.2114e-04  |      ---           ---           ---     
n=03:                                1.1398e+02    -2.2060e+01   +1.5112e-04  |      ---           ---           ---     
n=04:                                1.6348e+04    -1.5666e+02   +1.2879e-05  |      ---           ---           ---     
n=05:                                3.3334e+05    -1.3587e+05   +1.3404e-04  |      ---           ---           ---     
n=06:                                1.1436e+08    -4.0915e+05   +4.8436e-06  |      ---           ---           ---     
