--- multipoles on reference trajectory (rz > 0) ---
effective_length:                   435.93445064478897 mm
perpendicular_grid:                 41 points in [-10.000000,+10.000000] mm
max_fitting_error_normal            0.060/6390.600 G/G
max_fitting_error_skew              355.779/355.779 G/G
r0_for_relative_multipoles          12 mm
main_monomial                       n = 0, skew:False
                                       Nn(s=0)      Integ_Nn     Nn/N0(@r0)   |    Sn(s=0)      Integ_Sn     Sn/S0(@r0)  
<multipole_order n>                    [T/m^n]      [T.m/m^n]        []       |    [T/m^n]      [T.m/m^n]        []      
n=00:                                5.5149e-01    -2.4041e-01   +1.0000e+00  |      ---           ---           ---     
n=01:                                7.2071e+00    +3.2160e+00   -1.6053e-01  |      ---           ---           ---     
n=02:                                5.2033e+00    +6.6645e-01   -3.9918e-04  |      ---           ---           ---     
n=03:                                1.1607e+02    -5.1064e+01   +3.6703e-04  |      ---           ---           ---     
n=04:                                3.7712e+03    +1.7716e+03   -1.5281e-04  |      ---           ---           ---     
n=05:                                2.2901e+05    +9.8540e+04   -1.0199e-04  |      ---           ---           ---     
n=06:                                1.9295e+07    -1.3233e+07   +1.6435e-04  |      ---           ---           ---     
