--- multipoles on reference trajectory (rz > 0) ---
effective_length:                   434.846745654622 mm
perpendicular_grid:                 41 points in [-10.000000,+10.000000] mm
max_fitting_error_normal            0.048/6407.755 G/G
max_fitting_error_skew              344.588/344.588 G/G
r0_for_relative_multipoles          12 mm
main_monomial                       n = 0, skew:False
                                       Nn(s=0)      Integ_Nn     Nn/N0(@r0)   |    Sn(s=0)      Integ_Sn     Sn/S0(@r0)  
<multipole_order n>                    [T/m^n]      [T.m/m^n]        []       |    [T/m^n]      [T.m/m^n]        []      
n=00:                                5.5333e-01    -2.4061e-01   +1.0000e+00  |      ---           ---           ---     
n=01:                                7.2913e+00    +3.2360e+00   -1.6139e-01  |      ---           ---           ---     
n=02:                                6.4531e+00    +1.2313e+00   -7.3688e-04  |      ---           ---           ---     
n=03:                                7.5311e+01    -2.4328e+01   +1.7472e-04  |      ---           ---           ---     
n=04:                                2.0492e+04    -4.6777e+03   +4.0312e-04  |      ---           ---           ---     
n=05:                                1.4253e+05    -6.1474e+04   +6.3574e-05  |      ---           ---           ---     
n=06:                                1.2519e+08    +2.6672e+07   -3.3099e-04  |      ---           ---           ---     
