--- multipoles on reference trajectory (rz > 0) ---
effective_length:                   435.5025042030508 mm
perpendicular_grid:                 41 points in [-10.000000,+10.000000] mm
max_fitting_error_normal            0.048/5100.778 G/G
max_fitting_error_skew              345.286/345.286 G/G
r0_for_relative_multipoles          12 mm
main_monomial                       n = 0, skew:False
                                       Nn(s=0)      Integ_Nn     Nn/N0(@r0)   |    Sn(s=0)      Integ_Sn     Sn/S0(@r0)  
<multipole_order n>                    [T/m^n]      [T.m/m^n]        []       |    [T/m^n]      [T.m/m^n]        []      
n=00:                                5.7870e-01    -2.5202e-01   +1.0000e+00  |      ---           ---           ---     
n=01:                                7.5871e+00    +3.3762e+00   -1.6076e-01  |      ---           ---           ---     
n=02:                                5.8956e+00    +1.2426e+00   -7.0999e-04  |      ---           ---           ---     
n=03:                                4.2956e+01    -9.9576e+00   +6.8274e-05  |      ---           ---           ---     
n=04:                                3.8066e+03    -4.7919e+03   +3.9427e-04  |      ---           ---           ---     
n=05:                                6.9365e+05    -1.4995e+05   +1.4805e-04  |      ---           ---           ---     
n=06:                                8.9756e+06    +2.3767e+07   -2.8159e-04  |      ---           ---           ---     
