--- multipoles on reference trajectory (rz > 0) ---
effective_length:                   433.37396822142057 mm
perpendicular_grid:                 41 points in [-10.000000,+10.000000] mm
max_fitting_error_normal            0.044/5791.356 G/G
max_fitting_error_skew              332.496/332.496 G/G
r0_for_relative_multipoles          12 mm
main_monomial                       n = 0, skew:False
                                       Nn(s=0)      Integ_Nn     Nn/N0(@r0)   |    Sn(s=0)      Integ_Sn     Sn/S0(@r0)  
<multipole_order n>                    [T/m^n]      [T.m/m^n]        []       |    [T/m^n]      [T.m/m^n]        []      
n=00:                                5.5520e-01    -2.4061e-01   +1.0000e+00  |      ---           ---           ---     
n=01:                                7.2890e+00    +3.2181e+00   -1.6049e-01  |      ---           ---           ---     
n=02:                                3.9506e+00    +9.7403e-01   -5.8293e-04  |      ---           ---           ---     
n=03:                                2.5270e+01    -3.0844e+01   +2.2151e-04  |      ---           ---           ---     
n=04:                                2.7041e+04    -2.6787e+02   +2.3085e-05  |      ---           ---           ---     
n=05:                                4.3250e+05    +3.0618e+04   -3.1664e-05  |      ---           ---           ---     
n=06:                                1.5421e+08    +3.0466e+06   -3.7809e-05  |      ---           ---           ---     
