--- multipoles on reference trajectory (rz > 0) ---
effective_length:                   433.53978772260456 mm
perpendicular_grid:                 41 points in [-10.000000,+10.000000] mm
max_fitting_error_normal            0.045/6694.399 G/G
max_fitting_error_skew              354.794/354.794 G/G
r0_for_relative_multipoles          12 mm
main_monomial                       n = 0, skew:False
                                       Nn(s=0)      Integ_Nn     Nn/N0(@r0)   |    Sn(s=0)      Integ_Sn     Sn/S0(@r0)  
<multipole_order n>                    [T/m^n]      [T.m/m^n]        []       |    [T/m^n]      [T.m/m^n]        []      
n=00:                                5.7947e-01    -2.5122e-01   +1.0000e+00  |      ---           ---           ---     
n=01:                                7.6331e+00    +3.3713e+00   -1.6103e-01  |      ---           ---           ---     
n=02:                                3.9032e+00    +9.5493e-01   -5.4736e-04  |      ---           ---           ---     
n=03:                                1.7584e+02    -7.1455e+01   +4.9149e-04  |      ---           ---           ---     
n=04:                                2.1800e+04    -8.6903e+01   +7.1730e-06  |      ---           ---           ---     
n=05:                                7.7426e+05    +2.3653e+05   -2.3428e-04  |      ---           ---           ---     
n=06:                                1.1318e+08    -4.1080e+06   +4.8826e-05  |      ---           ---           ---     
