--- multipoles on reference trajectory (rz > 0) ---
effective_length:                   436.4787626453041 mm
perpendicular_grid:                 41 points in [-10.000000,+10.000000] mm
max_fitting_error_normal            0.027/4620.402 G/G
max_fitting_error_skew              338.892/338.892 G/G
r0_for_relative_multipoles          12 mm
main_monomial                       n = 0, skew:False
                                       Nn(s=0)      Integ_Nn     Nn/N0(@r0)   |    Sn(s=0)      Integ_Sn     Sn/S0(@r0)  
<multipole_order n>                    [T/m^n]      [T.m/m^n]        []       |    [T/m^n]      [T.m/m^n]        []      
n=00:                                5.2272e-01    -2.2816e-01   +1.0000e+00  |      ---           ---           ---     
n=01:                                6.8446e+00    +3.0654e+00   -1.6122e-01  |      ---           ---           ---     
n=02:                                5.2105e+00    +7.8006e-01   -4.9233e-04  |      ---           ---           ---     
n=03:                                2.6050e+01    -1.8134e+01   +1.3734e-04  |      ---           ---           ---     
n=04:                                3.2116e+03    +3.0261e+03   -2.7502e-04  |      ---           ---           ---     
n=05:                                4.5948e+05    -2.9575e+04   +3.2255e-05  |      ---           ---           ---     
n=06:                                5.6101e+06    -1.5540e+07   +2.0338e-04  |      ---           ---           ---     
