--- multipoles on reference trajectory (rz > 0) ---
effective_length:                   436.6094248650124 mm
perpendicular_grid:                 41 points in [-10.000000,+10.000000] mm
max_fitting_error_normal            0.036/6067.461 G/G
max_fitting_error_skew              312.148/312.148 G/G
r0_for_relative_multipoles          12 mm
main_monomial                       n = 0, skew:False
                                       Nn(s=0)      Integ_Nn     Nn/N0(@r0)   |    Sn(s=0)      Integ_Sn     Sn/S0(@r0)  
<multipole_order n>                    [T/m^n]      [T.m/m^n]        []       |    [T/m^n]      [T.m/m^n]        []      
n=00:                                5.2268e-01    -2.2821e-01   +1.0000e+00  |      ---           ---           ---     
n=01:                                6.8483e+00    +3.0630e+00   -1.6106e-01  |      ---           ---           ---     
n=02:                                4.7023e+00    +8.6869e-01   -5.4814e-04  |      ---           ---           ---     
n=03:                                8.3231e+01    -4.0840e+01   +3.0924e-04  |      ---           ---           ---     
n=04:                                7.5974e+03    -1.6765e+03   +1.5234e-04  |      ---           ---           ---     
n=05:                                1.5402e+05    +4.8839e+04   -5.3252e-05  |      ---           ---           ---     
n=06:                                4.3269e+07    +6.5487e+06   -8.5687e-05  |      ---           ---           ---     
