--- multipoles on reference trajectory (rz > 0) ---
effective_length:                   436.5973387696159 mm
perpendicular_grid:                 41 points in [-10.000000,+10.000000] mm
max_fitting_error_normal            0.042/4777.541 G/G
max_fitting_error_skew              343.137/343.137 G/G
r0_for_relative_multipoles          12 mm
main_monomial                       n = 0, skew:False
                                       Nn(s=0)      Integ_Nn     Nn/N0(@r0)   |    Sn(s=0)      Integ_Sn     Sn/S0(@r0)  
<multipole_order n>                    [T/m^n]      [T.m/m^n]        []       |    [T/m^n]      [T.m/m^n]        []      
n=00:                                5.5231e-01    -2.4114e-01   +1.0000e+00  |      ---           ---           ---     
n=01:                                7.2318e+00    +3.2345e+00   -1.6096e-01  |      ---           ---           ---     
n=02:                                5.5680e+00    +8.3082e-01   -4.9614e-04  |      ---           ---           ---     
n=03:                                4.5842e+01    -1.7528e+01   +1.2560e-04  |      ---           ---           ---     
n=04:                                4.2157e+03    +2.1736e+03   -1.8691e-04  |      ---           ---           ---     
n=05:                                1.4733e+05    -1.0077e+05   +1.0399e-04  |      ---           ---           ---     
n=06:                                2.4546e+07    -1.5464e+07   +1.9149e-04  |      ---           ---           ---     
