--- multipoles on reference trajectory (rz > 0) ---
effective_length:                   434.8139581798071 mm
perpendicular_grid:                 41 points in [-10.000000,+10.000000] mm
max_fitting_error_normal            0.029/4623.664 G/G
max_fitting_error_skew              326.498/326.498 G/G
r0_for_relative_multipoles          12 mm
main_monomial                       n = 0, skew:False
                                       Nn(s=0)      Integ_Nn     Nn/N0(@r0)   |    Sn(s=0)      Integ_Sn     Sn/S0(@r0)  
<multipole_order n>                    [T/m^n]      [T.m/m^n]        []       |    [T/m^n]      [T.m/m^n]        []      
n=00:                                5.2508e-01    -2.2831e-01   +1.0000e+00  |      ---           ---           ---     
n=01:                                6.9053e+00    +3.0646e+00   -1.6107e-01  |      ---           ---           ---     
n=02:                                4.8467e+00    +1.0048e+00   -6.3377e-04  |      ---           ---           ---     
n=03:                                4.7767e+01    -3.0822e+01   +2.3328e-04  |      ---           ---           ---     
n=04:                                8.6302e+03    -1.2282e+03   +1.1155e-04  |      ---           ---           ---     
n=05:                                1.7370e+05    +5.4967e+04   -5.9907e-05  |      ---           ---           ---     
n=06:                                4.8686e+07    +7.6077e+06   -9.9497e-05  |      ---           ---           ---     
