--- multipoles on reference trajectory (rz > 0) ---
effective_length:                   435.67164463292573 mm
perpendicular_grid:                 41 points in [-10.000000,+10.000000] mm
max_fitting_error_normal            0.038/4882.853 G/G
max_fitting_error_skew              339.255/339.255 G/G
r0_for_relative_multipoles          12 mm
main_monomial                       n = 0, skew:False
                                       Nn(s=0)      Integ_Nn     Nn/N0(@r0)   |    Sn(s=0)      Integ_Sn     Sn/S0(@r0)  
<multipole_order n>                    [T/m^n]      [T.m/m^n]        []       |    [T/m^n]      [T.m/m^n]        []      
n=00:                                5.5252e-01    -2.4072e-01   +1.0000e+00  |      ---           ---           ---     
n=01:                                7.2412e+00    +3.2348e+00   -1.6126e-01  |      ---           ---           ---     
n=02:                                5.7102e+00    +9.2378e-01   -5.5261e-04  |      ---           ---           ---     
n=03:                                3.6227e+01    -3.8497e+01   +2.7635e-04  |      ---           ---           ---     
n=04:                                4.3114e+03    -4.2659e+02   +3.6747e-05  |      ---           ---           ---     
n=05:                                3.0532e+05    +1.3439e+04   -1.3892e-05  |      ---           ---           ---     
n=06:                                4.4466e+07    +3.1363e+06   -3.8904e-05  |      ---           ---           ---     
