--- multipoles on reference trajectory (rz > 0) ---
effective_length:                   426.3139031787203 mm
perpendicular_grid:                 41 points in [-10.000000,+10.000000] mm
max_fitting_error_normal            0.018/4879.226 G/G
max_fitting_error_skew              0.000/0.000 G/G
r0_for_relative_multipoles          12 mm
main_monomial                       n = 0, skew:False
                                       Nn(s=0)      Integ_Nn     Nn/N0(@r0)   |    Sn(s=0)      Integ_Sn     Sn/S0(@r0)  
<multipole_order n>                    [T/m^n]      [T.m/m^n]        []       |    [T/m^n]      [T.m/m^n]        []      
n=00:                                5.6302e-01    -2.4060e-01   +1.0000e+00  |      ---           ---           ---     
n=01:                                7.5426e+00    +3.2248e+00   -1.6084e-01  |      ---           ---           ---     
n=02:                                1.7756e+00    +9.1581e-01   -5.4813e-04  |      ---           ---           ---     
n=03:                                2.6956e+01    -2.4829e+01   +1.7833e-04  |      ---           ---           ---     
n=04:                                5.4386e+01    -2.9525e+02   +2.5446e-05  |      ---           ---           ---     
n=05:                                6.7033e+04    -1.9485e+04   +2.0152e-05  |      ---           ---           ---     
n=06:                                2.8814e+04    -4.2159e+05   +5.2323e-06  |      ---           ---           ---     
