--- multipoles on reference trajectory (rz > 0) ---
effective_length:                   436.4806941889532 mm
perpendicular_grid:                 41 points in [-10.000000,+10.000000] mm
max_fitting_error_normal            0.075/4535.764 G/G
max_fitting_error_skew              341.686/341.686 G/G
r0_for_relative_multipoles          12 mm
main_monomial                       n = 0, skew:False
                                       Nn(s=0)      Integ_Nn     Nn/N0(@r0)   |    Sn(s=0)      Integ_Sn     Sn/S0(@r0)  
<multipole_order n>                    [T/m^n]      [T.m/m^n]        []       |    [T/m^n]      [T.m/m^n]        []      
n=00:                                5.5370e-01    -2.4168e-01   +1.0000e+00  |      ---           ---           ---     
n=01:                                7.2394e+00    +3.2343e+00   -1.6059e-01  |      ---           ---           ---     
n=02:                                5.7236e+00    +9.0866e-01   -5.4141e-04  |      ---           ---           ---     
n=03:                                3.5834e+01    -2.0539e+01   +1.4686e-04  |      ---           ---           ---     
n=04:                                3.9130e+03    +1.5256e+01   -1.3090e-06  |      ---           ---           ---     
n=05:                                3.2392e+05    -1.5179e+05   +1.5628e-04  |      ---           ---           ---     
n=06:                                4.3267e+07    +4.5529e+05   -5.6252e-06  |      ---           ---           ---     
