--- multipoles on reference trajectory (rz > 0) ---
effective_length:                   435.7201221351285 mm
perpendicular_grid:                 41 points in [-10.000000,+10.000000] mm
max_fitting_error_normal            0.062/4637.439 G/G
max_fitting_error_skew              330.111/330.111 G/G
r0_for_relative_multipoles          12 mm
main_monomial                       n = 0, skew:False
                                       Nn(s=0)      Integ_Nn     Nn/N0(@r0)   |    Sn(s=0)      Integ_Sn     Sn/S0(@r0)  
<multipole_order n>                    [T/m^n]      [T.m/m^n]        []       |    [T/m^n]      [T.m/m^n]        []      
n=00:                                5.2495e-01    -2.2873e-01   +1.0000e+00  |      ---           ---           ---     
n=01:                                6.8747e+00    +3.0651e+00   -1.6080e-01  |      ---           ---           ---     
n=02:                                4.4603e+00    +8.3691e-01   -5.2689e-04  |      ---           ---           ---     
n=03:                                5.8106e+01    -3.3870e+01   +2.5588e-04  |      ---           ---           ---     
n=04:                                1.3533e+04    +1.0126e+03   -9.1799e-05  |      ---           ---           ---     
n=05:                                5.0981e+04    +5.1869e+04   -5.6427e-05  |      ---           ---           ---     
n=06:                                6.9703e+07    -5.7340e+06   +7.4855e-05  |      ---           ---           ---     
