--- multipoles on reference trajectory (rz > 0) ---
effective_length:                   435.7820426102608 mm
perpendicular_grid:                 41 points in [-10.000000,+10.000000] mm
max_fitting_error_normal            0.034/6692.130 G/G
max_fitting_error_skew              364.056/364.056 G/G
r0_for_relative_multipoles          12 mm
main_monomial                       n = 0, skew:False
                                       Nn(s=0)      Integ_Nn     Nn/N0(@r0)   |    Sn(s=0)      Integ_Sn     Sn/S0(@r0)  
<multipole_order n>                    [T/m^n]      [T.m/m^n]        []       |    [T/m^n]      [T.m/m^n]        []      
n=00:                                5.7745e-01    -2.5164e-01   +1.0000e+00  |      ---           ---           ---     
n=01:                                7.5742e+00    +3.3782e+00   -1.6110e-01  |      ---           ---           ---     
n=02:                                6.3839e+00    +1.2629e+00   -7.2268e-04  |      ---           ---           ---     
n=03:                                4.1162e+01    -1.6863e+01   +1.1579e-04  |      ---           ---           ---     
n=04:                                7.9866e+03    -3.5396e+03   +2.9167e-04  |      ---           ---           ---     
n=05:                                1.5926e+05    -9.0496e+04   +8.9485e-05  |      ---           ---           ---     
n=06:                                5.0527e+07    +1.6061e+07   -1.9059e-04  |      ---           ---           ---     
