--- multipoles on reference trajectory (rz > 0) ---
effective_length:                   435.4704486109768 mm
perpendicular_grid:                 41 points in [-10.000000,+10.000000] mm
max_fitting_error_normal            0.061/4610.384 G/G
max_fitting_error_skew              325.600/325.600 G/G
r0_for_relative_multipoles          12 mm
main_monomial                       n = 0, skew:False
                                       Nn(s=0)      Integ_Nn     Nn/N0(@r0)   |    Sn(s=0)      Integ_Sn     Sn/S0(@r0)  
<multipole_order n>                    [T/m^n]      [T.m/m^n]        []       |    [T/m^n]      [T.m/m^n]        []      
n=00:                                5.2376e-01    -2.2808e-01   +1.0000e+00  |      ---           ---           ---     
n=01:                                6.8795e+00    +3.0619e+00   -1.6110e-01  |      ---           ---           ---     
n=02:                                4.7783e+00    +1.0616e+00   -6.7024e-04  |      ---           ---           ---     
n=03:                                1.4314e+02    -3.2308e+01   +2.4477e-04  |      ---           ---           ---     
n=04:                                4.0933e+03    -8.2814e+03   +7.5291e-04  |      ---           ---           ---     
n=05:                                7.6761e+05    +1.6173e+04   -1.7644e-05  |      ---           ---           ---     
n=06:                                5.4509e+07    +5.0205e+07   -6.5728e-04  |      ---           ---           ---     
