--- multipoles on reference trajectory (rz > 0) ---
effective_length:                   435.98795827834067 mm
perpendicular_grid:                 41 points in [-10.000000,+10.000000] mm
max_fitting_error_normal            0.048/3920.777 G/G
max_fitting_error_skew              340.798/340.798 G/G
r0_for_relative_multipoles          12 mm
main_monomial                       n = 0, skew:False
                                       Nn(s=0)      Integ_Nn     Nn/N0(@r0)   |    Sn(s=0)      Integ_Sn     Sn/S0(@r0)  
<multipole_order n>                    [T/m^n]      [T.m/m^n]        []       |    [T/m^n]      [T.m/m^n]        []      
n=00:                                5.4974e-01    -2.3968e-01   +1.0000e+00  |      ---           ---           ---     
n=01:                                7.1954e+00    +3.2174e+00   -1.6108e-01  |      ---           ---           ---     
n=02:                                5.3346e+00    +9.6230e-01   -5.7815e-04  |      ---           ---           ---     
n=03:                                7.3710e+01    -3.1807e+01   +2.2932e-04  |      ---           ---           ---     
n=04:                                9.7556e+03    +1.4746e+02   -1.2758e-05  |      ---           ---           ---     
n=05:                                6.1004e+04    -3.3184e+03   +3.4451e-06  |      ---           ---           ---     
n=06:                                3.7633e+07    -3.9497e+06   +4.9206e-05  |      ---           ---           ---     
