--- multipoles on reference trajectory (rz > 0) ---
effective_length:                   435.0928405018202 mm
perpendicular_grid:                 41 points in [-10.000000,+10.000000] mm
max_fitting_error_normal            0.039/6716.624 G/G
max_fitting_error_skew              352.483/352.483 G/G
r0_for_relative_multipoles          12 mm
main_monomial                       n = 0, skew:False
                                       Nn(s=0)      Integ_Nn     Nn/N0(@r0)   |    Sn(s=0)      Integ_Sn     Sn/S0(@r0)  
<multipole_order n>                    [T/m^n]      [T.m/m^n]        []       |    [T/m^n]      [T.m/m^n]        []      
n=00:                                5.7948e-01    -2.5213e-01   +1.0000e+00  |      ---           ---           ---     
n=01:                                7.5656e+00    +3.3674e+00   -1.6027e-01  |      ---           ---           ---     
n=02:                                5.6277e+00    +8.8370e-01   -5.0472e-04  |      ---           ---           ---     
n=03:                                3.9897e+00    -3.1287e+01   +2.1443e-04  |      ---           ---           ---     
n=04:                                1.0120e+03    +1.5619e+03   -1.2845e-04  |      ---           ---           ---     
n=05:                                5.7970e+05    -3.6345e+04   +3.5870e-05  |      ---           ---           ---     
n=06:                                9.1541e+06    -9.6197e+06   +1.1393e-04  |      ---           ---           ---     
