--- multipoles on reference trajectory (rz > 0) ---
effective_length:                   433.71320955250667 mm
perpendicular_grid:                 41 points in [-10.000000,+10.000000] mm
max_fitting_error_normal            0.030/4636.451 G/G
max_fitting_error_skew              321.401/321.401 G/G
r0_for_relative_multipoles          12 mm
main_monomial                       n = 0, skew:False
                                       Nn(s=0)      Integ_Nn     Nn/N0(@r0)   |    Sn(s=0)      Integ_Sn     Sn/S0(@r0)  
<multipole_order n>                    [T/m^n]      [T.m/m^n]        []       |    [T/m^n]      [T.m/m^n]        []      
n=00:                                5.2587e-01    -2.2807e-01   +1.0000e+00  |      ---           ---           ---     
n=01:                                6.9312e+00    +3.0620e+00   -1.6110e-01  |      ---           ---           ---     
n=02:                                3.5927e+00    +8.2791e-01   -5.2272e-04  |      ---           ---           ---     
n=03:                                9.3152e+01    -3.3738e+01   +2.5562e-04  |      ---           ---           ---     
n=04:                                1.4485e+04    +3.3275e+02   -3.0253e-05  |      ---           ---           ---     
n=05:                                2.8670e+05    +2.4563e+04   -2.6799e-05  |      ---           ---           ---     
n=06:                                9.6367e+07    -7.2056e+06   +9.4336e-05  |      ---           ---           ---     
