--- multipoles on reference trajectory (rz > 0) ---
effective_length:                   432.8249164268782 mm
perpendicular_grid:                 41 points in [-10.000000,+10.000000] mm
max_fitting_error_normal            0.053/6398.849 G/G
max_fitting_error_skew              341.738/341.738 G/G
r0_for_relative_multipoles          12 mm
main_monomial                       n = 0, skew:False
                                       Nn(s=0)      Integ_Nn     Nn/N0(@r0)   |    Sn(s=0)      Integ_Sn     Sn/S0(@r0)  
<multipole_order n>                    [T/m^n]      [T.m/m^n]        []       |    [T/m^n]      [T.m/m^n]        []      
n=00:                                5.5549e-01    -2.4043e-01   +1.0000e+00  |      ---           ---           ---     
n=01:                                7.3158e+00    +3.2140e+00   -1.6041e-01  |      ---           ---           ---     
n=02:                                4.9704e+00    +1.1170e+00   -6.6899e-04  |      ---           ---           ---     
n=03:                                1.3455e+02    -1.4554e+01   +1.0460e-04  |      ---           ---           ---     
n=04:                                1.8899e+04    -5.9083e+03   +5.0956e-04  |      ---           ---           ---     
n=05:                                4.5583e+05    -1.3725e+05   +1.4204e-04  |      ---           ---           ---     
n=06:                                1.1200e+08    +3.0462e+07   -3.7832e-04  |      ---           ---           ---     
