--- multipoles on reference trajectory (rz > 0) ---
effective_length:                   435.62894867955447 mm
perpendicular_grid:                 41 points in [-10.000000,+10.000000] mm
max_fitting_error_normal            0.052/4794.797 G/G
max_fitting_error_skew              344.624/344.624 G/G
r0_for_relative_multipoles          12 mm
main_monomial                       n = 0, skew:False
                                       Nn(s=0)      Integ_Nn     Nn/N0(@r0)   |    Sn(s=0)      Integ_Sn     Sn/S0(@r0)  
<multipole_order n>                    [T/m^n]      [T.m/m^n]        []       |    [T/m^n]      [T.m/m^n]        []      
n=00:                                5.5261e-01    -2.4073e-01   +1.0000e+00  |      ---           ---           ---     
n=01:                                7.2568e+00    +3.2355e+00   -1.6128e-01  |      ---           ---           ---     
n=02:                                5.0628e+00    +7.7663e-01   -4.6456e-04  |      ---           ---           ---     
n=03:                                9.5626e+01    -1.5605e+01   +1.1202e-04  |      ---           ---           ---     
n=04:                                2.1893e+04    +3.2322e+03   -2.7842e-04  |      ---           ---           ---     
n=05:                                9.8320e+05    -5.5578e+04   +5.7448e-05  |      ---           ---           ---     
n=06:                                1.4881e+08    -2.2253e+07   +2.7602e-04  |      ---           ---           ---     
