--- multipoles on reference trajectory (rz > 0) ---
effective_length:                   434.397565940174 mm
perpendicular_grid:                 41 points in [-10.000000,+10.000000] mm
max_fitting_error_normal            0.049/4813.543 G/G
max_fitting_error_skew              333.683/333.683 G/G
r0_for_relative_multipoles          12 mm
main_monomial                       n = 0, skew:False
                                       Nn(s=0)      Integ_Nn     Nn/N0(@r0)   |    Sn(s=0)      Integ_Sn     Sn/S0(@r0)  
<multipole_order n>                    [T/m^n]      [T.m/m^n]        []       |    [T/m^n]      [T.m/m^n]        []      
n=00:                                5.5318e-01    -2.4030e-01   +1.0000e+00  |      ---           ---           ---     
n=01:                                7.2804e+00    +3.2327e+00   -1.6143e-01  |      ---           ---           ---     
n=02:                                6.2407e+00    +1.2983e+00   -7.7802e-04  |      ---           ---           ---     
n=03:                                1.8443e+02    -4.2226e+01   +3.0365e-04  |      ---           ---           ---     
n=04:                                1.4943e+04    -7.2607e+03   +6.2654e-04  |      ---           ---           ---     
n=05:                                9.4973e+05    +6.6930e+04   -6.9307e-05  |      ---           ---           ---     
n=06:                                9.0266e+07    +3.9613e+07   -4.9223e-04  |      ---           ---           ---     
