--- multipoles on reference trajectory (rz > 0) ---
effective_length:                   434.76119032429057 mm
perpendicular_grid:                 41 points in [-10.000000,+10.000000] mm
max_fitting_error_normal            0.033/6402.996 G/G
max_fitting_error_skew              343.987/343.987 G/G
r0_for_relative_multipoles          12 mm
main_monomial                       n = 0, skew:False
                                       Nn(s=0)      Integ_Nn     Nn/N0(@r0)   |    Sn(s=0)      Integ_Sn     Sn/S0(@r0)  
<multipole_order n>                    [T/m^n]      [T.m/m^n]        []       |    [T/m^n]      [T.m/m^n]        []      
n=00:                                5.5249e-01    -2.4020e-01   +1.0000e+00  |      ---           ---           ---     
n=01:                                7.2377e+00    +3.2243e+00   -1.6108e-01  |      ---           ---           ---     
n=02:                                5.3934e+00    +6.4872e-01   -3.8890e-04  |      ---           ---           ---     
n=03:                                6.4405e-01    -2.3347e+01   +1.6796e-04  |      ---           ---           ---     
n=04:                                1.6608e+03    +3.0686e+03   -2.6490e-04  |      ---           ---           ---     
n=05:                                5.5194e+05    -1.1094e+05   +1.1493e-04  |      ---           ---           ---     
n=06:                                6.3544e+06    -1.6660e+07   +2.0710e-04  |      ---           ---           ---     
