--- multipoles on reference trajectory (rz > 0) ---
effective_length:                   433.3742078345729 mm
perpendicular_grid:                 41 points in [-10.000000,+10.000000] mm
max_fitting_error_normal            0.052/4604.867 G/G
max_fitting_error_skew              316.085/316.085 G/G
r0_for_relative_multipoles          12 mm
main_monomial                       n = 0, skew:False
                                       Nn(s=0)      Integ_Nn     Nn/N0(@r0)   |    Sn(s=0)      Integ_Sn     Sn/S0(@r0)  
<multipole_order n>                    [T/m^n]      [T.m/m^n]        []       |    [T/m^n]      [T.m/m^n]        []      
n=00:                                5.2737e-01    -2.2855e-01   +1.0000e+00  |      ---           ---           ---     
n=01:                                6.9404e+00    +3.0641e+00   -1.6088e-01  |      ---           ---           ---     
n=02:                                4.5721e+00    +8.4123e-01   -5.3003e-04  |      ---           ---           ---     
n=03:                                3.4341e+01    -2.8244e+01   +2.1355e-04  |      ---           ---           ---     
n=04:                                5.6354e+02    +2.8692e+03   -2.6032e-04  |      ---           ---           ---     
n=05:                                9.1040e+04    -1.5408e+04   +1.6776e-05  |      ---           ---           ---     
n=06:                                4.9051e+06    -1.8070e+07   +2.3608e-04  |      ---           ---           ---     
