--- multipoles on reference trajectory (rz > 0) ---
effective_length:                   435.40580995160474 mm
perpendicular_grid:                 41 points in [-10.000000,+10.000000] mm
max_fitting_error_normal            0.054/4029.251 G/G
max_fitting_error_skew              320.000/320.000 G/G
r0_for_relative_multipoles          12 mm
main_monomial                       n = 0, skew:False
                                       Nn(s=0)      Integ_Nn     Nn/N0(@r0)   |    Sn(s=0)      Integ_Sn     Sn/S0(@r0)  
<multipole_order n>                    [T/m^n]      [T.m/m^n]        []       |    [T/m^n]      [T.m/m^n]        []      
n=00:                                5.2476e-01    -2.2848e-01   +1.0000e+00  |      ---           ---           ---     
n=01:                                6.8607e+00    +3.0606e+00   -1.6074e-01  |      ---           ---           ---     
n=02:                                5.2306e+00    +9.9180e-01   -6.2507e-04  |      ---           ---           ---     
n=03:                                7.7746e+01    -3.5252e+01   +2.6661e-04  |      ---           ---           ---     
n=04:                                9.1902e+02    -2.8299e+03   +2.5682e-04  |      ---           ---           ---     
n=05:                                2.1535e+05    +5.6078e+04   -6.1072e-05  |      ---           ---           ---     
n=06:                                2.4433e+06    +1.4793e+07   -1.9333e-04  |      ---           ---           ---     
