--- multipoles on reference trajectory (rz > 0) ---
effective_length:                   435.4546315059034 mm
perpendicular_grid:                 41 points in [-10.000000,+10.000000] mm
max_fitting_error_normal            0.077/4884.223 G/G
max_fitting_error_skew              330.228/330.228 G/G
r0_for_relative_multipoles          12 mm
main_monomial                       n = 0, skew:False
                                       Nn(s=0)      Integ_Nn     Nn/N0(@r0)   |    Sn(s=0)      Integ_Sn     Sn/S0(@r0)  
<multipole_order n>                    [T/m^n]      [T.m/m^n]        []       |    [T/m^n]      [T.m/m^n]        []      
n=00:                                5.5407e-01    -2.4127e-01   +1.0000e+00  |      ---           ---           ---     
n=01:                                7.2747e+00    +3.2362e+00   -1.6095e-01  |      ---           ---           ---     
n=02:                                4.8881e+00    +6.8311e-01   -4.0770e-04  |      ---           ---           ---     
n=03:                                1.7490e+01    -1.4829e+01   +1.0620e-04  |      ---           ---           ---     
n=04:                                4.3307e+03    +2.6691e+03   -2.2939e-04  |      ---           ---           ---     
n=05:                                5.4103e+05    -1.5983e+05   +1.6483e-04  |      ---           ---           ---     
n=06:                                4.5284e+07    -1.2778e+07   +1.5814e-04  |      ---           ---           ---     
