--- multipoles on reference trajectory (rz > 0) ---
effective_length:                   435.9098689749564 mm
perpendicular_grid:                 41 points in [-10.000000,+10.000000] mm
max_fitting_error_normal            0.028/6707.994 G/G
max_fitting_error_skew              354.785/354.785 G/G
r0_for_relative_multipoles          12 mm
main_monomial                       n = 0, skew:False
                                       Nn(s=0)      Integ_Nn     Nn/N0(@r0)   |    Sn(s=0)      Integ_Sn     Sn/S0(@r0)  
<multipole_order n>                    [T/m^n]      [T.m/m^n]        []       |    [T/m^n]      [T.m/m^n]        []      
n=00:                                5.7847e-01    -2.5216e-01   +1.0000e+00  |      ---           ---           ---     
n=01:                                7.5426e+00    +3.3717e+00   -1.6046e-01  |      ---           ---           ---     
n=02:                                6.4150e+00    +1.0816e+00   -6.1769e-04  |      ---           ---           ---     
n=03:                                4.0046e+01    -8.3672e+00   +5.7339e-05  |      ---           ---           ---     
n=04:                                7.8024e+03    -2.4084e+03   +1.9805e-04  |      ---           ---           ---     
n=05:                                9.4510e+04    -1.5539e+05   +1.5334e-04  |      ---           ---           ---     
n=06:                                5.5609e+07    +1.0984e+07   -1.3006e-04  |      ---           ---           ---     
