--- multipoles on reference trajectory (rz > 0) ---
effective_length:                   434.8217158739331 mm
perpendicular_grid:                 41 points in [-10.000000,+10.000000] mm
max_fitting_error_normal            0.028/4629.870 G/G
max_fitting_error_skew              326.820/326.820 G/G
r0_for_relative_multipoles          12 mm
main_monomial                       n = 0, skew:False
                                       Nn(s=0)      Integ_Nn     Nn/N0(@r0)   |    Sn(s=0)      Integ_Sn     Sn/S0(@r0)  
<multipole_order n>                    [T/m^n]      [T.m/m^n]        []       |    [T/m^n]      [T.m/m^n]        []      
n=00:                                5.2563e-01    -2.2856e-01   +1.0000e+00  |      ---           ---           ---     
n=01:                                6.9045e+00    +3.0644e+00   -1.6089e-01  |      ---           ---           ---     
n=02:                                4.8654e+00    +1.0141e+00   -6.3893e-04  |      ---           ---           ---     
n=03:                                4.9709e+01    -3.0503e+01   +2.3062e-04  |      ---           ---           ---     
n=04:                                8.3103e+03    -1.3169e+03   +1.1947e-04  |      ---           ---           ---     
n=05:                                1.8844e+05    +5.2121e+04   -5.6745e-05  |      ---           ---           ---     
n=06:                                4.6626e+07    +8.1670e+06   -1.0670e-04  |      ---           ---           ---     
