--- multipoles on reference trajectory (rz > 0) ---
effective_length:                   436.72306684016183 mm
perpendicular_grid:                 41 points in [-10.000000,+10.000000] mm
max_fitting_error_normal            0.028/5108.656 G/G
max_fitting_error_skew              352.589/352.589 G/G
r0_for_relative_multipoles          12 mm
main_monomial                       n = 0, skew:False
                                       Nn(s=0)      Integ_Nn     Nn/N0(@r0)   |    Sn(s=0)      Integ_Sn     Sn/S0(@r0)  
<multipole_order n>                    [T/m^n]      [T.m/m^n]        []       |    [T/m^n]      [T.m/m^n]        []      
n=00:                                5.7610e-01    -2.5160e-01   +1.0000e+00  |      ---           ---           ---     
n=01:                                7.5465e+00    +3.3773e+00   -1.6108e-01  |      ---           ---           ---     
n=02:                                6.3556e+00    +9.4063e-01   -5.3836e-04  |      ---           ---           ---     
n=03:                                4.5170e+01    -1.9561e+01   +1.3435e-04  |      ---           ---           ---     
n=04:                                7.2281e+03    -1.0945e+03   +9.0208e-05  |      ---           ---           ---     
n=05:                                4.0706e+04    -6.2948e+04   +6.2256e-05  |      ---           ---           ---     
n=06:                                4.9968e+07    +9.2802e+06   -1.1014e-04  |      ---           ---           ---     
