--- multipoles on reference trajectory (rz > 0) ---
effective_length:                   435.1455222482877 mm
perpendicular_grid:                 41 points in [-10.000000,+10.000000] mm
max_fitting_error_normal            0.053/3478.994 G/G
max_fitting_error_skew              320.820/320.820 G/G
r0_for_relative_multipoles          12 mm
main_monomial                       n = 0, skew:False
                                       Nn(s=0)      Integ_Nn     Nn/N0(@r0)   |    Sn(s=0)      Integ_Sn     Sn/S0(@r0)  
<multipole_order n>                    [T/m^n]      [T.m/m^n]        []       |    [T/m^n]      [T.m/m^n]        []      
n=00:                                5.2365e-01    -2.2786e-01   +1.0000e+00  |      ---           ---           ---     
n=01:                                6.8624e+00    +3.0594e+00   -1.6112e-01  |      ---           ---           ---     
n=02:                                5.1804e+00    +1.0545e+00   -6.6638e-04  |      ---           ---           ---     
n=03:                                7.6227e+01    -2.0981e+01   +1.5911e-04  |      ---           ---           ---     
n=04:                                1.5392e+03    -2.3166e+03   +2.1081e-04  |      ---           ---           ---     
n=05:                                2.0829e+05    -2.9806e+04   +3.2549e-05  |      ---           ---           ---     
n=06:                                1.2846e+06    +8.1090e+06   -1.0626e-04  |      ---           ---           ---     
