--- multipoles on reference trajectory (rz > 0) ---
effective_length:                   435.41341729290156 mm
perpendicular_grid:                 41 points in [-10.000000,+10.000000] mm
max_fitting_error_normal            0.031/3700.208 G/G
max_fitting_error_skew              344.699/344.699 G/G
r0_for_relative_multipoles          12 mm
main_monomial                       n = 0, skew:False
                                       Nn(s=0)      Integ_Nn     Nn/N0(@r0)   |    Sn(s=0)      Integ_Sn     Sn/S0(@r0)  
<multipole_order n>                    [T/m^n]      [T.m/m^n]        []       |    [T/m^n]      [T.m/m^n]        []      
n=00:                                5.5214e-01    -2.4041e-01   +1.0000e+00  |      ---           ---           ---     
n=01:                                7.2244e+00    +3.2208e+00   -1.6077e-01  |      ---           ---           ---     
n=02:                                5.6407e+00    +9.9466e-01   -5.9579e-04  |      ---           ---           ---     
n=03:                                3.9938e+01    -2.0527e+01   +1.4755e-04  |      ---           ---           ---     
n=04:                                2.0829e+03    +7.3706e+02   -6.3574e-05  |      ---           ---           ---     
n=05:                                9.1543e+03    -3.7466e+04   +3.8779e-05  |      ---           ---           ---     
n=06:                                1.8731e+07    -5.1790e+06   +6.4326e-05  |      ---           ---           ---     
