--- multipoles on reference trajectory (rz > 0) ---
effective_length:                   437.08096559435734 mm
perpendicular_grid:                 41 points in [-10.000000,+10.000000] mm
max_fitting_error_normal            0.026/5078.636 G/G
max_fitting_error_skew              356.327/356.327 G/G
r0_for_relative_multipoles          12 mm
main_monomial                       n = 0, skew:False
                                       Nn(s=0)      Integ_Nn     Nn/N0(@r0)   |    Sn(s=0)      Integ_Sn     Sn/S0(@r0)  
<multipole_order n>                    [T/m^n]      [T.m/m^n]        []       |    [T/m^n]      [T.m/m^n]        []      
n=00:                                5.7588e-01    -2.5171e-01   +1.0000e+00  |      ---           ---           ---     
n=01:                                7.5307e+00    +3.3776e+00   -1.6103e-01  |      ---           ---           ---     
n=02:                                7.2630e+00    +1.1111e+00   -6.3563e-04  |      ---           ---           ---     
n=03:                                3.3791e+01    -8.2755e+00   +5.6813e-05  |      ---           ---           ---     
n=04:                                8.2445e+03    -1.0907e+03   +8.9852e-05  |      ---           ---           ---     
n=05:                                2.4081e+05    -1.8575e+05   +1.8363e-04  |      ---           ---           ---     
n=06:                                4.4658e+07    +5.1035e+05   -6.0543e-06  |      ---           ---           ---     
