--- multipoles on reference trajectory (rz > 0) ---
effective_length:                   434.4638984893927 mm
perpendicular_grid:                 41 points in [-10.000000,+10.000000] mm
max_fitting_error_normal            0.050/4871.567 G/G
max_fitting_error_skew              333.573/333.573 G/G
r0_for_relative_multipoles          12 mm
main_monomial                       n = 0, skew:False
                                       Nn(s=0)      Integ_Nn     Nn/N0(@r0)   |    Sn(s=0)      Integ_Sn     Sn/S0(@r0)  
<multipole_order n>                    [T/m^n]      [T.m/m^n]        []       |    [T/m^n]      [T.m/m^n]        []      
n=00:                                5.5301e-01    -2.4026e-01   +1.0000e+00  |      ---           ---           ---     
n=01:                                7.2450e+00    +3.2182e+00   -1.6074e-01  |      ---           ---           ---     
n=02:                                5.3483e+00    +1.0281e+00   -6.1617e-04  |      ---           ---           ---     
n=03:                                8.7344e+01    -2.3791e+01   +1.7111e-04  |      ---           ---           ---     
n=04:                                1.5114e+03    -1.8400e+03   +1.5880e-04  |      ---           ---           ---     
n=05:                                1.9793e+05    -6.6203e+04   +6.8564e-05  |      ---           ---           ---     
n=06:                                2.6450e+07    +1.0067e+07   -1.2511e-04  |      ---           ---           ---     
