--- multipoles on reference trajectory (rz > 0) ---
effective_length:                   435.6605205367366 mm
perpendicular_grid:                 41 points in [-10.000000,+10.000000] mm
max_fitting_error_normal            0.041/4885.711 G/G
max_fitting_error_skew              340.229/340.229 G/G
r0_for_relative_multipoles          12 mm
main_monomial                       n = 0, skew:False
                                       Nn(s=0)      Integ_Nn     Nn/N0(@r0)   |    Sn(s=0)      Integ_Sn     Sn/S0(@r0)  
<multipole_order n>                    [T/m^n]      [T.m/m^n]        []       |    [T/m^n]      [T.m/m^n]        []      
n=00:                                5.5282e-01    -2.4084e-01   +1.0000e+00  |      ---           ---           ---     
n=01:                                7.2550e+00    +3.2308e+00   -1.6098e-01  |      ---           ---           ---     
n=02:                                5.4692e+00    +8.8327e-01   -5.2811e-04  |      ---           ---           ---     
n=03:                                5.2098e+01    -1.2779e+01   +9.1687e-05  |      ---           ---           ---     
n=04:                                1.1530e+03    +7.8520e+02   -6.7605e-05  |      ---           ---           ---     
n=05:                                7.1791e+05    -1.1763e+05   +1.2154e-04  |      ---           ---           ---     
n=06:                                1.7324e+06    -7.2600e+06   +9.0010e-05  |      ---           ---           ---     
