--- multipoles on reference trajectory (rz > 0) ---
effective_length:                   435.2739999834541 mm
perpendicular_grid:                 41 points in [-10.000000,+10.000000] mm
max_fitting_error_normal            0.057/6369.655 G/G
max_fitting_error_skew              340.070/340.070 G/G
r0_for_relative_multipoles          12 mm
main_monomial                       n = 0, skew:False
                                       Nn(s=0)      Integ_Nn     Nn/N0(@r0)   |    Sn(s=0)      Integ_Sn     Sn/S0(@r0)  
<multipole_order n>                    [T/m^n]      [T.m/m^n]        []       |    [T/m^n]      [T.m/m^n]        []      
n=00:                                5.5057e-01    -2.3965e-01   +1.0000e+00  |      ---           ---           ---     
n=01:                                7.2411e+00    +3.2243e+00   -1.6145e-01  |      ---           ---           ---     
n=02:                                5.1455e+00    +1.0425e+00   -6.2644e-04  |      ---           ---           ---     
n=03:                                4.3151e+01    -4.1750e+01   +3.0105e-04  |      ---           ---           ---     
n=04:                                1.0916e+04    +2.3101e+03   -1.9988e-04  |      ---           ---           ---     
n=05:                                8.6448e+04    +1.2876e+05   -1.3370e-04  |      ---           ---           ---     
n=06:                                6.0138e+07    -1.8929e+07   +2.3585e-04  |      ---           ---           ---     
