--- multipoles on reference trajectory (rz > 0) ---
effective_length:                   434.6765173991744 mm
perpendicular_grid:                 41 points in [-10.000000,+10.000000] mm
max_fitting_error_normal            0.060/5022.820 G/G
max_fitting_error_skew              356.188/356.188 G/G
r0_for_relative_multipoles          12 mm
main_monomial                       n = 0, skew:False
                                       Nn(s=0)      Integ_Nn     Nn/N0(@r0)   |    Sn(s=0)      Integ_Sn     Sn/S0(@r0)  
<multipole_order n>                    [T/m^n]      [T.m/m^n]        []       |    [T/m^n]      [T.m/m^n]        []      
n=00:                                5.7885e-01    -2.5161e-01   +1.0000e+00  |      ---           ---           ---     
n=01:                                7.6096e+00    +3.3728e+00   -1.6086e-01  |      ---           ---           ---     
n=02:                                6.2051e+00    +1.1885e+00   -6.8021e-04  |      ---           ---           ---     
n=03:                                1.5840e+02    -4.2566e+01   +2.9233e-04  |      ---           ---           ---     
n=04:                                2.0204e+04    -4.2429e+03   +3.4967e-04  |      ---           ---           ---     
n=05:                                6.5695e+05    +7.5700e+04   -7.4864e-05  |      ---           ---           ---     
n=06:                                1.4792e+08    +2.0881e+07   -2.4780e-04  |      ---           ---           ---     
