--- multipoles on reference trajectory (rz > 0) ---
effective_length:                   436.49651474851726 mm
perpendicular_grid:                 41 points in [-10.000000,+10.000000] mm
max_fitting_error_normal            0.052/6696.748 G/G
max_fitting_error_skew              356.748/356.748 G/G
r0_for_relative_multipoles          12 mm
main_monomial                       n = 0, skew:False
                                       Nn(s=0)      Integ_Nn     Nn/N0(@r0)   |    Sn(s=0)      Integ_Sn     Sn/S0(@r0)  
<multipole_order n>                    [T/m^n]      [T.m/m^n]        []       |    [T/m^n]      [T.m/m^n]        []      
n=00:                                5.7700e-01    -2.5186e-01   +1.0000e+00  |      ---           ---           ---     
n=01:                                7.5548e+00    +3.3770e+00   -1.6090e-01  |      ---           ---           ---     
n=02:                                5.1311e+00    +6.7406e-01   -3.8539e-04  |      ---           ---           ---     
n=03:                                9.3014e+00    -5.5149e+01   +3.7838e-04  |      ---           ---           ---     
n=04:                                2.4923e+04    +6.9267e+03   -5.7028e-04  |      ---           ---           ---     
n=05:                                5.4275e+05    +1.1523e+05   -1.1384e-04  |      ---           ---           ---     
n=06:                                1.4591e+08    -4.2256e+07   +5.0098e-04  |      ---           ---           ---     
