--- multipoles on reference trajectory (rz > 0) ---
effective_length:                   433.42190727781446 mm
perpendicular_grid:                 41 points in [-10.000000,+10.000000] mm
max_fitting_error_normal            0.035/4617.535 G/G
max_fitting_error_skew              320.292/320.292 G/G
r0_for_relative_multipoles          12 mm
main_monomial                       n = 0, skew:False
                                       Nn(s=0)      Integ_Nn     Nn/N0(@r0)   |    Sn(s=0)      Integ_Sn     Sn/S0(@r0)  
<multipole_order n>                    [T/m^n]      [T.m/m^n]        []       |    [T/m^n]      [T.m/m^n]        []      
n=00:                                5.2498e-01    -2.2754e-01   +1.0000e+00  |      ---           ---           ---     
n=01:                                6.9338e+00    +3.0594e+00   -1.6135e-01  |      ---           ---           ---     
n=02:                                4.4256e+00    +8.5476e-01   -5.4095e-04  |      ---           ---           ---     
n=03:                                1.4666e+02    -5.6658e+01   +4.3028e-04  |      ---           ---           ---     
n=04:                                6.2466e+03    -2.4694e+03   +2.2504e-04  |      ---           ---           ---     
n=05:                                5.7545e+05    +1.4963e+05   -1.6364e-04  |      ---           ---           ---     
n=06:                                4.3072e+07    +1.2084e+07   -1.5858e-04  |      ---           ---           ---     
