--- multipoles on reference trajectory (rz > 0) ---
effective_length:                   435.70914690808576 mm
perpendicular_grid:                 41 points in [-10.000000,+10.000000] mm
max_fitting_error_normal            0.039/5009.450 G/G
max_fitting_error_skew              354.803/354.803 G/G
r0_for_relative_multipoles          12 mm
main_monomial                       n = 0, skew:False
                                       Nn(s=0)      Integ_Nn     Nn/N0(@r0)   |    Sn(s=0)      Integ_Sn     Sn/S0(@r0)  
<multipole_order n>                    [T/m^n]      [T.m/m^n]        []       |    [T/m^n]      [T.m/m^n]        []      
n=00:                                5.7700e-01    -2.5141e-01   +1.0000e+00  |      ---           ---           ---     
n=01:                                7.5548e+00    +3.3759e+00   -1.6114e-01  |      ---           ---           ---     
n=02:                                5.1311e+00    +8.6647e-01   -4.9629e-04  |      ---           ---           ---     
n=03:                                9.3014e+00    -1.8667e+01   +1.2831e-04  |      ---           ---           ---     
n=04:                                2.4923e+04    +2.9287e+03   -2.4156e-04  |      ---           ---           ---     
n=05:                                5.4275e+05    -1.0603e+05   +1.0495e-04  |      ---           ---           ---     
n=06:                                1.4591e+08    -1.7835e+07   +2.1183e-04  |      ---           ---           ---     
