--- multipoles on reference trajectory (rz > 0) ---
effective_length:                   435.77428135150143 mm
perpendicular_grid:                 41 points in [-10.000000,+10.000000] mm
max_fitting_error_normal            0.026/4871.498 G/G
max_fitting_error_skew              347.895/347.895 G/G
r0_for_relative_multipoles          12 mm
main_monomial                       n = 0, skew:False
                                       Nn(s=0)      Integ_Nn     Nn/N0(@r0)   |    Sn(s=0)      Integ_Sn     Sn/S0(@r0)  
<multipole_order n>                    [T/m^n]      [T.m/m^n]        []       |    [T/m^n]      [T.m/m^n]        []      
n=00:                                5.5264e-01    -2.4083e-01   +1.0000e+00  |      ---           ---           ---     
n=01:                                7.2227e+00    +3.2218e+00   -1.6054e-01  |      ---           ---           ---     
n=02:                                5.9932e+00    +9.4095e-01   -5.6263e-04  |      ---           ---           ---     
n=03:                                1.4432e+01    -1.4971e+01   +1.0742e-04  |      ---           ---           ---     
n=04:                                1.1703e+04    -6.2750e+02   +5.4029e-05  |      ---           ---           ---     
n=05:                                3.0020e+05    -9.5976e+04   +9.9166e-05  |      ---           ---           ---     
n=06:                                7.7656e+07    +7.1341e+06   -8.8454e-05  |      ---           ---           ---     
