--- multipoles on reference trajectory (rz > 0) ---
effective_length:                   432.81334981185256 mm
perpendicular_grid:                 41 points in [-10.000000,+10.000000] mm
max_fitting_error_normal            0.039/6410.768 G/G
max_fitting_error_skew              342.278/342.278 G/G
r0_for_relative_multipoles          12 mm
main_monomial                       n = 0, skew:False
                                       Nn(s=0)      Integ_Nn     Nn/N0(@r0)   |    Sn(s=0)      Integ_Sn     Sn/S0(@r0)  
<multipole_order n>                    [T/m^n]      [T.m/m^n]        []       |    [T/m^n]      [T.m/m^n]        []      
n=00:                                5.5617e-01    -2.4072e-01   +1.0000e+00  |      ---           ---           ---     
n=01:                                7.3512e+00    +3.2307e+00   -1.6105e-01  |      ---           ---           ---     
n=02:                                3.5198e+00    +8.8540e-01   -5.2966e-04  |      ---           ---           ---     
n=03:                                1.9222e+02    -7.9584e+01   +5.7130e-04  |      ---           ---           ---     
n=04:                                1.6138e+04    +2.7043e+02   -2.3296e-05  |      ---           ---           ---     
n=05:                                8.2876e+05    +2.5890e+05   -2.6763e-04  |      ---           ---           ---     
n=06:                                9.5138e+07    -6.2844e+06   +7.7955e-05  |      ---           ---           ---     
