--- multipoles on reference trajectory (rz > 0) ---
effective_length:                   436.5881740162073 mm
perpendicular_grid:                 41 points in [-10.000000,+10.000000] mm
max_fitting_error_normal            0.203/3708.218 G/G
max_fitting_error_skew              4.890/4.890 G/G
r0_for_relative_multipoles          12 mm
main_monomial                       n = 0, skew:False
                                       Nn(s=0)      Integ_Nn     Nn/N0(@r0)   |    Sn(s=0)      Integ_Sn     Sn/S0(@r0)  
<multipole_order n>                    [T/m^n]      [T.m/m^n]        []       |    [T/m^n]      [T.m/m^n]        []      
n=00:                                5.1905e-01    -2.2661e-01   +1.0000e+00  |      ---           ---           ---     
n=01:                                6.8136e+00    +3.0507e+00   -1.6155e-01  |      ---           ---           ---     
n=02:                                4.3086e+00    +5.1963e-01   -3.3020e-04  |      ---           ---           ---     
n=03:                                5.7261e+01    -4.1907e+01   +3.1955e-04  |      ---           ---           ---     
n=04:                                5.0184e+03    -7.3936e+02   +6.7654e-05  |      ---           ---           ---     
n=05:                                3.6342e+04    +4.8608e+04   -5.3374e-05  |      ---           ---           ---     
n=06:                                1.0479e+07    +8.2746e+06   -1.0903e-04  |      ---           ---           ---     
