--- multipoles on reference trajectory (rz > 0) ---
effective_length:                   434.9001542933639 mm
perpendicular_grid:                 41 points in [-10.000000,+10.000000] mm
max_fitting_error_normal            0.038/4855.499 G/G
max_fitting_error_skew              344.222/344.222 G/G
r0_for_relative_multipoles          12 mm
main_monomial                       n = 0, skew:False
                                       Nn(s=0)      Integ_Nn     Nn/N0(@r0)   |    Sn(s=0)      Integ_Sn     Sn/S0(@r0)  
<multipole_order n>                    [T/m^n]      [T.m/m^n]        []       |    [T/m^n]      [T.m/m^n]        []      
n=00:                                5.5276e-01    -2.4039e-01   +1.0000e+00  |      ---           ---           ---     
n=01:                                7.2481e+00    +3.2205e+00   -1.6076e-01  |      ---           ---           ---     
n=02:                                5.5641e+00    +9.1262e-01   -5.4667e-04  |      ---           ---           ---     
n=03:                                1.2381e+02    -2.7201e+01   +1.9553e-04  |      ---           ---           ---     
n=04:                                7.5910e+02    +3.5875e+03   -3.0945e-04  |      ---           ---           ---     
n=05:                                1.1401e+06    +3.9612e+03   -4.1003e-06  |      ---           ---           ---     
n=06:                                3.1726e+06    -2.0393e+07   +2.5330e-04  |      ---           ---           ---     
