--- multipoles on reference trajectory (rz > 0) ---
effective_length:                   437.1690231403621 mm
perpendicular_grid:                 41 points in [-10.000000,+10.000000] mm
max_fitting_error_normal            0.025/4713.068 G/G
max_fitting_error_skew              323.492/323.492 G/G
r0_for_relative_multipoles          12 mm
main_monomial                       n = 0, skew:False
                                       Nn(s=0)      Integ_Nn     Nn/N0(@r0)   |    Sn(s=0)      Integ_Sn     Sn/S0(@r0)  
<multipole_order n>                    [T/m^n]      [T.m/m^n]        []       |    [T/m^n]      [T.m/m^n]        []      
n=00:                                5.2301e-01    -2.2864e-01   +1.0000e+00  |      ---           ---           ---     
n=01:                                6.8560e+00    +3.0680e+00   -1.6102e-01  |      ---           ---           ---     
n=02:                                5.0034e+00    +6.5015e-01   -4.0947e-04  |      ---           ---           ---     
n=03:                                4.6382e+00    -1.6265e+01   +1.2292e-04  |      ---           ---           ---     
n=04:                                3.1656e+03    -4.3149e+01   +3.9133e-06  |      ---           ---           ---     
n=05:                                3.1595e+05    -7.9268e+04   +8.6267e-05  |      ---           ---           ---     
n=06:                                1.4540e+07    +1.2022e+05   -1.5701e-06  |      ---           ---           ---     
