--- multipoles on reference trajectory (rz > 0) ---
effective_length:                   435.72063479604583 mm
perpendicular_grid:                 41 points in [-10.000000,+10.000000] mm
max_fitting_error_normal            0.037/6696.766 G/G
max_fitting_error_skew              374.161/374.161 G/G
r0_for_relative_multipoles          12 mm
main_monomial                       n = 0, skew:False
                                       Nn(s=0)      Integ_Nn     Nn/N0(@r0)   |    Sn(s=0)      Integ_Sn     Sn/S0(@r0)  
<multipole_order n>                    [T/m^n]      [T.m/m^n]        []       |    [T/m^n]      [T.m/m^n]        []      
n=00:                                5.7666e-01    -2.5126e-01   +1.0000e+00  |      ---           ---           ---     
n=01:                                7.5396e+00    +3.3732e+00   -1.6110e-01  |      ---           ---           ---     
n=02:                                6.8368e+00    +1.2211e+00   -6.9981e-04  |      ---           ---           ---     
n=03:                                6.6671e+01    -2.8992e+01   +1.9939e-04  |      ---           ---           ---     
n=04:                                7.3613e+03    -4.9901e+03   +4.1182e-04  |      ---           ---           ---     
n=05:                                9.2700e+04    -1.0553e+04   +1.0451e-05  |      ---           ---           ---     
n=06:                                4.5303e+07    +2.5352e+07   -3.0128e-04  |      ---           ---           ---     
