--- multipoles on reference trajectory (rz > 0) ---
effective_length:                   433.9678885303074 mm
perpendicular_grid:                 41 points in [-10.000000,+10.000000] mm
max_fitting_error_normal            0.057/4636.814 G/G
max_fitting_error_skew              329.040/329.040 G/G
r0_for_relative_multipoles          12 mm
main_monomial                       n = 0, skew:False
                                       Nn(s=0)      Integ_Nn     Nn/N0(@r0)   |    Sn(s=0)      Integ_Sn     Sn/S0(@r0)  
<multipole_order n>                    [T/m^n]      [T.m/m^n]        []       |    [T/m^n]      [T.m/m^n]        []      
n=00:                                5.2473e-01    -2.2772e-01   +1.0000e+00  |      ---           ---           ---     
n=01:                                6.9045e+00    +3.0596e+00   -1.6123e-01  |      ---           ---           ---     
n=02:                                3.8095e+00    +8.1196e-01   -5.1345e-04  |      ---           ---           ---     
n=03:                                1.9501e+01    -3.3738e+01   +2.5601e-04  |      ---           ---           ---     
n=04:                                2.9599e+04    +2.0345e+03   -1.8526e-04  |      ---           ---           ---     
n=05:                                3.2894e+05    +3.5094e+04   -3.8347e-05  |      ---           ---           ---     
n=06:                                1.9219e+08    -1.6494e+07   +2.1629e-04  |      ---           ---           ---     
