--- multipoles on reference trajectory (rz > 0) ---
effective_length:                   436.0092903351642 mm
perpendicular_grid:                 41 points in [-10.000000,+10.000000] mm
max_fitting_error_normal            0.035/3249.738 G/G
max_fitting_error_skew              355.260/355.260 G/G
r0_for_relative_multipoles          12 mm
main_monomial                       n = 0, skew:False
                                       Nn(s=0)      Integ_Nn     Nn/N0(@r0)   |    Sn(s=0)      Integ_Sn     Sn/S0(@r0)  
<multipole_order n>                    [T/m^n]      [T.m/m^n]        []       |    [T/m^n]      [T.m/m^n]        []      
n=00:                                5.5221e-01    -2.4077e-01   +1.0000e+00  |      ---           ---           ---     
n=01:                                7.2358e+00    +3.2331e+00   -1.6114e-01  |      ---           ---           ---     
n=02:                                5.4874e+00    +8.0948e-01   -4.8414e-04  |      ---           ---           ---     
n=03:                                7.2165e+01    -2.1442e+01   +1.5389e-04  |      ---           ---           ---     
n=04:                                2.1703e+03    -8.1074e+02   +6.9824e-05  |      ---           ---           ---     
n=05:                                9.1771e+04    -4.5070e+04   +4.6579e-05  |      ---           ---           ---     
n=06:                                1.1236e+07    +3.6585e+06   -4.5372e-05  |      ---           ---           ---     
