--- multipoles on reference trajectory (rz > 0) ---
effective_length:                   435.63837416105684 mm
perpendicular_grid:                 41 points in [-10.000000,+10.000000] mm
max_fitting_error_normal            0.066/6376.938 G/G
max_fitting_error_skew              335.788/335.788 G/G
r0_for_relative_multipoles          12 mm
main_monomial                       n = 0, skew:False
                                       Nn(s=0)      Integ_Nn     Nn/N0(@r0)   |    Sn(s=0)      Integ_Sn     Sn/S0(@r0)  
<multipole_order n>                    [T/m^n]      [T.m/m^n]        []       |    [T/m^n]      [T.m/m^n]        []      
n=00:                                5.4952e-01    -2.3939e-01   +1.0000e+00  |      ---           ---           ---     
n=01:                                7.1883e+00    +3.2152e+00   -1.6117e-01  |      ---           ---           ---     
n=02:                                6.1472e+00    +9.6151e-01   -5.7838e-04  |      ---           ---           ---     
n=03:                                8.2116e+01    -9.8188e+00   +7.0876e-05  |      ---           ---           ---     
n=04:                                1.2732e+04    -3.3535e+03   +2.9048e-04  |      ---           ---           ---     
n=05:                                1.5819e+05    -1.6887e+05   +1.7553e-04  |      ---           ---           ---     
n=06:                                8.3069e+07    +2.1280e+07   -2.6543e-04  |      ---           ---           ---     
