--- multipoles on reference trajectory (rz > 0) ---
effective_length:                   436.1992293800065 mm
perpendicular_grid:                 41 points in [-10.000000,+10.000000] mm
max_fitting_error_normal            0.020/4853.447 G/G
max_fitting_error_skew              338.127/338.127 G/G
r0_for_relative_multipoles          12 mm
main_monomial                       n = 0, skew:False
                                       Nn(s=0)      Integ_Nn     Nn/N0(@r0)   |    Sn(s=0)      Integ_Sn     Sn/S0(@r0)  
<multipole_order n>                    [T/m^n]      [T.m/m^n]        []       |    [T/m^n]      [T.m/m^n]        []      
n=00:                                5.4899e-01    -2.3947e-01   +1.0000e+00  |      ---           ---           ---     
n=01:                                7.1862e+00    +3.2223e+00   -1.6147e-01  |      ---           ---           ---     
n=02:                                6.0355e+00    +1.0403e+00   -6.2553e-04  |      ---           ---           ---     
n=03:                                2.3310e+01    -1.2487e+01   +9.0105e-05  |      ---           ---           ---     
n=04:                                2.2531e+03    -2.5380e+02   +2.1977e-05  |      ---           ---           ---     
n=05:                                1.6378e+05    -6.6557e+04   +6.9160e-05  |      ---           ---           ---     
n=06:                                6.0378e+06    -7.7812e+05   +9.7025e-06  |      ---           ---           ---     
