--- multipoles on reference trajectory (rz > 0) ---
effective_length:                   434.244134037813 mm
perpendicular_grid:                 41 points in [-10.000000,+10.000000] mm
max_fitting_error_normal            0.046/6404.019 G/G
max_fitting_error_skew              328.317/328.317 G/G
r0_for_relative_multipoles          12 mm
main_monomial                       n = 0, skew:False
                                       Nn(s=0)      Integ_Nn     Nn/N0(@r0)   |    Sn(s=0)      Integ_Sn     Sn/S0(@r0)  
<multipole_order n>                    [T/m^n]      [T.m/m^n]        []       |    [T/m^n]      [T.m/m^n]        []      
n=00:                                5.5407e-01    -2.4060e-01   +1.0000e+00  |      ---           ---           ---     
n=01:                                7.2747e+00    +3.2277e+00   -1.6098e-01  |      ---           ---           ---     
n=02:                                4.8881e+00    +7.0949e-01   -4.2462e-04  |      ---           ---           ---     
n=03:                                1.7490e+01    -1.3268e+01   +9.5290e-05  |      ---           ---           ---     
n=04:                                4.3307e+03    +8.3458e+02   -7.1927e-05  |      ---           ---           ---     
n=05:                                5.4103e+05    -1.7113e+05   +1.7698e-04  |      ---           ---           ---     
n=06:                                4.5284e+07    -3.1223e+06   +3.8749e-05  |      ---           ---           ---     
