--- multipoles on reference trajectory (rz > 0) ---
effective_length:                   436.1287075551563 mm
perpendicular_grid:                 41 points in [-10.000000,+10.000000] mm
max_fitting_error_normal            0.021/5117.290 G/G
max_fitting_error_skew              351.308/351.308 G/G
r0_for_relative_multipoles          12 mm
main_monomial                       n = 0, skew:False
                                       Nn(s=0)      Integ_Nn     Nn/N0(@r0)   |    Sn(s=0)      Integ_Sn     Sn/S0(@r0)  
<multipole_order n>                    [T/m^n]      [T.m/m^n]        []       |    [T/m^n]      [T.m/m^n]        []      
n=00:                                5.7948e-01    -2.5273e-01   +1.0000e+00  |      ---           ---           ---     
n=01:                                7.5656e+00    +3.3785e+00   -1.6042e-01  |      ---           ---           ---     
n=02:                                5.6277e+00    +8.8627e-01   -5.0498e-04  |      ---           ---           ---     
n=03:                                3.9897e+00    -2.2093e+01   +1.5106e-04  |      ---           ---           ---     
n=04:                                1.0120e+03    +1.5659e+03   -1.2848e-04  |      ---           ---           ---     
n=05:                                5.7970e+05    -9.9241e+04   +9.7711e-05  |      ---           ---           ---     
n=06:                                9.1541e+06    -1.0539e+07   +1.2451e-04  |      ---           ---           ---     
