--- multipoles on reference trajectory (rz > 0) ---
effective_length:                   433.49563618489026 mm
perpendicular_grid:                 41 points in [-10.000000,+10.000000] mm
max_fitting_error_normal            0.026/4869.689 G/G
max_fitting_error_skew              338.296/338.296 G/G
r0_for_relative_multipoles          12 mm
main_monomial                       n = 0, skew:False
                                       Nn(s=0)      Integ_Nn     Nn/N0(@r0)   |    Sn(s=0)      Integ_Sn     Sn/S0(@r0)  
<multipole_order n>                    [T/m^n]      [T.m/m^n]        []       |    [T/m^n]      [T.m/m^n]        []      
n=00:                                5.5373e-01    -2.4004e-01   +1.0000e+00  |      ---           ---           ---     
n=01:                                7.2782e+00    +3.2140e+00   -1.6068e-01  |      ---           ---           ---     
n=02:                                4.5405e+00    +7.4331e-01   -4.4591e-04  |      ---           ---           ---     
n=03:                                1.9355e+00    -1.4466e+01   +1.0414e-04  |      ---           ---           ---     
n=04:                                2.2638e+02    +1.8723e+03   -1.6174e-04  |      ---           ---           ---     
n=05:                                3.0039e+05    -9.5448e+04   +9.8944e-05  |      ---           ---           ---     
n=06:                                8.8903e+06    -1.2391e+07   +1.5413e-04  |      ---           ---           ---     
