--- multipoles on reference trajectory (rz > 0) ---
effective_length:                   436.67173543934524 mm
perpendicular_grid:                 41 points in [-10.000000,+10.000000] mm
max_fitting_error_normal            0.045/4147.690 G/G
max_fitting_error_skew              359.067/359.067 G/G
r0_for_relative_multipoles          12 mm
main_monomial                       n = 0, skew:False
                                       Nn(s=0)      Integ_Nn     Nn/N0(@r0)   |    Sn(s=0)      Integ_Sn     Sn/S0(@r0)  
<multipole_order n>                    [T/m^n]      [T.m/m^n]        []       |    [T/m^n]      [T.m/m^n]        []      
n=00:                                5.7844e-01    -2.5259e-01   +1.0000e+00  |      ---           ---           ---     
n=01:                                7.5318e+00    +3.3752e+00   -1.6035e-01  |      ---           ---           ---     
n=02:                                6.0621e+00    +8.5553e-01   -4.8774e-04  |      ---           ---           ---     
n=03:                                2.5515e+00    -4.2030e+00   +2.8753e-05  |      ---           ---           ---     
n=04:                                1.0516e+04    +3.4859e+03   -2.8617e-04  |      ---           ---           ---     
n=05:                                3.2013e+05    -1.4146e+05   +1.3936e-04  |      ---           ---           ---     
n=06:                                5.8350e+07    -2.0673e+07   +2.4439e-04  |      ---           ---           ---     
