--- multipoles on reference trajectory (rz > 0) ---
effective_length:                   434.81161724297004 mm
perpendicular_grid:                 41 points in [-10.000000,+10.000000] mm
max_fitting_error_normal            0.065/6413.167 G/G
max_fitting_error_skew              346.442/346.442 G/G
r0_for_relative_multipoles          12 mm
main_monomial                       n = 0, skew:False
                                       Nn(s=0)      Integ_Nn     Nn/N0(@r0)   |    Sn(s=0)      Integ_Sn     Sn/S0(@r0)  
<multipole_order n>                    [T/m^n]      [T.m/m^n]        []       |    [T/m^n]      [T.m/m^n]        []      
n=00:                                5.5430e-01    -2.4102e-01   +1.0000e+00  |      ---           ---           ---     
n=01:                                7.2859e+00    +3.2340e+00   -1.6102e-01  |      ---           ---           ---     
n=02:                                5.7556e+00    +1.1629e+00   -6.9480e-04  |      ---           ---           ---     
n=03:                                9.1810e+01    -3.0506e+01   +2.1872e-04  |      ---           ---           ---     
n=04:                                1.6474e+03    -4.2947e+02   +3.6950e-05  |      ---           ---           ---     
n=05:                                3.3081e+05    +7.1056e+04   -7.3361e-05  |      ---           ---           ---     
n=06:                                8.5350e+06    -6.2257e+06   +7.7131e-05  |      ---           ---           ---     
