--- multipoles on reference trajectory (rz > 0) ---
effective_length:                   435.5614308262824 mm
perpendicular_grid:                 41 points in [-10.000000,+10.000000] mm
max_fitting_error_normal            0.047/5122.153 G/G
max_fitting_error_skew              346.370/346.370 G/G
r0_for_relative_multipoles          12 mm
main_monomial                       n = 0, skew:False
                                       Nn(s=0)      Integ_Nn     Nn/N0(@r0)   |    Sn(s=0)      Integ_Sn     Sn/S0(@r0)  
<multipole_order n>                    [T/m^n]      [T.m/m^n]        []       |    [T/m^n]      [T.m/m^n]        []      
n=00:                                5.8062e-01    -2.5290e-01   +1.0000e+00  |      ---           ---           ---     
n=01:                                7.5841e+00    +3.3756e+00   -1.6017e-01  |      ---           ---           ---     
n=02:                                5.8350e+00    +1.2387e+00   -7.0529e-04  |      ---           ---           ---     
n=03:                                4.6813e+01    -6.0816e+00   +4.1554e-05  |      ---           ---           ---     
n=04:                                1.9871e+03    -4.2355e+03   +3.4729e-04  |      ---           ---           ---     
n=05:                                7.1110e+05    -1.7633e+05   +1.7350e-04  |      ---           ---           ---     
n=06:                                1.2739e+06    +2.0928e+07   -2.4710e-04  |      ---           ---           ---     
