--- multipoles on reference trajectory (rz > 0) ---
effective_length:                   435.73918265671034 mm
perpendicular_grid:                 41 points in [-10.000000,+10.000000] mm
max_fitting_error_normal            0.033/4872.852 G/G
max_fitting_error_skew              346.620/346.620 G/G
r0_for_relative_multipoles          12 mm
main_monomial                       n = 0, skew:False
                                       Nn(s=0)      Integ_Nn     Nn/N0(@r0)   |    Sn(s=0)      Integ_Sn     Sn/S0(@r0)  
<multipole_order n>                    [T/m^n]      [T.m/m^n]        []       |    [T/m^n]      [T.m/m^n]        []      
n=00:                                5.5038e-01    -2.3982e-01   +1.0000e+00  |      ---           ---           ---     
n=01:                                7.2264e+00    +3.2224e+00   -1.6124e-01  |      ---           ---           ---     
n=02:                                5.9713e+00    +9.2880e-01   -5.5769e-04  |      ---           ---           ---     
n=03:                                2.3618e+01    -1.4852e+01   +1.0701e-04  |      ---           ---           ---     
n=04:                                1.1961e+04    -8.3988e+02   +7.2619e-05  |      ---           ---           ---     
n=05:                                2.1505e+05    -9.3035e+04   +9.6530e-05  |      ---           ---           ---     
n=06:                                7.6462e+07    +7.6695e+06   -9.5492e-05  |      ---           ---           ---     
