--- multipoles on reference trajectory (rz > 0) ---
effective_length:                   434.68574678348375 mm
perpendicular_grid:                 41 points in [-10.000000,+10.000000] mm
max_fitting_error_normal            0.040/4136.750 G/G
max_fitting_error_skew              350.989/350.989 G/G
r0_for_relative_multipoles          12 mm
main_monomial                       n = 0, skew:False
                                       Nn(s=0)      Integ_Nn     Nn/N0(@r0)   |    Sn(s=0)      Integ_Sn     Sn/S0(@r0)  
<multipole_order n>                    [T/m^n]      [T.m/m^n]        []       |    [T/m^n]      [T.m/m^n]        []      
n=00:                                5.7745e-01    -2.5101e-01   +1.0000e+00  |      ---           ---           ---     
n=01:                                7.5933e+00    +3.3682e+00   -1.6102e-01  |      ---           ---           ---     
n=02:                                5.2583e+00    +7.6784e-01   -4.4050e-04  |      ---           ---           ---     
n=03:                                5.2603e+01    -2.3160e+01   +1.5944e-04  |      ---           ---           ---     
n=04:                                5.2388e+03    +3.5971e+03   -2.9716e-04  |      ---           ---           ---     
n=05:                                1.3509e+05    -7.3346e+04   +7.2710e-05  |      ---           ---           ---     
n=06:                                3.4645e+07    -2.4091e+07   +2.8658e-04  |      ---           ---           ---     
