--- multipoles on reference trajectory (rz > 0) ---
effective_length:                   435.31568129479666 mm
perpendicular_grid:                 41 points in [-10.000000,+10.000000] mm
max_fitting_error_normal            0.033/4848.042 G/G
max_fitting_error_skew              342.194/342.194 G/G
r0_for_relative_multipoles          12 mm
main_monomial                       n = 0, skew:False
                                       Nn(s=0)      Integ_Nn     Nn/N0(@r0)   |    Sn(s=0)      Integ_Sn     Sn/S0(@r0)  
<multipole_order n>                    [T/m^n]      [T.m/m^n]        []       |    [T/m^n]      [T.m/m^n]        []      
n=00:                                5.5029e-01    -2.3955e-01   +1.0000e+00  |      ---           ---           ---     
n=01:                                7.2351e+00    +3.2221e+00   -1.6141e-01  |      ---           ---           ---     
n=02:                                5.7461e+00    +1.1901e+00   -7.1542e-04  |      ---           ---           ---     
n=03:                                8.2922e+01    -3.3589e+01   +2.4229e-04  |      ---           ---           ---     
n=04:                                4.2231e+02    -2.7644e+03   +2.3929e-04  |      ---           ---           ---     
n=05:                                2.9291e+05    +8.1323e+04   -8.4474e-05  |      ---           ---           ---     
n=06:                                3.6305e+06    +1.0126e+07   -1.2622e-04  |      ---           ---           ---     
