--- multipoles on reference trajectory (rz > 0) ---
effective_length:                   436.252737812937 mm
perpendicular_grid:                 41 points in [-10.000000,+10.000000] mm
max_fitting_error_normal            0.059/4794.836 G/G
max_fitting_error_skew              337.196/337.196 G/G
r0_for_relative_multipoles          12 mm
main_monomial                       n = 0, skew:False
                                       Nn(s=0)      Integ_Nn     Nn/N0(@r0)   |    Sn(s=0)      Integ_Sn     Sn/S0(@r0)  
<multipole_order n>                    [T/m^n]      [T.m/m^n]        []       |    [T/m^n]      [T.m/m^n]        []      
n=00:                                5.5189e-01    -2.4076e-01   +1.0000e+00  |      ---           ---           ---     
n=01:                                7.2187e+00    +3.2329e+00   -1.6113e-01  |      ---           ---           ---     
n=02:                                6.5915e+00    +1.0551e+00   -6.3107e-04  |      ---           ---           ---     
n=03:                                1.4479e+02    -2.7008e+01   +1.9384e-04  |      ---           ---           ---     
n=04:                                1.9035e+04    -3.5882e+03   +3.0904e-04  |      ---           ---           ---     
n=05:                                6.8192e+05    -9.1516e+03   +9.4583e-06  |      ---           ---           ---     
n=06:                                1.2556e+08    +1.9531e+07   -2.4223e-04  |      ---           ---           ---     
