--- multipoles on reference trajectory (rz > 0) ---
effective_length:                   436.03492108522573 mm
perpendicular_grid:                 41 points in [-10.000000,+10.000000] mm
max_fitting_error_normal            0.045/6407.852 G/G
max_fitting_error_skew              331.365/331.365 G/G
r0_for_relative_multipoles          12 mm
main_monomial                       n = 0, skew:False
                                       Nn(s=0)      Integ_Nn     Nn/N0(@r0)   |    Sn(s=0)      Integ_Sn     Sn/S0(@r0)  
<multipole_order n>                    [T/m^n]      [T.m/m^n]        []       |    [T/m^n]      [T.m/m^n]        []      
n=00:                                5.5210e-01    -2.4074e-01   +1.0000e+00  |      ---           ---           ---     
n=01:                                7.2012e+00    +3.2184e+00   -1.6043e-01  |      ---           ---           ---     
n=02:                                6.5881e+00    +1.1620e+00   -6.9507e-04  |      ---           ---           ---     
n=03:                                2.3253e+01    -9.2085e+00   +6.6098e-05  |      ---           ---           ---     
n=04:                                1.4072e+04    -4.9469e+03   +4.2611e-04  |      ---           ---           ---     
n=05:                                4.9625e+05    -1.4227e+05   +1.4705e-04  |      ---           ---           ---     
n=06:                                7.8108e+07    +2.8204e+07   -3.4983e-04  |      ---           ---           ---     
