--- multipoles on reference trajectory (rz > 0) ---
effective_length:                   434.2248477512082 mm
perpendicular_grid:                 41 points in [-10.000000,+10.000000] mm
max_fitting_error_normal            0.062/6079.538 G/G
max_fitting_error_skew              311.384/311.384 G/G
r0_for_relative_multipoles          12 mm
main_monomial                       n = 0, skew:False
                                       Nn(s=0)      Integ_Nn     Nn/N0(@r0)   |    Sn(s=0)      Integ_Sn     Sn/S0(@r0)  
<multipole_order n>                    [T/m^n]      [T.m/m^n]        []       |    [T/m^n]      [T.m/m^n]        []      
n=00:                                5.2637e-01    -2.2856e-01   +1.0000e+00  |      ---           ---           ---     
n=01:                                6.8899e+00    +3.0560e+00   -1.6045e-01  |      ---           ---           ---     
n=02:                                4.9155e+00    +6.5306e-01   -4.1144e-04  |      ---           ---           ---     
n=03:                                2.4730e+01    -6.2733e+00   +4.7429e-05  |      ---           ---           ---     
n=04:                                1.4596e+04    -5.3690e+01   +4.8710e-06  |      ---           ---           ---     
n=05:                                1.4588e+05    -2.1991e+05   +2.3942e-04  |      ---           ---           ---     
n=06:                                1.0153e+08    +3.8145e+06   -4.9834e-05  |      ---           ---           ---     
