--- multipoles on reference trajectory (rz > 0) ---
effective_length:                   436.70776321588335 mm
perpendicular_grid:                 41 points in [-10.000000,+10.000000] mm
max_fitting_error_normal            0.053/5122.139 G/G
max_fitting_error_skew              346.008/346.008 G/G
r0_for_relative_multipoles          12 mm
main_monomial                       n = 0, skew:False
                                       Nn(s=0)      Integ_Nn     Nn/N0(@r0)   |    Sn(s=0)      Integ_Sn     Sn/S0(@r0)  
<multipole_order n>                    [T/m^n]      [T.m/m^n]        []       |    [T/m^n]      [T.m/m^n]        []      
n=00:                                5.7792e-01    -2.5238e-01   +1.0000e+00  |      ---           ---           ---     
n=01:                                7.5385e+00    +3.3758e+00   -1.6051e-01  |      ---           ---           ---     
n=02:                                6.1098e+00    +9.3766e-01   -5.3499e-04  |      ---           ---           ---     
n=03:                                1.2621e+02    -5.6666e+01   +3.8798e-04  |      ---           ---           ---     
n=04:                                8.2389e+03    +9.7278e+02   -7.9925e-05  |      ---           ---           ---     
n=05:                                3.9541e+05    +1.1091e+05   -1.0935e-04  |      ---           ---           ---     
n=06:                                8.2604e+07    -4.4000e+06   +5.2057e-05  |      ---           ---           ---     
