--- multipoles on reference trajectory (rz > 0) ---
effective_length:                   434.6903496359245 mm
perpendicular_grid:                 41 points in [-10.000000,+10.000000] mm
max_fitting_error_normal            0.030/6709.240 G/G
max_fitting_error_skew              365.824/365.824 G/G
r0_for_relative_multipoles          12 mm
main_monomial                       n = 0, skew:False
                                       Nn(s=0)      Integ_Nn     Nn/N0(@r0)   |    Sn(s=0)      Integ_Sn     Sn/S0(@r0)  
<multipole_order n>                    [T/m^n]      [T.m/m^n]        []       |    [T/m^n]      [T.m/m^n]        []      
n=00:                                5.7865e-01    -2.5153e-01   +1.0000e+00  |      ---           ---           ---     
n=01:                                7.5599e+00    +3.3714e+00   -1.6084e-01  |      ---           ---           ---     
n=02:                                6.4976e+00    +9.8701e-01   -5.6505e-04  |      ---           ---           ---     
n=03:                                9.0511e+01    -3.5740e+01   +2.4553e-04  |      ---           ---           ---     
n=04:                                1.7682e+03    +3.0441e+03   -2.5095e-04  |      ---           ---           ---     
n=05:                                2.2081e+05    +3.1735e+04   -3.1394e-05  |      ---           ---           ---     
n=06:                                7.5048e+06    -1.8915e+07   +2.2454e-04  |      ---           ---           ---     
