--- multipoles on reference trajectory (rz > 0) ---
effective_length:                   436.6461868581996 mm
perpendicular_grid:                 41 points in [-10.000000,+10.000000] mm
max_fitting_error_normal            0.028/6384.778 G/G
max_fitting_error_skew              356.252/356.252 G/G
r0_for_relative_multipoles          12 mm
main_monomial                       n = 0, skew:False
                                       Nn(s=0)      Integ_Nn     Nn/N0(@r0)   |    Sn(s=0)      Integ_Sn     Sn/S0(@r0)  
<multipole_order n>                    [T/m^n]      [T.m/m^n]        []       |    [T/m^n]      [T.m/m^n]        []      
n=00:                                5.4939e-01    -2.3989e-01   +1.0000e+00  |      ---           ---           ---     
n=01:                                7.1892e+00    +3.2211e+00   -1.6113e-01  |      ---           ---           ---     
n=02:                                7.1839e+00    +1.0836e+00   -6.5044e-04  |      ---           ---           ---     
n=03:                                6.8035e+01    -7.0429e+00   +5.0732e-05  |      ---           ---           ---     
n=04:                                2.2697e+04    -2.3707e+03   +2.0492e-04  |      ---           ---           ---     
n=05:                                7.5690e+05    -1.2167e+05   +1.2621e-04  |      ---           ---           ---     
n=06:                                1.2672e+08    +1.1819e+07   -1.4712e-04  |      ---           ---           ---     
