--- multipoles on reference trajectory (rz > 0) ---
effective_length:                   436.27199137845537 mm
perpendicular_grid:                 41 points in [-10.000000,+10.000000] mm
max_fitting_error_normal            0.043/6075.111 G/G
max_fitting_error_skew              323.876/323.876 G/G
r0_for_relative_multipoles          12 mm
main_monomial                       n = 0, skew:False
                                       Nn(s=0)      Integ_Nn     Nn/N0(@r0)   |    Sn(s=0)      Integ_Sn     Sn/S0(@r0)  
<multipole_order n>                    [T/m^n]      [T.m/m^n]        []       |    [T/m^n]      [T.m/m^n]        []      
n=00:                                5.2439e-01    -2.2878e-01   +1.0000e+00  |      ---           ---           ---     
n=01:                                6.8464e+00    +3.0656e+00   -1.6080e-01  |      ---           ---           ---     
n=02:                                5.6752e+00    +9.0513e-01   -5.6973e-04  |      ---           ---           ---     
n=03:                                5.5957e+01    -3.8173e+01   +2.8833e-04  |      ---           ---           ---     
n=04:                                9.2454e+03    -2.2064e+03   +1.9998e-04  |      ---           ---           ---     
n=05:                                2.6257e+04    +2.2778e+04   -2.4775e-05  |      ---           ---           ---     
n=06:                                6.1666e+07    +1.1081e+07   -1.4462e-04  |      ---           ---           ---     
