--- multipoles on reference trajectory (rz > 0) ---
effective_length:                   435.6913073650292 mm
perpendicular_grid:                 41 points in [-10.000000,+10.000000] mm
max_fitting_error_normal            0.074/6717.397 G/G
max_fitting_error_skew              352.709/352.709 G/G
r0_for_relative_multipoles          12 mm
main_monomial                       n = 0, skew:False
                                       Nn(s=0)      Integ_Nn     Nn/N0(@r0)   |    Sn(s=0)      Integ_Sn     Sn/S0(@r0)  
<multipole_order n>                    [T/m^n]      [T.m/m^n]        []       |    [T/m^n]      [T.m/m^n]        []      
n=00:                                5.8017e-01    -2.5277e-01   +1.0000e+00  |      ---           ---           ---     
n=01:                                7.5894e+00    +3.3803e+00   -1.6047e-01  |      ---           ---           ---     
n=02:                                6.5720e+00    +1.1730e+00   -6.6822e-04  |      ---           ---           ---     
n=03:                                3.6990e+01    -1.4326e+01   +9.7931e-05  |      ---           ---           ---     
n=04:                                1.6505e+04    -1.0836e+03   +8.8890e-05  |      ---           ---           ---     
n=05:                                7.0719e+04    -1.1943e+05   +1.1757e-04  |      ---           ---           ---     
n=06:                                1.2001e+08    +7.2059e+06   -8.5121e-05  |      ---           ---           ---     
