--- multipoles on reference trajectory (rz > 0) ---
effective_length:                   435.18598112299514 mm
perpendicular_grid:                 41 points in [-10.000000,+10.000000] mm
max_fitting_error_normal            0.033/3124.263 G/G
max_fitting_error_skew              341.901/341.901 G/G
r0_for_relative_multipoles          12 mm
main_monomial                       n = 0, skew:False
                                       Nn(s=0)      Integ_Nn     Nn/N0(@r0)   |    Sn(s=0)      Integ_Sn     Sn/S0(@r0)  
<multipole_order n>                    [T/m^n]      [T.m/m^n]        []       |    [T/m^n]      [T.m/m^n]        []      
n=00:                                5.5387e-01    -2.4104e-01   +1.0000e+00  |      ---           ---           ---     
n=01:                                7.2740e+00    +3.2340e+00   -1.6101e-01  |      ---           ---           ---     
n=02:                                5.2818e+00    +9.6521e-01   -5.7663e-04  |      ---           ---           ---     
n=03:                                3.9835e+00    -2.8809e+01   +2.0653e-04  |      ---           ---           ---     
n=04:                                3.4369e+03    -1.1846e+03   +1.0191e-04  |      ---           ---           ---     
n=05:                                2.6209e+05    +1.7936e+04   -1.8516e-05  |      ---           ---           ---     
n=06:                                3.1336e+07    +3.1571e+06   -3.9111e-05  |      ---           ---           ---     
