--- multipoles on reference trajectory (rz > 0) ---
effective_length:                   435.73175076334354 mm
perpendicular_grid:                 41 points in [-10.000000,+10.000000] mm
max_fitting_error_normal            0.036/5022.729 G/G
max_fitting_error_skew              355.548/355.548 G/G
r0_for_relative_multipoles          12 mm
main_monomial                       n = 0, skew:False
                                       Nn(s=0)      Integ_Nn     Nn/N0(@r0)   |    Sn(s=0)      Integ_Sn     Sn/S0(@r0)  
<multipole_order n>                    [T/m^n]      [T.m/m^n]        []       |    [T/m^n]      [T.m/m^n]        []      
n=00:                                5.7832e-01    -2.5199e-01   +1.0000e+00  |      ---           ---           ---     
n=01:                                7.5529e+00    +3.3756e+00   -1.6075e-01  |      ---           ---           ---     
n=02:                                5.1137e+00    +8.7467e-01   -4.9983e-04  |      ---           ---           ---     
n=03:                                2.1131e+01    -2.0139e+01   +1.3810e-04  |      ---           ---           ---     
n=04:                                2.6245e+04    +3.0834e+03   -2.5373e-04  |      ---           ---           ---     
n=05:                                4.4980e+05    -9.3691e+04   +9.2516e-05  |      ---           ---           ---     
n=06:                                1.5330e+08    -1.8397e+07   +2.1799e-04  |      ---           ---           ---     
