--- multipoles on reference trajectory (rz > 0) ---
effective_length:                   435.45045675722184 mm
perpendicular_grid:                 41 points in [-10.000000,+10.000000] mm
max_fitting_error_normal            0.052/3932.118 G/G
max_fitting_error_skew              353.383/353.383 G/G
r0_for_relative_multipoles          12 mm
main_monomial                       n = 0, skew:False
                                       Nn(s=0)      Integ_Nn     Nn/N0(@r0)   |    Sn(s=0)      Integ_Sn     Sn/S0(@r0)  
<multipole_order n>                    [T/m^n]      [T.m/m^n]        []       |    [T/m^n]      [T.m/m^n]        []      
n=00:                                5.7756e-01    -2.5150e-01   +1.0000e+00  |      ---           ---           ---     
n=01:                                7.5505e+00    +3.3711e+00   -1.6085e-01  |      ---           ---           ---     
n=02:                                7.1532e+00    +1.1201e+00   -6.4131e-04  |      ---           ---           ---     
n=03:                                4.3673e+01    -9.0157e+00   +6.1945e-05  |      ---           ---           ---     
n=04:                                1.9815e+04    -2.6009e+03   +2.1444e-04  |      ---           ---           ---     
n=05:                                5.9998e+05    -1.4342e+05   +1.4189e-04  |      ---           ---           ---     
n=06:                                1.1883e+08    +1.6477e+07   -1.9563e-04  |      ---           ---           ---     
