--- multipoles on reference trajectory (rz > 0) ---
effective_length:                   435.1284288148387 mm
perpendicular_grid:                 41 points in [-10.000000,+10.000000] mm
max_fitting_error_normal            0.034/6412.643 G/G
max_fitting_error_skew              349.984/349.984 G/G
r0_for_relative_multipoles          12 mm
main_monomial                       n = 0, skew:False
                                       Nn(s=0)      Integ_Nn     Nn/N0(@r0)   |    Sn(s=0)      Integ_Sn     Sn/S0(@r0)  
<multipole_order n>                    [T/m^n]      [T.m/m^n]        []       |    [T/m^n]      [T.m/m^n]        []      
n=00:                                5.5206e-01    -2.4022e-01   +1.0000e+00  |      ---           ---           ---     
n=01:                                7.2237e+00    +3.2176e+00   -1.6073e-01  |      ---           ---           ---     
n=02:                                5.9897e+00    +7.7580e-01   -4.6506e-04  |      ---           ---           ---     
n=03:                                1.6704e+01    -1.3064e+00   +9.3973e-06  |      ---           ---           ---     
n=04:                                1.1827e+04    +1.2877e+03   -1.1116e-04  |      ---           ---           ---     
n=05:                                2.7870e+05    -1.7693e+05   +1.8328e-04  |      ---           ---           ---     
n=06:                                7.7729e+07    -5.9076e+06   +7.3433e-05  |      ---           ---           ---     
