--- multipoles on reference trajectory (rz > 0) ---
effective_length:                   436.64010412676777 mm
perpendicular_grid:                 41 points in [-10.000000,+10.000000] mm
max_fitting_error_normal            0.037/4116.290 G/G
max_fitting_error_skew              358.025/358.025 G/G
r0_for_relative_multipoles          12 mm
main_monomial                       n = 0, skew:False
                                       Nn(s=0)      Integ_Nn     Nn/N0(@r0)   |    Sn(s=0)      Integ_Sn     Sn/S0(@r0)  
<multipole_order n>                    [T/m^n]      [T.m/m^n]        []       |    [T/m^n]      [T.m/m^n]        []      
n=00:                                5.7662e-01    -2.5177e-01   +1.0000e+00  |      ---           ---           ---     
n=01:                                7.5348e+00    +3.3757e+00   -1.6089e-01  |      ---           ---           ---     
n=02:                                6.0694e+00    +8.5596e-01   -4.8956e-04  |      ---           ---           ---     
n=03:                                4.6199e+00    -1.9632e+00   +1.3474e-05  |      ---           ---           ---     
n=04:                                9.8664e+03    +3.2097e+03   -2.6435e-04  |      ---           ---           ---     
n=05:                                3.7495e+05    -1.6031e+05   +1.5843e-04  |      ---           ---           ---     
n=06:                                5.6450e+07    -1.9896e+07   +2.3596e-04  |      ---           ---           ---     
