--- multipoles on reference trajectory (rz > 0) ---
effective_length:                   433.3654125089848 mm
perpendicular_grid:                 41 points in [-10.000000,+10.000000] mm
max_fitting_error_normal            0.059/6079.454 G/G
max_fitting_error_skew              324.344/324.344 G/G
r0_for_relative_multipoles          12 mm
main_monomial                       n = 0, skew:False
                                       Nn(s=0)      Integ_Nn     Nn/N0(@r0)   |    Sn(s=0)      Integ_Sn     Sn/S0(@r0)  
<multipole_order n>                    [T/m^n]      [T.m/m^n]        []       |    [T/m^n]      [T.m/m^n]        []      
n=00:                                5.2764e-01    -2.2866e-01   +1.0000e+00  |      ---           ---           ---     
n=01:                                6.9592e+00    +3.0593e+00   -1.6055e-01  |      ---           ---           ---     
n=02:                                4.0905e+00    +8.3668e-01   -5.2690e-04  |      ---           ---           ---     
n=03:                                9.3980e+01    -2.0606e+01   +1.5572e-04  |      ---           ---           ---     
n=04:                                6.9009e+03    -1.0106e+03   +9.1641e-05  |      ---           ---           ---     
n=05:                                2.4460e+05    -9.7473e+04   +1.0607e-04  |      ---           ---           ---     
n=06:                                3.9215e+07    +1.9283e+06   -2.5180e-05  |      ---           ---           ---     
