--- multipoles on reference trajectory (rz > 0) ---
effective_length:                   437.04785362875526 mm
perpendicular_grid:                 41 points in [-10.000000,+10.000000] mm
max_fitting_error_normal            0.029/4889.658 G/G
max_fitting_error_skew              340.957/340.957 G/G
r0_for_relative_multipoles          12 mm
main_monomial                       n = 0, skew:False
                                       Nn(s=0)      Integ_Nn     Nn/N0(@r0)   |    Sn(s=0)      Integ_Sn     Sn/S0(@r0)  
<multipole_order n>                    [T/m^n]      [T.m/m^n]        []       |    [T/m^n]      [T.m/m^n]        []      
n=00:                                5.5191e-01    -2.4121e-01   +1.0000e+00  |      ---           ---           ---     
n=01:                                7.2136e+00    +3.2353e+00   -1.6095e-01  |      ---           ---           ---     
n=02:                                6.7547e+00    +8.8011e-01   -5.2541e-04  |      ---           ---           ---     
n=03:                                2.5427e+01    -4.5370e+00   +3.2502e-05  |      ---           ---           ---     
n=04:                                1.2444e+04    -7.9792e+02   +6.8594e-05  |      ---           ---           ---     
n=05:                                4.3578e+05    -1.6167e+05   +1.6677e-04  |      ---           ---           ---     
n=06:                                7.8132e+07    +5.6894e+06   -7.0429e-05  |      ---           ---           ---     
