--- multipoles on reference trajectory (rz > 0) ---
effective_length:                   435.69224057860527 mm
perpendicular_grid:                 41 points in [-10.000000,+10.000000] mm
max_fitting_error_normal            0.038/6712.345 G/G
max_fitting_error_skew              361.452/361.452 G/G
r0_for_relative_multipoles          12 mm
main_monomial                       n = 0, skew:False
                                       Nn(s=0)      Integ_Nn     Nn/N0(@r0)   |    Sn(s=0)      Integ_Sn     Sn/S0(@r0)  
<multipole_order n>                    [T/m^n]      [T.m/m^n]        []       |    [T/m^n]      [T.m/m^n]        []      
n=00:                                5.7897e-01    -2.5225e-01   +1.0000e+00  |      ---           ---           ---     
n=01:                                7.5772e+00    +3.3787e+00   -1.6073e-01  |      ---           ---           ---     
n=02:                                6.6849e+00    +1.0762e+00   -6.1435e-04  |      ---           ---           ---     
n=03:                                6.8305e+01    -4.0831e+01   +2.7971e-04  |      ---           ---           ---     
n=04:                                1.2868e+04    -1.5473e+02   +1.2719e-05  |      ---           ---           ---     
n=05:                                1.1354e+05    -1.4012e+04   +1.3822e-05  |      ---           ---           ---     
n=06:                                8.6093e+07    -1.1029e+06   +1.3055e-05  |      ---           ---           ---     
