--- multipoles on reference trajectory (rz > 0) ---
effective_length:                   436.6477118363323 mm
perpendicular_grid:                 41 points in [-10.000000,+10.000000] mm
max_fitting_error_normal            0.028/6385.716 G/G
max_fitting_error_skew              356.302/356.302 G/G
r0_for_relative_multipoles          12 mm
main_monomial                       n = 0, skew:False
                                       Nn(s=0)      Integ_Nn     Nn/N0(@r0)   |    Sn(s=0)      Integ_Sn     Sn/S0(@r0)  
<multipole_order n>                    [T/m^n]      [T.m/m^n]        []       |    [T/m^n]      [T.m/m^n]        []      
n=00:                                5.4948e-01    -2.3993e-01   +1.0000e+00  |      ---           ---           ---     
n=01:                                7.1890e+00    +3.2210e+00   -1.6110e-01  |      ---           ---           ---     
n=02:                                7.1809e+00    +1.0838e+00   -6.5046e-04  |      ---           ---           ---     
n=03:                                6.8834e+01    -6.9566e+00   +5.0102e-05  |      ---           ---           ---     
n=04:                                2.2633e+04    -2.3623e+03   +2.0416e-04  |      ---           ---           ---     
n=05:                                7.6296e+05    -1.2224e+05   +1.2677e-04  |      ---           ---           ---     
n=06:                                1.2657e+08    +1.1810e+07   -1.4698e-04  |      ---           ---           ---     
