--- multipoles on reference trajectory (rz > 0) ---
effective_length:                   435.54546487327826 mm
perpendicular_grid:                 41 points in [-10.000000,+10.000000] mm
max_fitting_error_normal            0.040/3811.588 G/G
max_fitting_error_skew              345.508/345.508 G/G
r0_for_relative_multipoles          12 mm
main_monomial                       n = 0, skew:False
                                       Nn(s=0)      Integ_Nn     Nn/N0(@r0)   |    Sn(s=0)      Integ_Sn     Sn/S0(@r0)  
<multipole_order n>                    [T/m^n]      [T.m/m^n]        []       |    [T/m^n]      [T.m/m^n]        []      
n=00:                                5.5512e-01    -2.4178e-01   +1.0000e+00  |      ---           ---           ---     
n=01:                                7.2582e+00    +3.2328e+00   -1.6045e-01  |      ---           ---           ---     
n=02:                                5.9947e+00    +1.0841e+00   -6.4566e-04  |      ---           ---           ---     
n=03:                                1.2433e+02    -2.9367e+01   +2.0988e-04  |      ---           ---           ---     
n=04:                                6.5718e+03    -2.5907e+03   +2.2218e-04  |      ---           ---           ---     
n=05:                                5.4729e+05    -9.0778e+03   +9.3425e-06  |      ---           ---           ---     
n=06:                                3.2310e+07    +1.0988e+07   -1.3571e-04  |      ---           ---           ---     
