--- multipoles on reference trajectory (rz > 0) ---
effective_length:                   435.70237953519495 mm
perpendicular_grid:                 41 points in [-10.000000,+10.000000] mm
max_fitting_error_normal            0.050/4888.723 G/G
max_fitting_error_skew              336.188/336.188 G/G
r0_for_relative_multipoles          12 mm
main_monomial                       n = 0, skew:False
                                       Nn(s=0)      Integ_Nn     Nn/N0(@r0)   |    Sn(s=0)      Integ_Sn     Sn/S0(@r0)  
<multipole_order n>                    [T/m^n]      [T.m/m^n]        []       |    [T/m^n]      [T.m/m^n]        []      
n=00:                                5.5285e-01    -2.4088e-01   +1.0000e+00  |      ---           ---           ---     
n=01:                                7.2751e+00    +3.2368e+00   -1.6125e-01  |      ---           ---           ---     
n=02:                                6.3765e+00    +1.1151e+00   -6.6659e-04  |      ---           ---           ---     
n=03:                                3.3362e+01    -1.3543e+01   +9.7154e-05  |      ---           ---           ---     
n=04:                                2.6991e+04    -5.1605e+03   +4.4424e-04  |      ---           ---           ---     
n=05:                                5.4431e+04    -1.1086e+05   +1.1452e-04  |      ---           ---           ---     
n=06:                                1.5492e+08    +2.7896e+07   -3.4581e-04  |      ---           ---           ---     
