--- multipoles on reference trajectory (rz > 0) ---
effective_length:                   433.39836984722535 mm
perpendicular_grid:                 41 points in [-10.000000,+10.000000] mm
max_fitting_error_normal            0.035/3926.862 G/G
max_fitting_error_skew              342.504/342.504 G/G
r0_for_relative_multipoles          12 mm
main_monomial                       n = 0, skew:False
                                       Nn(s=0)      Integ_Nn     Nn/N0(@r0)   |    Sn(s=0)      Integ_Sn     Sn/S0(@r0)  
<multipole_order n>                    [T/m^n]      [T.m/m^n]        []       |    [T/m^n]      [T.m/m^n]        []      
n=00:                                5.5617e-01    -2.4104e-01   +1.0000e+00  |      ---           ---           ---     
n=01:                                7.3512e+00    +3.2320e+00   -1.6090e-01  |      ---           ---           ---     
n=02:                                3.5198e+00    +8.8170e-01   -5.2673e-04  |      ---           ---           ---     
n=03:                                1.9222e+02    -5.3455e+01   +3.8321e-04  |      ---           ---           ---     
n=04:                                1.6138e+04    -2.1309e+02   +1.8331e-05  |      ---           ---           ---     
n=05:                                8.2876e+05    +1.0055e+05   -1.0380e-04  |      ---           ---           ---     
n=06:                                9.5138e+07    -5.4388e+05   +6.7374e-06  |      ---           ---           ---     
