--- multipoles on reference trajectory (rz > 0) ---
effective_length:                   435.2673339527118 mm
perpendicular_grid:                 41 points in [-10.000000,+10.000000] mm
max_fitting_error_normal            0.042/4881.225 G/G
max_fitting_error_skew              338.814/338.814 G/G
r0_for_relative_multipoles          12 mm
main_monomial                       n = 0, skew:False
                                       Nn(s=0)      Integ_Nn     Nn/N0(@r0)   |    Sn(s=0)      Integ_Sn     Sn/S0(@r0)  
<multipole_order n>                    [T/m^n]      [T.m/m^n]        []       |    [T/m^n]      [T.m/m^n]        []      
n=00:                                5.5184e-01    -2.4020e-01   +1.0000e+00  |      ---           ---           ---     
n=01:                                7.2422e+00    +3.2250e+00   -1.6112e-01  |      ---           ---           ---     
n=02:                                4.8790e+00    +6.1920e-01   -3.7121e-04  |      ---           ---           ---     
n=03:                                3.3732e+01    -3.2860e+01   +2.3640e-04  |      ---           ---           ---     
n=04:                                9.6939e+03    +1.9879e+03   -1.7162e-04  |      ---           ---           ---     
n=05:                                8.8466e+04    -2.8100e+04   +2.9110e-05  |      ---           ---           ---     
n=06:                                4.4204e+07    -8.7231e+06   +1.0844e-04  |      ---           ---           ---     
