--- multipoles on reference trajectory (rz > 0) ---
effective_length:                   436.5974968026862 mm
perpendicular_grid:                 41 points in [-10.000000,+10.000000] mm
max_fitting_error_normal            0.030/3184.009 G/G
max_fitting_error_skew              341.624/341.624 G/G
r0_for_relative_multipoles          12 mm
main_monomial                       n = 0, skew:False
                                       Nn(s=0)      Integ_Nn     Nn/N0(@r0)   |    Sn(s=0)      Integ_Sn     Sn/S0(@r0)  
<multipole_order n>                    [T/m^n]      [T.m/m^n]        []       |    [T/m^n]      [T.m/m^n]        []      
n=00:                                5.4988e-01    -2.4007e-01   +1.0000e+00  |      ---           ---           ---     
n=01:                                7.2002e+00    +3.2215e+00   -1.6103e-01  |      ---           ---           ---     
n=02:                                5.5612e+00    +9.5210e-01   -5.7108e-04  |      ---           ---           ---     
n=03:                                5.8115e+01    -5.2166e+01   +3.7548e-04  |      ---           ---           ---     
n=04:                                2.6460e+03    -6.4584e+02   +5.5783e-05  |      ---           ---           ---     
n=05:                                1.1031e+03    +1.0901e+05   -1.1299e-04  |      ---           ---           ---     
n=06:                                3.5400e+07    +2.2950e+06   -2.8544e-05  |      ---           ---           ---     
