--- multipoles on reference trajectory (rz > 0) ---
effective_length:                   436.70980654774075 mm
perpendicular_grid:                 41 points in [-10.000000,+10.000000] mm
max_fitting_error_normal            0.258/4821.451 G/G
max_fitting_error_skew              5.296/5.296 G/G
r0_for_relative_multipoles          12 mm
main_monomial                       n = 0, skew:False
                                       Nn(s=0)      Integ_Nn     Nn/N0(@r0)   |    Sn(s=0)      Integ_Sn     Sn/S0(@r0)  
<multipole_order n>                    [T/m^n]      [T.m/m^n]        []       |    [T/m^n]      [T.m/m^n]        []      
n=00:                                5.7631e-01    -2.5168e-01   +1.0000e+00  |      ---           ---           ---     
n=01:                                7.5538e+00    +3.3860e+00   -1.6144e-01  |      ---           ---           ---     
n=02:                                5.5231e+00    +6.3315e-01   -3.6226e-04  |      ---           ---           ---     
n=03:                                6.2725e+01    -4.6180e+01   +3.1706e-04  |      ---           ---           ---     
n=04:                                2.6927e+03    +5.1479e+02   -4.2413e-05  |      ---           ---           ---     
n=05:                                5.3000e+04    +3.8880e+04   -3.8440e-05  |      ---           ---           ---     
n=06:                                3.3310e+07    -4.3375e+06   +5.1460e-05  |      ---           ---           ---     
