--- multipoles on reference trajectory (rz > 0) ---
effective_length:                   434.4217689891988 mm
perpendicular_grid:                 41 points in [-10.000000,+10.000000] mm
max_fitting_error_normal            0.023/4570.782 G/G
max_fitting_error_skew              321.764/321.764 G/G
r0_for_relative_multipoles          12 mm
main_monomial                       n = 0, skew:False
                                       Nn(s=0)      Integ_Nn     Nn/N0(@r0)   |    Sn(s=0)      Integ_Sn     Sn/S0(@r0)  
<multipole_order n>                    [T/m^n]      [T.m/m^n]        []       |    [T/m^n]      [T.m/m^n]        []      
n=00:                                5.2660e-01    -2.2876e-01   +1.0000e+00  |      ---           ---           ---     
n=01:                                6.9318e+00    +3.0649e+00   -1.6077e-01  |      ---           ---           ---     
n=02:                                4.5597e+00    +1.0103e+00   -6.3598e-04  |      ---           ---           ---     
n=03:                                1.4308e+02    -4.3237e+01   +3.2660e-04  |      ---           ---           ---     
n=04:                                8.0502e+03    -3.5171e+03   +3.1880e-04  |      ---           ---           ---     
n=05:                                5.4116e+05    +8.0630e+04   -8.7703e-05  |      ---           ---           ---     
n=06:                                5.2648e+07    +1.8291e+07   -2.3874e-04  |      ---           ---           ---     
