--- multipoles on reference trajectory (rz > 0) ---
effective_length:                   435.3537691731592 mm
perpendicular_grid:                 41 points in [-10.000000,+10.000000] mm
max_fitting_error_normal            0.056/5113.443 G/G
max_fitting_error_skew              359.888/359.888 G/G
r0_for_relative_multipoles          12 mm
main_monomial                       n = 0, skew:False
                                       Nn(s=0)      Integ_Nn     Nn/N0(@r0)   |    Sn(s=0)      Integ_Sn     Sn/S0(@r0)  
<multipole_order n>                    [T/m^n]      [T.m/m^n]        []       |    [T/m^n]      [T.m/m^n]        []      
n=00:                                5.7782e-01    -2.5156e-01   +1.0000e+00  |      ---           ---           ---     
n=01:                                7.5808e+00    +3.3778e+00   -1.6113e-01  |      ---           ---           ---     
n=02:                                5.8715e+00    +1.1404e+00   -6.5279e-04  |      ---           ---           ---     
n=03:                                9.8342e+00    -9.2368e+00   +6.3450e-05  |      ---           ---           ---     
n=04:                                1.0961e+04    +1.1751e+03   -9.6863e-05  |      ---           ---           ---     
n=05:                                4.1562e+05    -1.2315e+05   +1.2182e-04  |      ---           ---           ---     
n=06:                                7.6611e+07    -1.0340e+07   +1.2274e-04  |      ---           ---           ---     
