--- multipoles on reference trajectory (rz > 0) ---
effective_length:                   436.14041030437886 mm
perpendicular_grid:                 41 points in [-10.000000,+10.000000] mm
max_fitting_error_normal            0.023/6373.280 G/G
max_fitting_error_skew              336.461/336.461 G/G
r0_for_relative_multipoles          12 mm
main_monomial                       n = 0, skew:False
                                       Nn(s=0)      Integ_Nn     Nn/N0(@r0)   |    Sn(s=0)      Integ_Sn     Sn/S0(@r0)  
<multipole_order n>                    [T/m^n]      [T.m/m^n]        []       |    [T/m^n]      [T.m/m^n]        []      
n=00:                                5.4996e-01    -2.3986e-01   +1.0000e+00  |      ---           ---           ---     
n=01:                                7.2187e+00    +3.2238e+00   -1.6128e-01  |      ---           ---           ---     
n=02:                                5.2416e+00    +1.0342e+00   -6.2091e-04  |      ---           ---           ---     
n=03:                                1.0817e+02    -3.9960e+01   +2.8788e-04  |      ---           ---           ---     
n=04:                                4.0643e+03    -1.1285e+03   +9.7559e-05  |      ---           ---           ---     
n=05:                                1.5290e+05    +1.5975e+04   -1.6572e-05  |      ---           ---           ---     
n=06:                                1.3451e+07    +3.6273e+06   -4.5156e-05  |      ---           ---           ---     
