--- multipoles on reference trajectory (rz > 0) ---
effective_length:                   433.4677834897507 mm
perpendicular_grid:                 41 points in [-10.000000,+10.000000] mm
max_fitting_error_normal            0.048/4552.530 G/G
max_fitting_error_skew              359.279/359.279 G/G
r0_for_relative_multipoles          12 mm
main_monomial                       n = 0, skew:False
                                       Nn(s=0)      Integ_Nn     Nn/N0(@r0)   |    Sn(s=0)      Integ_Sn     Sn/S0(@r0)  
<multipole_order n>                    [T/m^n]      [T.m/m^n]        []       |    [T/m^n]      [T.m/m^n]        []      
n=00:                                5.8278e-01    -2.5262e-01   +1.0000e+00  |      ---           ---           ---     
n=01:                                7.6613e+00    +3.3726e+00   -1.6021e-01  |      ---           ---           ---     
n=02:                                3.5198e+00    +7.5483e-01   -4.3028e-04  |      ---           ---           ---     
n=03:                                1.4936e+01    -4.0351e+01   +2.7602e-04  |      ---           ---           ---     
n=04:                                1.8390e+04    +2.7299e+03   -2.2408e-04  |      ---           ---           ---     
n=05:                                4.1372e+05    +4.0765e+04   -4.0154e-05  |      ---           ---           ---     
n=06:                                9.2656e+07    -1.3584e+07   +1.6056e-04  |      ---           ---           ---     
