--- multipoles on reference trajectory (rz > 0) ---
effective_length:                   434.2429092791522 mm
perpendicular_grid:                 41 points in [-10.000000,+10.000000] mm
max_fitting_error_normal            0.046/6404.898 G/G
max_fitting_error_skew              328.366/328.366 G/G
r0_for_relative_multipoles          12 mm
main_monomial                       n = 0, skew:False
                                       Nn(s=0)      Integ_Nn     Nn/N0(@r0)   |    Sn(s=0)      Integ_Sn     Sn/S0(@r0)  
<multipole_order n>                    [T/m^n]      [T.m/m^n]        []       |    [T/m^n]      [T.m/m^n]        []      
n=00:                                5.5416e-01    -2.4064e-01   +1.0000e+00  |      ---           ---           ---     
n=01:                                7.2746e+00    +3.2277e+00   -1.6096e-01  |      ---           ---           ---     
n=02:                                4.8870e+00    +7.0963e-01   -4.2465e-04  |      ---           ---           ---     
n=03:                                1.7522e+01    -1.3324e+01   +9.5677e-05  |      ---           ---           ---     
n=04:                                4.2825e+03    +8.6100e+02   -7.4192e-05  |      ---           ---           ---     
n=05:                                5.4243e+05    -1.7072e+05   +1.7653e-04  |      ---           ---           ---     
n=06:                                4.5152e+07    -3.2590e+06   +4.0439e-05  |      ---           ---           ---     
