--- multipoles on reference trajectory (rz > 0) ---
effective_length:                   436.5156097286745 mm
perpendicular_grid:                 41 points in [-10.000000,+10.000000] mm
max_fitting_error_normal            0.166/5829.159 G/G
max_fitting_error_skew              7.504/7.504 G/G
r0_for_relative_multipoles          12 mm
main_monomial                       n = 0, skew:False
                                       Nn(s=0)      Integ_Nn     Nn/N0(@r0)   |    Sn(s=0)      Integ_Sn     Sn/S0(@r0)  
<multipole_order n>                    [T/m^n]      [T.m/m^n]        []       |    [T/m^n]      [T.m/m^n]        []      
n=00:                                5.3127e-01    -2.3191e-01   +1.0000e+00  |      ---           ---           ---     
n=01:                                6.9744e+00    +3.1212e+00   -1.6150e-01  |      ---           ---           ---     
n=02:                                5.7368e+00    +8.1909e-01   -5.0861e-04  |      ---           ---           ---     
n=03:                                5.9884e+01    -2.0538e+01   +1.5304e-04  |      ---           ---           ---     
n=04:                                1.7413e+04    -3.8147e+03   +3.4109e-04  |      ---           ---           ---     
n=05:                                5.4279e+04    -8.5336e+04   +9.1564e-05  |      ---           ---           ---     
n=06:                                1.0875e+08    +1.6971e+07   -2.1851e-04  |      ---           ---           ---     
