--- multipoles on reference trajectory (rz > 0) ---
effective_length:                   434.8883346322043 mm
perpendicular_grid:                 41 points in [-10.000000,+10.000000] mm
max_fitting_error_normal            0.038/6062.264 G/G
max_fitting_error_skew              315.801/315.801 G/G
r0_for_relative_multipoles          12 mm
main_monomial                       n = 0, skew:False
                                       Nn(s=0)      Integ_Nn     Nn/N0(@r0)   |    Sn(s=0)      Integ_Sn     Sn/S0(@r0)  
<multipole_order n>                    [T/m^n]      [T.m/m^n]        []       |    [T/m^n]      [T.m/m^n]        []      
n=00:                                5.2342e-01    -2.2763e-01   +1.0000e+00  |      ---           ---           ---     
n=01:                                6.8835e+00    +3.0608e+00   -1.6135e-01  |      ---           ---           ---     
n=02:                                5.8767e+00    +1.0564e+00   -6.6827e-04  |      ---           ---           ---     
n=03:                                1.2636e+02    -2.1049e+01   +1.5979e-04  |      ---           ---           ---     
n=04:                                1.5681e+04    -3.3576e+03   +3.0586e-04  |      ---           ---           ---     
n=05:                                5.3931e+05    -4.3849e+04   +4.7933e-05  |      ---           ---           ---     
n=06:                                9.0174e+07    +1.5948e+07   -2.0920e-04  |      ---           ---           ---     
