--- multipoles on reference trajectory (rz > 0) ---
effective_length:                   436.4914206487054 mm
perpendicular_grid:                 41 points in [-10.000000,+10.000000] mm
max_fitting_error_normal            0.052/6697.624 G/G
max_fitting_error_skew              356.799/356.799 G/G
r0_for_relative_multipoles          12 mm
main_monomial                       n = 0, skew:False
                                       Nn(s=0)      Integ_Nn     Nn/N0(@r0)   |    Sn(s=0)      Integ_Sn     Sn/S0(@r0)  
<multipole_order n>                    [T/m^n]      [T.m/m^n]        []       |    [T/m^n]      [T.m/m^n]        []      
n=00:                                5.7709e-01    -2.5190e-01   +1.0000e+00  |      ---           ---           ---     
n=01:                                7.5546e+00    +3.3770e+00   -1.6087e-01  |      ---           ---           ---     
n=02:                                5.1294e+00    +6.7651e-01   -3.8674e-04  |      ---           ---           ---     
n=03:                                1.0097e+01    -5.5365e+01   +3.7980e-04  |      ---           ---           ---     
n=04:                                2.5025e+04    +6.9074e+03   -5.6861e-04  |      ---           ---           ---     
n=05:                                5.3649e+05    +1.1707e+05   -1.1564e-04  |      ---           ---           ---     
n=06:                                1.4649e+08    -4.2143e+07   +4.9957e-04  |      ---           ---           ---     
