--- multipoles on reference trajectory (rz > 0) ---
effective_length:                   436.6861667582226 mm
perpendicular_grid:                 41 points in [-10.000000,+10.000000] mm
max_fitting_error_normal            0.041/6384.864 G/G
max_fitting_error_skew              335.726/335.726 G/G
r0_for_relative_multipoles          12 mm
main_monomial                       n = 0, skew:False
                                       Nn(s=0)      Integ_Nn     Nn/N0(@r0)   |    Sn(s=0)      Integ_Sn     Sn/S0(@r0)  
<multipole_order n>                    [T/m^n]      [T.m/m^n]        []       |    [T/m^n]      [T.m/m^n]        []      
n=00:                                5.4964e-01    -2.4002e-01   +1.0000e+00  |      ---           ---           ---     
n=01:                                7.2051e+00    +3.2227e+00   -1.6112e-01  |      ---           ---           ---     
n=02:                                5.8639e+00    +1.0664e+00   -6.3976e-04  |      ---           ---           ---     
n=03:                                8.3234e+01    -3.5798e+01   +2.5773e-04  |      ---           ---           ---     
n=04:                                9.5887e+03    -1.9680e+03   +1.7003e-04  |      ---           ---           ---     
n=05:                                4.4090e+04    -1.4935e+04   +1.5483e-05  |      ---           ---           ---     
n=06:                                6.8224e+07    +5.6272e+06   -7.0006e-05  |      ---           ---           ---     
