--- multipoles on reference trajectory (rz > 0) ---
effective_length:                   435.0953402401531 mm
perpendicular_grid:                 41 points in [-10.000000,+10.000000] mm
max_fitting_error_normal            0.054/6379.015 G/G
max_fitting_error_skew              335.045/335.045 G/G
r0_for_relative_multipoles          12 mm
main_monomial                       n = 0, skew:False
                                       Nn(s=0)      Integ_Nn     Nn/N0(@r0)   |    Sn(s=0)      Integ_Sn     Sn/S0(@r0)  
<multipole_order n>                    [T/m^n]      [T.m/m^n]        []       |    [T/m^n]      [T.m/m^n]        []      
n=00:                                5.5096e-01    -2.3972e-01   +1.0000e+00  |      ---           ---           ---     
n=01:                                7.2435e+00    +3.2181e+00   -1.6109e-01  |      ---           ---           ---     
n=02:                                6.2743e+00    +1.0921e+00   -6.5603e-04  |      ---           ---           ---     
n=03:                                4.6791e-01    -1.3726e+01   +9.8943e-05  |      ---           ---           ---     
n=04:                                2.4912e+04    -4.1760e+03   +3.6122e-04  |      ---           ---           ---     
n=05:                                4.2526e+05    -1.2792e+05   +1.3278e-04  |      ---           ---           ---     
n=06:                                1.4096e+08    +2.2251e+07   -2.7716e-04  |      ---           ---           ---     
