--- multipoles on reference trajectory (rz > 0) ---
effective_length:                   434.04014787776214 mm
perpendicular_grid:                 41 points in [-10.000000,+10.000000] mm
max_fitting_error_normal            0.045/6379.054 G/G
max_fitting_error_skew              347.570/347.570 G/G
r0_for_relative_multipoles          12 mm
main_monomial                       n = 0, skew:False
                                       Nn(s=0)      Integ_Nn     Nn/N0(@r0)   |    Sn(s=0)      Integ_Sn     Sn/S0(@r0)  
<multipole_order n>                    [T/m^n]      [T.m/m^n]        []       |    [T/m^n]      [T.m/m^n]        []      
n=00:                                5.5036e-01    -2.3888e-01   +1.0000e+00  |      ---           ---           ---     
n=01:                                7.2123e+00    +3.2114e+00   -1.6132e-01  |      ---           ---           ---     
n=02:                                5.1925e+00    +9.0504e-01   -5.4557e-04  |      ---           ---           ---     
n=03:                                2.1179e+01    -2.9084e+01   +2.1039e-04  |      ---           ---           ---     
n=04:                                1.2850e+04    +2.7962e+03   -2.4273e-04  |      ---           ---           ---     
n=05:                                5.3767e+05    -1.0094e+04   +1.0514e-05  |      ---           ---           ---     
n=06:                                6.0971e+07    -1.8204e+07   +2.2755e-04  |      ---           ---           ---     
