--- multipoles on reference trajectory (rz > 0) ---
effective_length:                   434.02336227953384 mm
perpendicular_grid:                 41 points in [-10.000000,+10.000000] mm
max_fitting_error_normal            0.042/6373.391 G/G
max_fitting_error_skew              334.410/334.410 G/G
r0_for_relative_multipoles          12 mm
main_monomial                       n = 0, skew:False
                                       Nn(s=0)      Integ_Nn     Nn/N0(@r0)   |    Sn(s=0)      Integ_Sn     Sn/S0(@r0)  
<multipole_order n>                    [T/m^n]      [T.m/m^n]        []       |    [T/m^n]      [T.m/m^n]        []      
n=00:                                5.5184e-01    -2.3951e-01   +1.0000e+00  |      ---           ---           ---     
n=01:                                7.2580e+00    +3.2164e+00   -1.6115e-01  |      ---           ---           ---     
n=02:                                6.7113e+00    +1.0805e+00   -6.4966e-04  |      ---           ---           ---     
n=03:                                9.7097e+00    -6.4323e+00   +4.6407e-05  |      ---           ---           ---     
n=04:                                3.2623e+04    -4.6620e+03   +4.0362e-04  |      ---           ---           ---     
n=05:                                2.4555e+05    -1.6914e+05   +1.7572e-04  |      ---           ---           ---     
n=06:                                2.0188e+08    +2.6128e+07   -3.2574e-04  |      ---           ---           ---     
