--- multipoles on reference trajectory (rz > 0) ---
effective_length:                   436.60203241657626 mm
perpendicular_grid:                 41 points in [-10.000000,+10.000000] mm
max_fitting_error_normal            0.051/4439.015 G/G
max_fitting_error_skew              338.312/338.312 G/G
r0_for_relative_multipoles          12 mm
main_monomial                       n = 0, skew:False
                                       Nn(s=0)      Integ_Nn     Nn/N0(@r0)   |    Sn(s=0)      Integ_Sn     Sn/S0(@r0)  
<multipole_order n>                    [T/m^n]      [T.m/m^n]        []       |    [T/m^n]      [T.m/m^n]        []      
n=00:                                5.2259e-01    -2.2816e-01   +1.0000e+00  |      ---           ---           ---     
n=01:                                6.8496e+00    +3.0649e+00   -1.6119e-01  |      ---           ---           ---     
n=02:                                6.0502e+00    +1.0986e+00   -6.9337e-04  |      ---           ---           ---     
n=03:                                1.9982e+02    -3.0578e+01   +2.3158e-04  |      ---           ---           ---     
n=04:                                3.6167e+03    -2.7903e+03   +2.5359e-04  |      ---           ---           ---     
n=05:                                1.0863e+06    +3.2257e+04   -3.5180e-05  |      ---           ---           ---     
n=06:                                5.1474e+06    +9.3967e+06   -1.2297e-04  |      ---           ---           ---     
