--- multipoles on reference trajectory (rz > 0) ---
effective_length:                   436.4367214851414 mm
perpendicular_grid:                 41 points in [-10.000000,+10.000000] mm
max_fitting_error_normal            0.049/3218.901 G/G
max_fitting_error_skew              323.347/323.347 G/G
r0_for_relative_multipoles          12 mm
main_monomial                       n = 0, skew:False
                                       Nn(s=0)      Integ_Nn     Nn/N0(@r0)   |    Sn(s=0)      Integ_Sn     Sn/S0(@r0)  
<multipole_order n>                    [T/m^n]      [T.m/m^n]        []       |    [T/m^n]      [T.m/m^n]        []      
n=00:                                5.2474e-01    -2.2901e-01   +1.0000e+00  |      ---           ---           ---     
n=01:                                6.8565e+00    +3.0629e+00   -1.6049e-01  |      ---           ---           ---     
n=02:                                5.0034e+00    +6.9490e-01   -4.3694e-04  |      ---           ---           ---     
n=03:                                1.8574e+01    -2.6573e+01   +2.0050e-04  |      ---           ---           ---     
n=04:                                2.8013e+03    +2.2345e+03   -2.0232e-04  |      ---           ---           ---     
n=05:                                5.0927e+05    -3.4696e+04   +3.7699e-05  |      ---           ---           ---     
n=06:                                6.0167e+06    -1.4073e+07   +1.8349e-04  |      ---           ---           ---     
