--- multipoles on reference trajectory (rz > 0) ---
effective_length:                   434.6797137442984 mm
perpendicular_grid:                 41 points in [-10.000000,+10.000000] mm
max_fitting_error_normal            0.052/5810.531 G/G
max_fitting_error_skew              350.088/350.088 G/G
r0_for_relative_multipoles          12 mm
main_monomial                       n = 0, skew:False
                                       Nn(s=0)      Integ_Nn     Nn/N0(@r0)   |    Sn(s=0)      Integ_Sn     Sn/S0(@r0)  
<multipole_order n>                    [T/m^n]      [T.m/m^n]        []       |    [T/m^n]      [T.m/m^n]        []      
n=00:                                5.5453e-01    -2.4104e-01   +1.0000e+00  |      ---           ---           ---     
n=01:                                7.2410e+00    +3.2293e+00   -1.6077e-01  |      ---           ---           ---     
n=02:                                6.1834e+00    +1.1869e+00   -7.0906e-04  |      ---           ---           ---     
n=03:                                2.7794e+01    -3.4306e+01   +2.4593e-04  |      ---           ---           ---     
n=04:                                3.3248e+03    -1.7638e+03   +1.5173e-04  |      ---           ---           ---     
n=05:                                1.9751e+05    +5.0781e+04   -5.2422e-05  |      ---           ---           ---     
n=06:                                3.5312e+07    +4.8264e+06   -5.9788e-05  |      ---           ---           ---     
