--- multipoles on reference trajectory (rz > 0) ---
effective_length:                   435.0536832028781 mm
perpendicular_grid:                 41 points in [-10.000000,+10.000000] mm
max_fitting_error_normal            0.044/4829.392 G/G
max_fitting_error_skew              343.781/343.781 G/G
r0_for_relative_multipoles          12 mm
main_monomial                       n = 0, skew:False
                                       Nn(s=0)      Integ_Nn     Nn/N0(@r0)   |    Sn(s=0)      Integ_Sn     Sn/S0(@r0)  
<multipole_order n>                    [T/m^n]      [T.m/m^n]        []       |    [T/m^n]      [T.m/m^n]        []      
n=00:                                5.5196e-01    -2.4013e-01   +1.0000e+00  |      ---           ---           ---     
n=01:                                7.2148e+00    +3.2185e+00   -1.6083e-01  |      ---           ---           ---     
n=02:                                5.8704e+00    +9.6951e-01   -5.8138e-04  |      ---           ---           ---     
n=03:                                2.3931e-01    -5.3243e+00   +3.8313e-05  |      ---           ---           ---     
n=04:                                4.7107e+03    -2.6483e+03   +2.2869e-04  |      ---           ---           ---     
n=05:                                2.3388e+05    -1.0704e+05   +1.1092e-04  |      ---           ---           ---     
n=06:                                2.3301e+07    +1.4577e+07   -1.8126e-04  |      ---           ---           ---     
