--- multipoles on reference trajectory (rz > 0) ---
effective_length:                   435.87930031964834 mm
perpendicular_grid:                 41 points in [-10.000000,+10.000000] mm
max_fitting_error_normal            0.028/6688.384 G/G
max_fitting_error_skew              353.701/353.701 G/G
r0_for_relative_multipoles          12 mm
main_monomial                       n = 0, skew:False
                                       Nn(s=0)      Integ_Nn     Nn/N0(@r0)   |    Sn(s=0)      Integ_Sn     Sn/S0(@r0)  
<multipole_order n>                    [T/m^n]      [T.m/m^n]        []       |    [T/m^n]      [T.m/m^n]        []      
n=00:                                5.7664e-01    -2.5135e-01   +1.0000e+00  |      ---           ---           ---     
n=01:                                7.5456e+00    +3.3723e+00   -1.6100e-01  |      ---           ---           ---     
n=02:                                6.3703e+00    +1.0795e+00   -6.1847e-04  |      ---           ---           ---     
n=03:                                4.4043e+01    -1.0342e+01   +7.1100e-05  |      ---           ---           ---     
n=04:                                7.3947e+03    -2.7526e+03   +2.2709e-04  |      ---           ---           ---     
n=05:                                5.2277e+04    -1.4401e+05   +1.4257e-04  |      ---           ---           ---     
n=06:                                5.1488e+07    +1.2335e+07   -1.4654e-04  |      ---           ---           ---     
