--- multipoles on reference trajectory (rz > 0) ---
effective_length:                   434.8036993451091 mm
perpendicular_grid:                 41 points in [-10.000000,+10.000000] mm
max_fitting_error_normal            0.048/6692.779 G/G
max_fitting_error_skew              361.394/361.394 G/G
r0_for_relative_multipoles          12 mm
main_monomial                       n = 0, skew:False
                                       Nn(s=0)      Integ_Nn     Nn/N0(@r0)   |    Sn(s=0)      Integ_Sn     Sn/S0(@r0)  
<multipole_order n>                    [T/m^n]      [T.m/m^n]        []       |    [T/m^n]      [T.m/m^n]        []      
n=00:                                5.7791e-01    -2.5128e-01   +1.0000e+00  |      ---           ---           ---     
n=01:                                7.5806e+00    +3.3729e+00   -1.6107e-01  |      ---           ---           ---     
n=02:                                5.8701e+00    +1.1171e+00   -6.4017e-04  |      ---           ---           ---     
n=03:                                9.5765e+00    -2.3826e+01   +1.6385e-04  |      ---           ---           ---     
n=04:                                1.1024e+04    +1.1225e+03   -9.2630e-05  |      ---           ---           ---     
n=05:                                4.1295e+05    -1.3126e+04   +1.2998e-05  |      ---           ---           ---     
n=06:                                7.6928e+07    -1.1466e+07   +1.3625e-04  |      ---           ---           ---     
