--- multipoles on reference trajectory (rz > 0) ---
effective_length:                   436.0635984907188 mm
perpendicular_grid:                 41 points in [-10.000000,+10.000000] mm
max_fitting_error_normal            0.039/5312.904 G/G
max_fitting_error_skew              369.906/369.906 G/G
r0_for_relative_multipoles          12 mm
main_monomial                       n = 0, skew:False
                                       Nn(s=0)      Integ_Nn     Nn/N0(@r0)   |    Sn(s=0)      Integ_Sn     Sn/S0(@r0)  
<multipole_order n>                    [T/m^n]      [T.m/m^n]        []       |    [T/m^n]      [T.m/m^n]        []      
n=00:                                5.7961e-01    -2.5275e-01   +1.0000e+00  |      ---           ---           ---     
n=01:                                7.5595e+00    +3.3752e+00   -1.6025e-01  |      ---           ---           ---     
n=02:                                5.7229e+00    +7.9828e-01   -4.5481e-04  |      ---           ---           ---     
n=03:                                1.2230e+01    -1.3719e+01   +9.3797e-05  |      ---           ---           ---     
n=04:                                3.1069e+03    +2.3676e+03   -1.9424e-04  |      ---           ---           ---     
n=05:                                5.3125e+05    -1.1279e+05   +1.1105e-04  |      ---           ---           ---     
n=06:                                3.4215e+06    -1.3977e+07   +1.6513e-04  |      ---           ---           ---     
