--- multipoles on reference trajectory (rz > 0) ---
effective_length:                   434.66109848520955 mm
perpendicular_grid:                 41 points in [-10.000000,+10.000000] mm
max_fitting_error_normal            0.037/3766.100 G/G
max_fitting_error_skew              339.377/339.377 G/G
r0_for_relative_multipoles          12 mm
main_monomial                       n = 0, skew:False
                                       Nn(s=0)      Integ_Nn     Nn/N0(@r0)   |    Sn(s=0)      Integ_Sn     Sn/S0(@r0)  
<multipole_order n>                    [T/m^n]      [T.m/m^n]        []       |    [T/m^n]      [T.m/m^n]        []      
n=00:                                5.5227e-01    -2.4005e-01   +1.0000e+00  |      ---           ---           ---     
n=01:                                7.2598e+00    +3.2180e+00   -1.6087e-01  |      ---           ---           ---     
n=02:                                4.9222e+00    +8.9213e-01   -5.3517e-04  |      ---           ---           ---     
n=03:                                6.6073e+01    -3.1417e+01   +2.2615e-04  |      ---           ---           ---     
n=04:                                9.2117e+01    -1.2021e+03   +1.0384e-04  |      ---           ---           ---     
n=05:                                2.3338e+04    -1.5204e+04   +1.5761e-05  |      ---           ---           ---     
n=06:                                2.6659e+06    +4.7430e+06   -5.8999e-05  |      ---           ---           ---     
