--- multipoles on reference trajectory (rz > 0) ---
effective_length:                   435.88444340898394 mm
perpendicular_grid:                 41 points in [-10.000000,+10.000000] mm
max_fitting_error_normal            0.031/6691.216 G/G
max_fitting_error_skew              358.787/358.787 G/G
r0_for_relative_multipoles          12 mm
main_monomial                       n = 0, skew:False
                                       Nn(s=0)      Integ_Nn     Nn/N0(@r0)   |    Sn(s=0)      Integ_Sn     Sn/S0(@r0)  
<multipole_order n>                    [T/m^n]      [T.m/m^n]        []       |    [T/m^n]      [T.m/m^n]        []      
n=00:                                5.7739e-01    -2.5167e-01   +1.0000e+00  |      ---           ---           ---     
n=01:                                7.5710e+00    +3.3802e+00   -1.6117e-01  |      ---           ---           ---     
n=02:                                6.0130e+00    +1.1524e+00   -6.5939e-04  |      ---           ---           ---     
n=03:                                1.7321e+01    -1.5407e+01   +1.0578e-04  |      ---           ---           ---     
n=04:                                8.7289e+03    -2.3668e+03   +1.9501e-04  |      ---           ---           ---     
n=05:                                5.8361e+05    -1.3409e+05   +1.3257e-04  |      ---           ---           ---     
n=06:                                5.2319e+07    +1.1207e+07   -1.3296e-04  |      ---           ---           ---     
