--- multipoles on reference trajectory (rz > 0) ---
effective_length:                   435.22602427719085 mm
perpendicular_grid:                 41 points in [-10.000000,+10.000000] mm
max_fitting_error_normal            0.039/4860.089 G/G
max_fitting_error_skew              341.492/341.492 G/G
r0_for_relative_multipoles          12 mm
main_monomial                       n = 0, skew:False
                                       Nn(s=0)      Integ_Nn     Nn/N0(@r0)   |    Sn(s=0)      Integ_Sn     Sn/S0(@r0)  
<multipole_order n>                    [T/m^n]      [T.m/m^n]        []       |    [T/m^n]      [T.m/m^n]        []      
n=00:                                5.5039e-01    -2.3954e-01   +1.0000e+00  |      ---           ---           ---     
n=01:                                7.2226e+00    +3.2191e+00   -1.6126e-01  |      ---           ---           ---     
n=02:                                5.9347e+00    +9.3320e-01   -5.6099e-04  |      ---           ---           ---     
n=03:                                3.4986e+01    -2.3561e+00   +1.6996e-05  |      ---           ---           ---     
n=04:                                1.3136e+04    -1.0125e+03   +8.7649e-05  |      ---           ---           ---     
n=05:                                4.7507e+05    -1.4071e+05   +1.4617e-04  |      ---           ---           ---     
n=06:                                7.2015e+07    +4.7755e+06   -5.9528e-05  |      ---           ---           ---     
