--- multipoles on reference trajectory (rz > 0) ---
effective_length:                   435.1227591088942 mm
perpendicular_grid:                 41 points in [-10.000000,+10.000000] mm
max_fitting_error_normal            0.041/4562.612 G/G
max_fitting_error_skew              326.155/326.155 G/G
r0_for_relative_multipoles          12 mm
main_monomial                       n = 0, skew:False
                                       Nn(s=0)      Integ_Nn     Nn/N0(@r0)   |    Sn(s=0)      Integ_Sn     Sn/S0(@r0)  
<multipole_order n>                    [T/m^n]      [T.m/m^n]        []       |    [T/m^n]      [T.m/m^n]        []      
n=00:                                5.2560e-01    -2.2870e-01   +1.0000e+00  |      ---           ---           ---     
n=01:                                6.8888e+00    +3.0650e+00   -1.6082e-01  |      ---           ---           ---     
n=02:                                3.8126e+00    +7.6879e-01   -4.8406e-04  |      ---           ---           ---     
n=03:                                1.5937e+01    -3.2533e+01   +2.4581e-04  |      ---           ---           ---     
n=04:                                3.0171e+04    +3.6716e+03   -3.3290e-04  |      ---           ---           ---     
n=05:                                3.3359e+05    +2.9334e+04   -3.1917e-05  |      ---           ---           ---     
n=06:                                1.8478e+08    -2.3721e+07   +3.0971e-04  |      ---           ---           ---     
