--- multipoles on reference trajectory (rz > 0) ---
effective_length:                   437.23554031536827 mm
perpendicular_grid:                 41 points in [-10.000000,+10.000000] mm
max_fitting_error_normal            0.028/6391.868 G/G
max_fitting_error_skew              341.353/341.353 G/G
r0_for_relative_multipoles          12 mm
main_monomial                       n = 0, skew:False
                                       Nn(s=0)      Integ_Nn     Nn/N0(@r0)   |    Sn(s=0)      Integ_Sn     Sn/S0(@r0)  
<multipole_order n>                    [T/m^n]      [T.m/m^n]        []       |    [T/m^n]      [T.m/m^n]        []      
n=00:                                5.5124e-01    -2.4102e-01   +1.0000e+00  |      ---           ---           ---     
n=01:                                7.2058e+00    +3.2252e+00   -1.6058e-01  |      ---           ---           ---     
n=02:                                5.2490e+00    +9.6735e-01   -5.7795e-04  |      ---           ---           ---     
n=03:                                1.0303e+02    -3.4829e+01   +2.4971e-04  |      ---           ---           ---     
n=04:                                2.9488e+03    -2.4145e+03   +2.0773e-04  |      ---           ---           ---     
n=05:                                1.7845e+05    +1.5005e+04   -1.5492e-05  |      ---           ---           ---     
n=06:                                1.6126e+07    +8.9082e+06   -1.1036e-04  |      ---           ---           ---     
