--- multipoles on reference trajectory (rz > 0) ---
effective_length:                   435.1954486518987 mm
perpendicular_grid:                 41 points in [-10.000000,+10.000000] mm
max_fitting_error_normal            0.080/6694.076 G/G
max_fitting_error_skew              354.730/354.730 G/G
r0_for_relative_multipoles          12 mm
main_monomial                       n = 0, skew:False
                                       Nn(s=0)      Integ_Nn     Nn/N0(@r0)   |    Sn(s=0)      Integ_Sn     Sn/S0(@r0)  
<multipole_order n>                    [T/m^n]      [T.m/m^n]        []       |    [T/m^n]      [T.m/m^n]        []      
n=00:                                5.7850e-01    -2.5176e-01   +1.0000e+00  |      ---           ---           ---     
n=01:                                7.5855e+00    +3.3747e+00   -1.6085e-01  |      ---           ---           ---     
n=02:                                6.1772e+00    +1.2656e+00   -7.2389e-04  |      ---           ---           ---     
n=03:                                1.1919e+02    -3.0856e+01   +2.1179e-04  |      ---           ---           ---     
n=04:                                1.5017e+04    -7.8623e+03   +6.4757e-04  |      ---           ---           ---     
n=05:                                3.8796e+05    -1.0872e+05   +1.0746e-04  |      ---           ---           ---     
n=06:                                1.0573e+08    +4.7317e+07   -5.6120e-04  |      ---           ---           ---     
