--- multipoles on reference trajectory (rz > 0) ---
effective_length:                   436.0969125284041 mm
perpendicular_grid:                 41 points in [-10.000000,+10.000000] mm
max_fitting_error_normal            0.038/4841.583 G/G
max_fitting_error_skew              328.008/328.008 G/G
r0_for_relative_multipoles          12 mm
main_monomial                       n = 0, skew:False
                                       Nn(s=0)      Integ_Nn     Nn/N0(@r0)   |    Sn(s=0)      Integ_Sn     Sn/S0(@r0)  
<multipole_order n>                    [T/m^n]      [T.m/m^n]        []       |    [T/m^n]      [T.m/m^n]        []      
n=00:                                5.4960e-01    -2.3968e-01   +1.0000e+00  |      ---           ---           ---     
n=01:                                7.1946e+00    +3.2186e+00   -1.6115e-01  |      ---           ---           ---     
n=02:                                5.4331e+00    +8.1304e-01   -4.8848e-04  |      ---           ---           ---     
n=03:                                6.3448e+01    -4.1757e+01   +3.0106e-04  |      ---           ---           ---     
n=04:                                4.5079e+03    -9.7227e+02   +8.4117e-05  |      ---           ---           ---     
n=05:                                9.2308e+04    +3.2927e+04   -3.4185e-05  |      ---           ---           ---     
n=06:                                4.9872e+07    +5.7046e+06   -7.1070e-05  |      ---           ---           ---     
