--- multipoles on reference trajectory (rz > 0) ---
effective_length:                   436.5394267969063 mm
perpendicular_grid:                 41 points in [-10.000000,+10.000000] mm
max_fitting_error_normal            0.050/6380.424 G/G
max_fitting_error_skew              356.874/356.874 G/G
r0_for_relative_multipoles          12 mm
main_monomial                       n = 0, skew:False
                                       Nn(s=0)      Integ_Nn     Nn/N0(@r0)   |    Sn(s=0)      Integ_Sn     Sn/S0(@r0)  
<multipole_order n>                    [T/m^n]      [T.m/m^n]        []       |    [T/m^n]      [T.m/m^n]        []      
n=00:                                5.4963e-01    -2.3994e-01   +1.0000e+00  |      ---           ---           ---     
n=01:                                7.1961e+00    +3.2231e+00   -1.6120e-01  |      ---           ---           ---     
n=02:                                5.0137e+00    +1.0002e+00   -6.0030e-04  |      ---           ---           ---     
n=03:                                7.7248e+01    -2.9919e+01   +2.1548e-04  |      ---           ---           ---     
n=04:                                2.0510e+04    +2.5263e+03   -2.1833e-04  |      ---           ---           ---     
n=05:                                1.3647e+05    +3.2198e+04   -3.3391e-05  |      ---           ---           ---     
n=06:                                1.1442e+08    -2.1370e+07   +2.6595e-04  |      ---           ---           ---     
