--- multipoles on reference trajectory (rz > 0) ---
effective_length:                   437.0444918188954 mm
perpendicular_grid:                 41 points in [-10.000000,+10.000000] mm
max_fitting_error_normal            0.038/6378.146 G/G
max_fitting_error_skew              339.140/339.140 G/G
r0_for_relative_multipoles          12 mm
main_monomial                       n = 0, skew:False
                                       Nn(s=0)      Integ_Nn     Nn/N0(@r0)   |    Sn(s=0)      Integ_Sn     Sn/S0(@r0)  
<multipole_order n>                    [T/m^n]      [T.m/m^n]        []       |    [T/m^n]      [T.m/m^n]        []      
n=00:                                5.4899e-01    -2.3993e-01   +1.0000e+00  |      ---           ---           ---     
n=01:                                7.1862e+00    +3.2225e+00   -1.6117e-01  |      ---           ---           ---     
n=02:                                6.0355e+00    +8.3119e-01   -4.9885e-04  |      ---           ---           ---     
n=03:                                2.3310e+01    -2.9768e+01   +2.1439e-04  |      ---           ---           ---     
n=04:                                2.2531e+03    +1.1825e+03   -1.0219e-04  |      ---           ---           ---     
n=05:                                1.6378e+05    +6.1067e+02   -6.3331e-07  |      ---           ---           ---     
n=06:                                6.0378e+06    -7.6265e+06   +9.4912e-05  |      ---           ---           ---     
