--- multipoles on reference trajectory (rz > 0) ---
effective_length:                   434.8437827737111 mm
perpendicular_grid:                 41 points in [-10.000000,+10.000000] mm
max_fitting_error_normal            0.044/5124.406 G/G
max_fitting_error_skew              375.168/375.168 G/G
r0_for_relative_multipoles          12 mm
main_monomial                       n = 0, skew:False
                                       Nn(s=0)      Integ_Nn     Nn/N0(@r0)   |    Sn(s=0)      Integ_Sn     Sn/S0(@r0)  
<multipole_order n>                    [T/m^n]      [T.m/m^n]        []       |    [T/m^n]      [T.m/m^n]        []      
n=00:                                5.7974e-01    -2.5210e-01   +1.0000e+00  |      ---           ---           ---     
n=01:                                7.6050e+00    +3.3736e+00   -1.6058e-01  |      ---           ---           ---     
n=02:                                5.0531e+00    +1.0109e+00   -5.7746e-04  |      ---           ---           ---     
n=03:                                1.8461e+02    -7.9392e+01   +5.4419e-04  |      ---           ---           ---     
n=04:                                4.4252e+03    -9.6132e+01   +7.9072e-06  |      ---           ---           ---     
n=05:                                7.4757e+05    +2.6128e+05   -2.5789e-04  |      ---           ---           ---     
n=06:                                6.0949e+07    -2.7314e+06   +3.2352e-05  |      ---           ---           ---     
