--- multipoles on reference trajectory (rz > 0) ---
effective_length:                   435.7416908466528 mm
perpendicular_grid:                 41 points in [-10.000000,+10.000000] mm
max_fitting_error_normal            0.036/3581.378 G/G
max_fitting_error_skew              355.891/355.891 G/G
r0_for_relative_multipoles          12 mm
main_monomial                       n = 0, skew:False
                                       Nn(s=0)      Integ_Nn     Nn/N0(@r0)   |    Sn(s=0)      Integ_Sn     Sn/S0(@r0)  
<multipole_order n>                    [T/m^n]      [T.m/m^n]        []       |    [T/m^n]      [T.m/m^n]        []      
n=00:                                5.7892e-01    -2.5226e-01   +1.0000e+00  |      ---           ---           ---     
n=01:                                7.5520e+00    +3.3754e+00   -1.6057e-01  |      ---           ---           ---     
n=02:                                5.1104e+00    +8.7896e-01   -5.0175e-04  |      ---           ---           ---     
n=03:                                2.6759e+01    -2.0844e+01   +1.4278e-04  |      ---           ---           ---     
n=04:                                2.6733e+04    +3.1415e+03   -2.5823e-04  |      ---           ---           ---     
n=05:                                4.0571e+05    -8.7892e+04   +8.6697e-05  |      ---           ---           ---     
n=06:                                1.5593e+08    -1.8578e+07   +2.1990e-04  |      ---           ---           ---     
