--- multipoles on reference trajectory (rz > 0) ---
effective_length:                   435.6695537154955 mm
perpendicular_grid:                 41 points in [-10.000000,+10.000000] mm
max_fitting_error_normal            0.045/4886.006 G/G
max_fitting_error_skew              336.093/336.093 G/G
r0_for_relative_multipoles          12 mm
main_monomial                       n = 0, skew:False
                                       Nn(s=0)      Integ_Nn     Nn/N0(@r0)   |    Sn(s=0)      Integ_Sn     Sn/S0(@r0)  
<multipole_order n>                    [T/m^n]      [T.m/m^n]        []       |    [T/m^n]      [T.m/m^n]        []      
n=00:                                5.5284e-01    -2.4086e-01   +1.0000e+00  |      ---           ---           ---     
n=01:                                7.2394e+00    +3.2234e+00   -1.6059e-01  |      ---           ---           ---     
n=02:                                4.4512e+00    +8.8195e-01   -5.2729e-04  |      ---           ---           ---     
n=03:                                8.1083e+00    -3.7748e+01   +2.7082e-04  |      ---           ---           ---     
n=04:                                2.2070e+04    +2.0820e+03   -1.7924e-04  |      ---           ---           ---     
n=05:                                3.7985e+05    +3.0764e+04   -3.1783e-05  |      ---           ---           ---     
n=06:                                1.2351e+08    -9.9689e+06   +1.2359e-04  |      ---           ---           ---     
