--- multipoles on reference trajectory (rz > 0) ---
effective_length:                   435.99409414327744 mm
perpendicular_grid:                 41 points in [-10.000000,+10.000000] mm
max_fitting_error_normal            0.056/3648.295 G/G
max_fitting_error_skew              331.848/331.848 G/G
r0_for_relative_multipoles          12 mm
main_monomial                       n = 0, skew:False
                                       Nn(s=0)      Integ_Nn     Nn/N0(@r0)   |    Sn(s=0)      Integ_Sn     Sn/S0(@r0)  
<multipole_order n>                    [T/m^n]      [T.m/m^n]        []       |    [T/m^n]      [T.m/m^n]        []      
n=00:                                5.5273e-01    -2.4099e-01   +1.0000e+00  |      ---           ---           ---     
n=01:                                7.2418e+00    +3.2351e+00   -1.6109e-01  |      ---           ---           ---     
n=02:                                5.8382e+00    +1.0962e+00   -6.5500e-04  |      ---           ---           ---     
n=03:                                1.3658e+02    -6.3903e+01   +4.5822e-04  |      ---           ---           ---     
n=04:                                3.8436e+03    -3.5861e+03   +3.0857e-04  |      ---           ---           ---     
n=05:                                4.0006e+05    +1.8912e+05   -1.9528e-04  |      ---           ---           ---     
n=06:                                3.3952e+07    +1.6356e+07   -2.0266e-04  |      ---           ---           ---     
