--- multipoles on reference trajectory (rz > 0) ---
effective_length:                   433.4316412434078 mm
perpendicular_grid:                 41 points in [-10.000000,+10.000000] mm
max_fitting_error_normal            0.039/6423.121 G/G
max_fitting_error_skew              334.418/334.418 G/G
r0_for_relative_multipoles          12 mm
main_monomial                       n = 0, skew:False
                                       Nn(s=0)      Integ_Nn     Nn/N0(@r0)   |    Sn(s=0)      Integ_Sn     Sn/S0(@r0)  
<multipole_order n>                    [T/m^n]      [T.m/m^n]        []       |    [T/m^n]      [T.m/m^n]        []      
n=00:                                5.5704e-01    -2.4144e-01   +1.0000e+00  |      ---           ---           ---     
n=01:                                7.3230e+00    +3.2346e+00   -1.6077e-01  |      ---           ---           ---     
n=02:                                4.3335e+00    +9.5188e-01   -5.6773e-04  |      ---           ---           ---     
n=03:                                2.3944e+01    -3.1588e+01   +2.2607e-04  |      ---           ---           ---     
n=04:                                1.4079e+04    +1.6060e+03   -1.3793e-04  |      ---           ---           ---     
n=05:                                1.5673e+05    +2.3923e+04   -2.4656e-05  |      ---           ---           ---     
n=06:                                6.8644e+07    -8.2334e+06   +1.0183e-04  |      ---           ---           ---     
