--- multipoles on reference trajectory (rz > 0) ---
effective_length:                   435.8995529239647 mm
perpendicular_grid:                 41 points in [-10.000000,+10.000000] mm
max_fitting_error_normal            0.081/4087.920 G/G
max_fitting_error_skew              356.143/356.143 G/G
r0_for_relative_multipoles          12 mm
main_monomial                       n = 0, skew:False
                                       Nn(s=0)      Integ_Nn     Nn/N0(@r0)   |    Sn(s=0)      Integ_Sn     Sn/S0(@r0)  
<multipole_order n>                    [T/m^n]      [T.m/m^n]        []       |    [T/m^n]      [T.m/m^n]        []      
n=00:                                5.7948e-01    -2.5260e-01   +1.0000e+00  |      ---           ---           ---     
n=01:                                7.5470e+00    +3.3745e+00   -1.6031e-01  |      ---           ---           ---     
n=02:                                7.1044e+00    +1.0295e+00   -5.8691e-04  |      ---           ---           ---     
n=03:                                5.6893e+01    -8.2738e+00   +5.6601e-05  |      ---           ---           ---     
n=04:                                1.8615e+04    +1.3767e+03   -1.1302e-04  |      ---           ---           ---     
n=05:                                7.1203e+05    -1.4848e+05   +1.4627e-04  |      ---           ---           ---     
n=06:                                1.1578e+08    -7.0679e+06   +8.3551e-05  |      ---           ---           ---     
