--- multipoles on reference trajectory (rz > 0) ---
effective_length:                   435.20544285435545 mm
perpendicular_grid:                 41 points in [-10.000000,+10.000000] mm
max_fitting_error_normal            0.022/4033.034 G/G
max_fitting_error_skew              320.155/320.155 G/G
r0_for_relative_multipoles          12 mm
main_monomial                       n = 0, skew:False
                                       Nn(s=0)      Integ_Nn     Nn/N0(@r0)   |    Sn(s=0)      Integ_Sn     Sn/S0(@r0)  
<multipole_order n>                    [T/m^n]      [T.m/m^n]        []       |    [T/m^n]      [T.m/m^n]        []      
n=00:                                5.2250e-01    -2.2739e-01   +1.0000e+00  |      ---           ---           ---     
n=01:                                6.8618e+00    +3.0537e+00   -1.6115e-01  |      ---           ---           ---     
n=02:                                5.1723e+00    +7.5047e-01   -4.7525e-04  |      ---           ---           ---     
n=03:                                3.7286e+01    -1.6611e+01   +1.2623e-04  |      ---           ---           ---     
n=04:                                2.4101e+03    +2.6345e+01   -2.4024e-06  |      ---           ---           ---     
n=05:                                6.2024e+05    -1.0803e+05   +1.1822e-04  |      ---           ---           ---     
n=06:                                2.0112e+07    -1.5832e+06   +2.0789e-05  |      ---           ---           ---     
