--- multipoles on reference trajectory (rz > 0) ---
effective_length:                   435.4132686381919 mm
perpendicular_grid:                 41 points in [-10.000000,+10.000000] mm
max_fitting_error_normal            0.043/4628.850 G/G
max_fitting_error_skew              312.855/312.855 G/G
r0_for_relative_multipoles          12 mm
main_monomial                       n = 0, skew:False
                                       Nn(s=0)      Integ_Nn     Nn/N0(@r0)   |    Sn(s=0)      Integ_Sn     Sn/S0(@r0)  
<multipole_order n>                    [T/m^n]      [T.m/m^n]        []       |    [T/m^n]      [T.m/m^n]        []      
n=00:                                5.2581e-01    -2.2895e-01   +1.0000e+00  |      ---           ---           ---     
n=01:                                6.8906e+00    +3.0644e+00   -1.6062e-01  |      ---           ---           ---     
n=02:                                4.9061e+00    +7.6623e-01   -4.8194e-04  |      ---           ---           ---     
n=03:                                2.7389e+01    -2.7909e+01   +2.1065e-04  |      ---           ---           ---     
n=04:                                1.4537e+04    -6.4023e+02   +5.7987e-05  |      ---           ---           ---     
n=05:                                1.1854e+05    -5.3724e+04   +5.8390e-05  |      ---           ---           ---     
n=06:                                1.0061e+08    +4.3920e+06   -5.7281e-05  |      ---           ---           ---     
