--- multipoles on reference trajectory (rz > 0) ---
effective_length:                   434.0254427025741 mm
perpendicular_grid:                 41 points in [-10.000000,+10.000000] mm
max_fitting_error_normal            0.024/6400.066 G/G
max_fitting_error_skew              335.616/335.616 G/G
r0_for_relative_multipoles          12 mm
main_monomial                       n = 0, skew:False
                                       Nn(s=0)      Integ_Nn     Nn/N0(@r0)   |    Sn(s=0)      Integ_Sn     Sn/S0(@r0)  
<multipole_order n>                    [T/m^n]      [T.m/m^n]        []       |    [T/m^n]      [T.m/m^n]        []      
n=00:                                5.5381e-01    -2.4037e-01   +1.0000e+00  |      ---           ---           ---     
n=01:                                7.2896e+00    +3.2311e+00   -1.6131e-01  |      ---           ---           ---     
n=02:                                6.0724e+00    +1.1087e+00   -6.6422e-04  |      ---           ---           ---     
n=03:                                1.5518e+01    -2.3379e+01   +1.6807e-04  |      ---           ---           ---     
n=04:                                1.2752e+04    -3.5012e+03   +3.0204e-04  |      ---           ---           ---     
n=05:                                4.1015e+05    -4.2549e+04   +4.4047e-05  |      ---           ---           ---     
n=06:                                7.3262e+07    +1.5960e+07   -1.9826e-04  |      ---           ---           ---     
