--- multipoles on reference trajectory (rz > 0) ---
effective_length:                   435.14042255552636 mm
perpendicular_grid:                 41 points in [-10.000000,+10.000000] mm
max_fitting_error_normal            0.038/3641.703 G/G
max_fitting_error_skew              323.396/323.396 G/G
r0_for_relative_multipoles          12 mm
main_monomial                       n = 0, skew:False
                                       Nn(s=0)      Integ_Nn     Nn/N0(@r0)   |    Sn(s=0)      Integ_Sn     Sn/S0(@r0)  
<multipole_order n>                    [T/m^n]      [T.m/m^n]        []       |    [T/m^n]      [T.m/m^n]        []      
n=00:                                5.2492e-01    -2.2841e-01   +1.0000e+00  |      ---           ---           ---     
n=01:                                6.8969e+00    +3.0640e+00   -1.6097e-01  |      ---           ---           ---     
n=02:                                5.3394e+00    +8.3915e-01   -5.2903e-04  |      ---           ---           ---     
n=03:                                6.9548e+01    -3.8423e+01   +2.9068e-04  |      ---           ---           ---     
n=04:                                1.2063e+04    +8.7981e+02   -7.9871e-05  |      ---           ---           ---     
n=05:                                1.3464e+05    +7.3677e+04   -8.0263e-05  |      ---           ---           ---     
n=06:                                7.1193e+07    -8.6489e+06   +1.1306e-04  |      ---           ---           ---     
