--- multipoles on reference trajectory (rz > 0) ---
effective_length:                   436.05320722676 mm
perpendicular_grid:                 41 points in [-10.000000,+10.000000] mm
max_fitting_error_normal            0.036/4544.175 G/G
max_fitting_error_skew              334.555/334.555 G/G
r0_for_relative_multipoles          12 mm
main_monomial                       n = 0, skew:False
                                       Nn(s=0)      Integ_Nn     Nn/N0(@r0)   |    Sn(s=0)      Integ_Sn     Sn/S0(@r0)  
<multipole_order n>                    [T/m^n]      [T.m/m^n]        []       |    [T/m^n]      [T.m/m^n]        []      
n=00:                                5.5255e-01    -2.4094e-01   +1.0000e+00  |      ---           ---           ---     
n=01:                                7.2520e+00    +3.2367e+00   -1.6120e-01  |      ---           ---           ---     
n=02:                                5.7427e+00    +7.8289e-01   -4.6790e-04  |      ---           ---           ---     
n=03:                                1.5575e+01    -1.6020e+01   +1.1489e-04  |      ---           ---           ---     
n=04:                                8.4873e+03    +1.6136e+03   -1.3887e-04  |      ---           ---           ---     
n=05:                                5.0714e+05    -1.1925e+05   +1.2315e-04  |      ---           ---           ---     
n=06:                                4.3262e+07    -1.2822e+07   +1.5890e-04  |      ---           ---           ---     
