--- multipoles on reference trajectory (rz > 0) ---
effective_length:                   436.4544421329572 mm
perpendicular_grid:                 41 points in [-10.000000,+10.000000] mm
max_fitting_error_normal            0.063/4525.397 G/G
max_fitting_error_skew              340.726/340.726 G/G
r0_for_relative_multipoles          12 mm
main_monomial                       n = 0, skew:False
                                       Nn(s=0)      Integ_Nn     Nn/N0(@r0)   |    Sn(s=0)      Integ_Sn     Sn/S0(@r0)  
<multipole_order n>                    [T/m^n]      [T.m/m^n]        []       |    [T/m^n]      [T.m/m^n]        []      
n=00:                                5.5201e-01    -2.4093e-01   +1.0000e+00  |      ---           ---           ---     
n=01:                                7.2420e+00    +3.2347e+00   -1.6111e-01  |      ---           ---           ---     
n=02:                                5.7032e+00    +9.0808e-01   -5.4275e-04  |      ---           ---           ---     
n=03:                                3.6511e+01    -2.0222e+01   +1.4504e-04  |      ---           ---           ---     
n=04:                                4.4475e+03    -6.4329e+02   +5.5367e-05  |      ---           ---           ---     
n=05:                                2.9648e+05    -1.5481e+05   +1.5989e-04  |      ---           ---           ---     
n=06:                                4.4713e+07    +4.4386e+06   -5.5010e-05  |      ---           ---           ---     
