--- multipoles on reference trajectory (rz > 0) ---
effective_length:                   434.0888253376415 mm
perpendicular_grid:                 41 points in [-10.000000,+10.000000] mm
max_fitting_error_normal            0.027/6706.413 G/G
max_fitting_error_skew              352.004/352.004 G/G
r0_for_relative_multipoles          12 mm
main_monomial                       n = 0, skew:False
                                       Nn(s=0)      Integ_Nn     Nn/N0(@r0)   |    Sn(s=0)      Integ_Sn     Sn/S0(@r0)  
<multipole_order n>                    [T/m^n]      [T.m/m^n]        []       |    [T/m^n]      [T.m/m^n]        []      
n=00:                                5.8019e-01    -2.5185e-01   +1.0000e+00  |      ---           ---           ---     
n=01:                                7.6035e+00    +3.3722e+00   -1.6067e-01  |      ---           ---           ---     
n=02:                                6.1391e+00    +1.1303e+00   -6.4625e-04  |      ---           ---           ---     
n=03:                                3.0884e+00    -3.3275e+01   +2.2830e-04  |      ---           ---           ---     
n=04:                                1.9077e+03    -5.7707e+02   +4.7512e-05  |      ---           ---           ---     
n=05:                                4.0832e+05    +8.7812e+03   -8.6759e-06  |      ---           ---           ---     
n=06:                                1.3320e+07    -1.4921e+05   +1.7691e-06  |      ---           ---           ---     
