--- multipoles on reference trajectory (rz > 0) ---
effective_length:                   437.2155056445672 mm
perpendicular_grid:                 41 points in [-10.000000,+10.000000] mm
max_fitting_error_normal            0.030/4885.339 G/G
max_fitting_error_skew              342.199/342.199 G/G
r0_for_relative_multipoles          12 mm
main_monomial                       n = 0, skew:False
                                       Nn(s=0)      Integ_Nn     Nn/N0(@r0)   |    Sn(s=0)      Integ_Sn     Sn/S0(@r0)  
<multipole_order n>                    [T/m^n]      [T.m/m^n]        []       |    [T/m^n]      [T.m/m^n]        []      
n=00:                                5.5241e-01    -2.4152e-01   +1.0000e+00  |      ---           ---           ---     
n=01:                                7.2379e+00    +3.2402e+00   -1.6099e-01  |      ---           ---           ---     
n=02:                                5.3946e+00    +7.9314e-01   -4.7289e-04  |      ---           ---           ---     
n=03:                                7.0127e-01    -2.3558e+01   +1.6855e-04  |      ---           ---           ---     
n=04:                                1.5872e+03    +7.6136e+02   -6.5367e-05  |      ---           ---           ---     
n=05:                                5.5217e+05    -7.4729e+04   +7.6991e-05  |      ---           ---           ---     
n=06:                                6.0177e+06    -5.4292e+06   +6.7123e-05  |      ---           ---           ---     
