--- multipoles on reference trajectory (rz > 0) ---
effective_length:                   436.912108647671 mm
perpendicular_grid:                 41 points in [-10.000000,+10.000000] mm
max_fitting_error_normal            0.057/4888.639 G/G
max_fitting_error_skew              333.969/333.969 G/G
r0_for_relative_multipoles          12 mm
main_monomial                       n = 0, skew:False
                                       Nn(s=0)      Integ_Nn     Nn/N0(@r0)   |    Sn(s=0)      Integ_Sn     Sn/S0(@r0)  
<multipole_order n>                    [T/m^n]      [T.m/m^n]        []       |    [T/m^n]      [T.m/m^n]        []      
n=00:                                5.5180e-01    -2.4109e-01   +1.0000e+00  |      ---           ---           ---     
n=01:                                7.2189e+00    +3.2336e+00   -1.6095e-01  |      ---           ---           ---     
n=02:                                6.5830e+00    +9.4777e-01   -5.6610e-04  |      ---           ---           ---     
n=03:                                1.4526e+02    -3.2166e+01   +2.3055e-04  |      ---           ---           ---     
n=04:                                1.8878e+04    -1.6486e+03   +1.4180e-04  |      ---           ---           ---     
n=05:                                6.8626e+05    +3.7552e+04   -3.8758e-05  |      ---           ---           ---     
n=06:                                1.2460e+08    +8.2365e+06   -1.0201e-04  |      ---           ---           ---     
