--- multipoles on reference trajectory (rz > 0) ---
effective_length:                   436.35596851103685 mm
perpendicular_grid:                 41 points in [-10.000000,+10.000000] mm
max_fitting_error_normal            0.051/4879.652 G/G
max_fitting_error_skew              357.143/357.143 G/G
r0_for_relative_multipoles          12 mm
main_monomial                       n = 0, skew:False
                                       Nn(s=0)      Integ_Nn     Nn/N0(@r0)   |    Sn(s=0)      Integ_Sn     Sn/S0(@r0)  
<multipole_order n>                    [T/m^n]      [T.m/m^n]        []       |    [T/m^n]      [T.m/m^n]        []      
n=00:                                5.5146e-01    -2.4063e-01   +1.0000e+00  |      ---           ---           ---     
n=01:                                7.1935e+00    +3.2228e+00   -1.6072e-01  |      ---           ---           ---     
n=02:                                5.0887e+00    +1.0138e+00   -6.0669e-04  |      ---           ---           ---     
n=03:                                9.2067e+01    -5.1402e+01   +3.6912e-04  |      ---           ---           ---     
n=04:                                1.9899e+04    -1.1242e+03   +9.6874e-05  |      ---           ---           ---     
n=05:                                2.4804e+05    +1.3250e+05   -1.3701e-04  |      ---           ---           ---     
n=06:                                1.1136e+08    +3.1975e+06   -3.9678e-05  |      ---           ---           ---     
