--- multipoles on reference trajectory (rz > 0) ---
effective_length:                   435.82803123986434 mm
perpendicular_grid:                 41 points in [-10.000000,+10.000000] mm
max_fitting_error_normal            0.039/4873.971 G/G
max_fitting_error_skew              340.642/340.642 G/G
r0_for_relative_multipoles          12 mm
main_monomial                       n = 0, skew:False
                                       Nn(s=0)      Integ_Nn     Nn/N0(@r0)   |    Sn(s=0)      Integ_Sn     Sn/S0(@r0)  
<multipole_order n>                    [T/m^n]      [T.m/m^n]        []       |    [T/m^n]      [T.m/m^n]        []      
n=00:                                5.5189e-01    -2.4053e-01   +1.0000e+00  |      ---           ---           ---     
n=01:                                7.2325e+00    +3.2334e+00   -1.6132e-01  |      ---           ---           ---     
n=02:                                5.5607e+00    +8.2472e-01   -4.9375e-04  |      ---           ---           ---     
n=03:                                4.5230e+01    -2.0103e+01   +1.4443e-04  |      ---           ---           ---     
n=04:                                4.1454e+03    +1.2479e+03   -1.0758e-04  |      ---           ---           ---     
n=05:                                1.5201e+05    -1.0290e+05   +1.0645e-04  |      ---           ---           ---     
n=06:                                2.4330e+07    -8.8626e+06   +1.1002e-04  |      ---           ---           ---     
