--- multipoles on reference trajectory (rz > 0) ---
effective_length:                   436.6282300554929 mm
perpendicular_grid:                 41 points in [-10.000000,+10.000000] mm
max_fitting_error_normal            0.035/4747.997 G/G
max_fitting_error_skew              342.660/342.660 G/G
r0_for_relative_multipoles          12 mm
main_monomial                       n = 0, skew:False
                                       Nn(s=0)      Integ_Nn     Nn/N0(@r0)   |    Sn(s=0)      Integ_Sn     Sn/S0(@r0)  
<multipole_order n>                    [T/m^n]      [T.m/m^n]        []       |    [T/m^n]      [T.m/m^n]        []      
n=00:                                5.5171e-01    -2.4089e-01   +1.0000e+00  |      ---           ---           ---     
n=01:                                7.1975e+00    +3.2210e+00   -1.6045e-01  |      ---           ---           ---     
n=02:                                5.6230e+00    +9.9696e-01   -5.9596e-04  |      ---           ---           ---     
n=03:                                5.8635e+01    -5.1671e+01   +3.7066e-04  |      ---           ---           ---     
n=04:                                3.2445e+03    -9.6927e+02   +8.3435e-05  |      ---           ---           ---     
n=05:                                1.9576e+04    +1.0779e+05   -1.1134e-04  |      ---           ---           ---     
n=06:                                4.0464e+07    +3.8370e+06   -4.7562e-05  |      ---           ---           ---     
