--- multipoles on reference trajectory (rz > 0) ---
effective_length:                   435.0721630880224 mm
perpendicular_grid:                 41 points in [-10.000000,+10.000000] mm
max_fitting_error_normal            0.045/4901.425 G/G
max_fitting_error_skew              345.508/345.508 G/G
r0_for_relative_multipoles          12 mm
main_monomial                       n = 0, skew:False
                                       Nn(s=0)      Integ_Nn     Nn/N0(@r0)   |    Sn(s=0)      Integ_Sn     Sn/S0(@r0)  
<multipole_order n>                    [T/m^n]      [T.m/m^n]        []       |    [T/m^n]      [T.m/m^n]        []      
n=00:                                5.5497e-01    -2.4145e-01   +1.0000e+00  |      ---           ---           ---     
n=01:                                7.2493e+00    +3.2334e+00   -1.6070e-01  |      ---           ---           ---     
n=02:                                5.8120e+00    +8.0419e-01   -4.7961e-04  |      ---           ---           ---     
n=03:                                1.1363e+02    -3.7427e+01   +2.6786e-04  |      ---           ---           ---     
n=04:                                7.2830e+03    +1.1319e+03   -9.7209e-05  |      ---           ---           ---     
n=05:                                2.4909e+05    -1.0425e+02   +1.0744e-07  |      ---           ---           ---     
n=06:                                5.5193e+07    -3.1363e+06   +3.8786e-05  |      ---           ---           ---     
