--- multipoles on reference trajectory (rz > 0) ---
effective_length:                   434.8003841408429 mm
perpendicular_grid:                 41 points in [-10.000000,+10.000000] mm
max_fitting_error_normal            0.045/4587.125 G/G
max_fitting_error_skew              328.498/328.498 G/G
r0_for_relative_multipoles          12 mm
main_monomial                       n = 0, skew:False
                                       Nn(s=0)      Integ_Nn     Nn/N0(@r0)   |    Sn(s=0)      Integ_Sn     Sn/S0(@r0)  
<multipole_order n>                    [T/m^n]      [T.m/m^n]        []       |    [T/m^n]      [T.m/m^n]        []      
n=00:                                5.2640e-01    -2.2888e-01   +1.0000e+00  |      ---           ---           ---     
n=01:                                6.9024e+00    +3.0637e+00   -1.6062e-01  |      ---           ---           ---     
n=02:                                3.7945e+00    +1.0021e+00   -6.3050e-04  |      ---           ---           ---     
n=03:                                3.6424e+01    -3.8842e+01   +2.9325e-04  |      ---           ---           ---     
n=04:                                3.1145e+04    +5.4255e+02   -4.9154e-05  |      ---           ---           ---     
n=05:                                1.7441e+05    +9.1393e+04   -9.9359e-05  |      ---           ---           ---     
n=06:                                2.0248e+08    -8.4840e+06   +1.1068e-04  |      ---           ---           ---     
