--- multipoles on reference trajectory (rz > 0) ---
effective_length:                   434.8393053095699 mm
perpendicular_grid:                 41 points in [-10.000000,+10.000000] mm
max_fitting_error_normal            0.044/5486.107 G/G
max_fitting_error_skew              357.417/357.417 G/G
r0_for_relative_multipoles          12 mm
main_monomial                       n = 0, skew:False
                                       Nn(s=0)      Integ_Nn     Nn/N0(@r0)   |    Sn(s=0)      Integ_Sn     Sn/S0(@r0)  
<multipole_order n>                    [T/m^n]      [T.m/m^n]        []       |    [T/m^n]      [T.m/m^n]        []      
n=00:                                5.5322e-01    -2.4056e-01   +1.0000e+00  |      ---           ---           ---     
n=01:                                7.2476e+00    +3.2162e+00   -1.6043e-01  |      ---           ---           ---     
n=02:                                4.1365e+00    +5.8873e-01   -3.5241e-04  |      ---           ---           ---     
n=03:                                2.5569e+01    -4.7049e+01   +3.3796e-04  |      ---           ---           ---     
n=04:                                1.6849e+04    +6.0671e+03   -5.2297e-04  |      ---           ---           ---     
n=05:                                4.8945e+05    +1.2001e+05   -1.2414e-04  |      ---           ---           ---     
n=06:                                9.1213e+07    -3.3922e+07   +4.2106e-04  |      ---           ---           ---     
