--- multipoles on reference trajectory (rz > 0) ---
effective_length:                   435.7018699150702 mm
perpendicular_grid:                 41 points in [-10.000000,+10.000000] mm
max_fitting_error_normal            0.061/4624.787 G/G
max_fitting_error_skew              329.441/329.441 G/G
r0_for_relative_multipoles          12 mm
main_monomial                       n = 0, skew:False
                                       Nn(s=0)      Integ_Nn     Nn/N0(@r0)   |    Sn(s=0)      Integ_Sn     Sn/S0(@r0)  
<multipole_order n>                    [T/m^n]      [T.m/m^n]        []       |    [T/m^n]      [T.m/m^n]        []      
n=00:                                5.2375e-01    -2.2820e-01   +1.0000e+00  |      ---           ---           ---     
n=01:                                6.8763e+00    +3.0654e+00   -1.6119e-01  |      ---           ---           ---     
n=02:                                4.4279e+00    +8.1221e-01   -5.1253e-04  |      ---           ---           ---     
n=03:                                5.0679e+01    -3.3283e+01   +2.5203e-04  |      ---           ---           ---     
n=04:                                1.3696e+04    +1.3079e+03   -1.1885e-04  |      ---           ---           ---     
n=05:                                7.1707e+02    +4.7123e+04   -5.1383e-05  |      ---           ---           ---     
n=06:                                7.0881e+07    -7.8275e+06   +1.0242e-04  |      ---           ---           ---     
