--- multipoles on reference trajectory (rz > 0) ---
effective_length:                   434.07863229784965 mm
perpendicular_grid:                 41 points in [-10.000000,+10.000000] mm
max_fitting_error_normal            0.038/3629.223 G/G
max_fitting_error_skew              321.941/321.941 G/G
r0_for_relative_multipoles          12 mm
main_monomial                       n = 0, skew:False
                                       Nn(s=0)      Integ_Nn     Nn/N0(@r0)   |    Sn(s=0)      Integ_Sn     Sn/S0(@r0)  
<multipole_order n>                    [T/m^n]      [T.m/m^n]        []       |    [T/m^n]      [T.m/m^n]        []      
n=00:                                5.2505e-01    -2.2791e-01   +1.0000e+00  |      ---           ---           ---     
n=01:                                6.9078e+00    +3.0599e+00   -1.6111e-01  |      ---           ---           ---     
n=02:                                5.0243e+00    +8.2967e-01   -5.2421e-04  |      ---           ---           ---     
n=03:                                3.7039e+01    -2.8141e+01   +2.1336e-04  |      ---           ---           ---     
n=04:                                1.1138e+04    -3.9770e+03   +3.6184e-04  |      ---           ---           ---     
n=05:                                1.6367e+05    -4.3607e+04   +4.7610e-05  |      ---           ---           ---     
n=06:                                6.9693e+07    +2.2266e+07   -2.9171e-04  |      ---           ---           ---     
