--- multipoles on reference trajectory (rz > 0) ---
effective_length:                   435.87105694335617 mm
perpendicular_grid:                 41 points in [-10.000000,+10.000000] mm
max_fitting_error_normal            0.054/5089.165 G/G
max_fitting_error_skew              356.494/356.494 G/G
r0_for_relative_multipoles          12 mm
main_monomial                       n = 0, skew:False
                                       Nn(s=0)      Integ_Nn     Nn/N0(@r0)   |    Sn(s=0)      Integ_Sn     Sn/S0(@r0)  
<multipole_order n>                    [T/m^n]      [T.m/m^n]        []       |    [T/m^n]      [T.m/m^n]        []      
n=00:                                5.7697e-01    -2.5149e-01   +1.0000e+00  |      ---           ---           ---     
n=01:                                7.5448e+00    +3.3749e+00   -1.6104e-01  |      ---           ---           ---     
n=02:                                6.7137e+00    +1.0953e+00   -6.2718e-04  |      ---           ---           ---     
n=03:                                6.3035e+01    -3.8214e+01   +2.6257e-04  |      ---           ---           ---     
n=04:                                1.5068e+04    -3.5535e+03   +2.9300e-04  |      ---           ---           ---     
n=05:                                2.3491e+04    +4.2416e+03   -4.1969e-06  |      ---           ---           ---     
n=06:                                1.0760e+08    +2.4782e+07   -2.9424e-04  |      ---           ---           ---     
