--- multipoles on reference trajectory (rz > 0) ---
effective_length:                   433.4824445189603 mm
perpendicular_grid:                 41 points in [-10.000000,+10.000000] mm
max_fitting_error_normal            0.025/4857.340 G/G
max_fitting_error_skew              337.629/337.629 G/G
r0_for_relative_multipoles          12 mm
main_monomial                       n = 0, skew:False
                                       Nn(s=0)      Integ_Nn     Nn/N0(@r0)   |    Sn(s=0)      Integ_Sn     Sn/S0(@r0)  
<multipole_order n>                    [T/m^n]      [T.m/m^n]        []       |    [T/m^n]      [T.m/m^n]        []      
n=00:                                5.5255e-01    -2.3952e-01   +1.0000e+00  |      ---           ---           ---     
n=01:                                7.2797e+00    +3.2143e+00   -1.6104e-01  |      ---           ---           ---     
n=02:                                4.5430e+00    +7.3706e-01   -4.4312e-04  |      ---           ---           ---     
n=03:                                2.2021e+00    -1.3549e+01   +9.7747e-05  |      ---           ---           ---     
n=04:                                5.2235e+02    +1.7759e+03   -1.5374e-04  |      ---           ---           ---     
n=05:                                2.9691e+05    -1.0462e+05   +1.0869e-04  |      ---           ---           ---     
n=06:                                9.3403e+06    -1.2262e+07   +1.5286e-04  |      ---           ---           ---     
