--- multipoles on reference trajectory (rz > 0) ---
effective_length:                   434.6265282137623 mm
perpendicular_grid:                 41 points in [-10.000000,+10.000000] mm
max_fitting_error_normal            0.054/6080.845 G/G
max_fitting_error_skew              331.033/331.033 G/G
r0_for_relative_multipoles          12 mm
main_monomial                       n = 0, skew:False
                                       Nn(s=0)      Integ_Nn     Nn/N0(@r0)   |    Sn(s=0)      Integ_Sn     Sn/S0(@r0)  
<multipole_order n>                    [T/m^n]      [T.m/m^n]        []       |    [T/m^n]      [T.m/m^n]        []      
n=00:                                5.2502e-01    -2.2819e-01   +1.0000e+00  |      ---           ---           ---     
n=01:                                6.8625e+00    +3.0585e+00   -1.6084e-01  |      ---           ---           ---     
n=02:                                5.7653e+00    +1.0690e+00   -6.7461e-04  |      ---           ---           ---     
n=03:                                8.7621e+01    -3.9604e+01   +2.9991e-04  |      ---           ---           ---     
n=04:                                3.5406e+03    -2.4947e+03   +2.2670e-04  |      ---           ---           ---     
n=05:                                3.5652e+05    +1.2148e+05   -1.3247e-04  |      ---           ---           ---     
n=06:                                2.3012e+07    +1.0563e+07   -1.3823e-04  |      ---           ---           ---     
