--- multipoles on reference trajectory (rz > 0) ---
effective_length:                   435.3663731029968 mm
perpendicular_grid:                 41 points in [-10.000000,+10.000000] mm
max_fitting_error_normal            0.033/6714.784 G/G
max_fitting_error_skew              355.771/355.771 G/G
r0_for_relative_multipoles          12 mm
main_monomial                       n = 0, skew:False
                                       Nn(s=0)      Integ_Nn     Nn/N0(@r0)   |    Sn(s=0)      Integ_Sn     Sn/S0(@r0)  
<multipole_order n>                    [T/m^n]      [T.m/m^n]        []       |    [T/m^n]      [T.m/m^n]        []      
n=00:                                5.7874e-01    -2.5196e-01   +1.0000e+00  |      ---           ---           ---     
n=01:                                7.5527e+00    +3.3652e+00   -1.6027e-01  |      ---           ---           ---     
n=02:                                5.4369e+00    +9.0806e-01   -5.1897e-04  |      ---           ---           ---     
n=03:                                4.0100e+01    -3.2264e+01   +2.2127e-04  |      ---           ---           ---     
n=04:                                1.3367e+04    -7.8317e+02   +6.4452e-05  |      ---           ---           ---     
n=05:                                7.2648e+04    -3.0252e+03   +2.9875e-06  |      ---           ---           ---     
n=06:                                8.0698e+07    +1.0101e+06   -1.1971e-05  |      ---           ---           ---     
