--- multipoles on reference trajectory (rz > 0) ---
effective_length:                   435.4444449292605 mm
perpendicular_grid:                 41 points in [-10.000000,+10.000000] mm
max_fitting_error_normal            0.055/4625.242 G/G
max_fitting_error_skew              327.754/327.754 G/G
r0_for_relative_multipoles          12 mm
main_monomial                       n = 0, skew:False
                                       Nn(s=0)      Integ_Nn     Nn/N0(@r0)   |    Sn(s=0)      Integ_Sn     Sn/S0(@r0)  
<multipole_order n>                    [T/m^n]      [T.m/m^n]        []       |    [T/m^n]      [T.m/m^n]        []      
n=00:                                5.2388e-01    -2.2812e-01   +1.0000e+00  |      ---           ---           ---     
n=01:                                6.9070e+00    +3.0646e+00   -1.6121e-01  |      ---           ---           ---     
n=02:                                4.8096e+00    +9.0903e-01   -5.7382e-04  |      ---           ---           ---     
n=03:                                4.3159e+01    -2.8840e+01   +2.1846e-04  |      ---           ---           ---     
n=04:                                9.2369e+03    +4.7872e+02   -4.3515e-05  |      ---           ---           ---     
n=05:                                1.3787e+05    +6.0760e+04   -6.6276e-05  |      ---           ---           ---     
n=06:                                5.2608e+07    -1.9925e+06   +2.6081e-05  |      ---           ---           ---     
