--- multipoles on reference trajectory (rz > 0) ---
effective_length:                   432.8086051555044 mm
perpendicular_grid:                 41 points in [-10.000000,+10.000000] mm
max_fitting_error_normal            0.051/4865.390 G/G
max_fitting_error_skew              340.660/340.660 G/G
r0_for_relative_multipoles          12 mm
main_monomial                       n = 0, skew:False
                                       Nn(s=0)      Integ_Nn     Nn/N0(@r0)   |    Sn(s=0)      Integ_Sn     Sn/S0(@r0)  
<multipole_order n>                    [T/m^n]      [T.m/m^n]        []       |    [T/m^n]      [T.m/m^n]        []      
n=00:                                5.5363e-01    -2.3962e-01   +1.0000e+00  |      ---           ---           ---     
n=01:                                7.3182e+00    +3.2146e+00   -1.6098e-01  |      ---           ---           ---     
n=02:                                4.8245e+00    +1.1107e+00   -6.6751e-04  |      ---           ---           ---     
n=03:                                1.4636e+02    -1.9300e+01   +1.3918e-04  |      ---           ---           ---     
n=04:                                1.6892e+04    -6.2950e+03   +5.4476e-04  |      ---           ---           ---     
n=05:                                5.5044e+05    -1.0476e+05   +1.0879e-04  |      ---           ---           ---     
n=06:                                1.0065e+08    +3.2393e+07   -4.0367e-04  |      ---           ---           ---     
