--- multipoles on reference trajectory (rz > 0) ---
effective_length:                   433.7664106993008 mm
perpendicular_grid:                 41 points in [-10.000000,+10.000000] mm
max_fitting_error_normal            0.024/5801.027 G/G
max_fitting_error_skew              334.158/334.158 G/G
r0_for_relative_multipoles          12 mm
main_monomial                       n = 0, skew:False
                                       Nn(s=0)      Integ_Nn     Nn/N0(@r0)   |    Sn(s=0)      Integ_Sn     Sn/S0(@r0)  
<multipole_order n>                    [T/m^n]      [T.m/m^n]        []       |    [T/m^n]      [T.m/m^n]        []      
n=00:                                5.5492e-01    -2.4070e-01   +1.0000e+00  |      ---           ---           ---     
n=01:                                7.3187e+00    +3.2287e+00   -1.6096e-01  |      ---           ---           ---     
n=02:                                4.4290e+00    +8.4038e-01   -5.0275e-04  |      ---           ---           ---     
n=03:                                1.2500e+02    -3.2009e+01   +2.2979e-04  |      ---           ---           ---     
n=04:                                1.8520e+03    -1.0413e+02   +8.9708e-06  |      ---           ---           ---     
n=05:                                4.4708e+05    -8.4677e+02   +8.7536e-07  |      ---           ---           ---     
n=06:                                1.6177e+07    -4.1422e+05   +5.1384e-06  |      ---           ---           ---     
