--- multipoles on reference trajectory (rz > 0) ---
effective_length:                   434.46885427785907 mm
perpendicular_grid:                 41 points in [-10.000000,+10.000000] mm
max_fitting_error_normal            0.036/4883.570 G/G
max_fitting_error_skew              339.710/339.710 G/G
r0_for_relative_multipoles          12 mm
main_monomial                       n = 0, skew:False
                                       Nn(s=0)      Integ_Nn     Nn/N0(@r0)   |    Sn(s=0)      Integ_Sn     Sn/S0(@r0)  
<multipole_order n>                    [T/m^n]      [T.m/m^n]        []       |    [T/m^n]      [T.m/m^n]        []      
n=00:                                5.5494e-01    -2.4110e-01   +1.0000e+00  |      ---           ---           ---     
n=01:                                7.3127e+00    +3.2360e+00   -1.6106e-01  |      ---           ---           ---     
n=02:                                4.3632e+00    +1.0163e+00   -6.0700e-04  |      ---           ---           ---     
n=03:                                3.4931e+01    -3.6847e+01   +2.6409e-04  |      ---           ---           ---     
n=04:                                2.2751e+03    -2.9842e+03   +2.5665e-04  |      ---           ---           ---     
n=05:                                2.2454e+05    +2.2287e+04   -2.3002e-05  |      ---           ---           ---     
n=06:                                1.0034e+07    +1.5240e+07   -1.8874e-04  |      ---           ---           ---     
