--- multipoles on reference trajectory (rz > 0) ---
effective_length:                   433.8496268583899 mm
perpendicular_grid:                 41 points in [-10.000000,+10.000000] mm
max_fitting_error_normal            0.044/5042.423 G/G
max_fitting_error_skew              349.282/349.282 G/G
r0_for_relative_multipoles          12 mm
main_monomial                       n = 0, skew:False
                                       Nn(s=0)      Integ_Nn     Nn/N0(@r0)   |    Sn(s=0)      Integ_Sn     Sn/S0(@r0)  
<multipole_order n>                    [T/m^n]      [T.m/m^n]        []       |    [T/m^n]      [T.m/m^n]        []      
n=00:                                5.7833e-01    -2.5091e-01   +1.0000e+00  |      ---           ---           ---     
n=01:                                7.5925e+00    +3.3696e+00   -1.6115e-01  |      ---           ---           ---     
n=02:                                6.5183e+00    +1.1961e+00   -6.8647e-04  |      ---           ---           ---     
n=03:                                4.4710e+01    -3.5787e+01   +2.4646e-04  |      ---           ---           ---     
n=04:                                1.5693e+04    -3.2749e+03   +2.7065e-04  |      ---           ---           ---     
n=05:                                1.5272e+04    +1.6360e+04   -1.6225e-05  |      ---           ---           ---     
n=06:                                1.1300e+08    +1.9298e+07   -2.2966e-04  |      ---           ---           ---     
