--- multipoles on reference trajectory (rz > 0) ---
effective_length:                   434.4551625012162 mm
perpendicular_grid:                 41 points in [-10.000000,+10.000000] mm
max_fitting_error_normal            0.044/5042.519 G/G
max_fitting_error_skew              349.282/349.282 G/G
r0_for_relative_multipoles          12 mm
main_monomial                       n = 0, skew:False
                                       Nn(s=0)      Integ_Nn     Nn/N0(@r0)   |    Sn(s=0)      Integ_Sn     Sn/S0(@r0)  
<multipole_order n>                    [T/m^n]      [T.m/m^n]        []       |    [T/m^n]      [T.m/m^n]        []      
n=00:                                5.7833e-01    -2.5126e-01   +1.0000e+00  |      ---           ---           ---     
n=01:                                7.5925e+00    +3.3742e+00   -1.6115e-01  |      ---           ---           ---     
n=02:                                6.5183e+00    +1.1991e+00   -6.8723e-04  |      ---           ---           ---     
n=03:                                4.4710e+01    -3.5835e+01   +2.4645e-04  |      ---           ---           ---     
n=04:                                1.5693e+04    -3.2812e+03   +2.7079e-04  |      ---           ---           ---     
n=05:                                1.5272e+04    +1.6398e+04   -1.6240e-05  |      ---           ---           ---     
n=06:                                1.1300e+08    +1.9341e+07   -2.2985e-04  |      ---           ---           ---     
