--- multipoles on reference trajectory (rz > 0) ---
effective_length:                   435.165149130189 mm
perpendicular_grid:                 41 points in [-10.000000,+10.000000] mm
max_fitting_error_normal            0.044/6693.261 G/G
max_fitting_error_skew              367.112/367.112 G/G
r0_for_relative_multipoles          12 mm
main_monomial                       n = 0, skew:False
                                       Nn(s=0)      Integ_Nn     Nn/N0(@r0)   |    Sn(s=0)      Integ_Sn     Sn/S0(@r0)  
<multipole_order n>                    [T/m^n]      [T.m/m^n]        []       |    [T/m^n]      [T.m/m^n]        []      
n=00:                                5.7798e-01    -2.5152e-01   +1.0000e+00  |      ---           ---           ---     
n=01:                                7.5733e+00    +3.3749e+00   -1.6102e-01  |      ---           ---           ---     
n=02:                                6.3942e+00    +1.0284e+00   -5.8876e-04  |      ---           ---           ---     
n=03:                                3.9731e+01    -3.3434e+01   +2.2970e-04  |      ---           ---           ---     
n=04:                                7.9886e+03    -6.8441e+02   +5.6425e-05  |      ---           ---           ---     
n=05:                                1.7203e+05    +1.1138e+04   -1.1019e-05  |      ---           ---           ---     
n=06:                                5.1030e+07    -8.3811e+05   +9.9498e-06  |      ---           ---           ---     
