--- multipoles on reference trajectory (rz > 0) ---
effective_length:                   434.79278300113396 mm
perpendicular_grid:                 41 points in [-10.000000,+10.000000] mm
max_fitting_error_normal            0.036/5102.588 G/G
max_fitting_error_skew              359.440/359.440 G/G
r0_for_relative_multipoles          12 mm
main_monomial                       n = 0, skew:False
                                       Nn(s=0)      Integ_Nn     Nn/N0(@r0)   |    Sn(s=0)      Integ_Sn     Sn/S0(@r0)  
<multipole_order n>                    [T/m^n]      [T.m/m^n]        []       |    [T/m^n]      [T.m/m^n]        []      
n=00:                                5.7653e-01    -2.5067e-01   +1.0000e+00  |      ---           ---           ---     
n=01:                                7.5546e+00    +3.3663e+00   -1.6115e-01  |      ---           ---           ---     
n=02:                                5.4575e+00    +9.3576e-01   -5.3755e-04  |      ---           ---           ---     
n=03:                                1.1048e+02    -5.2398e+01   +3.6121e-04  |      ---           ---           ---     
n=04:                                2.3828e+03    -3.0692e+03   +2.5389e-04  |      ---           ---           ---     
n=05:                                2.8521e+05    +9.5899e+04   -9.5195e-05  |      ---           ---           ---     
n=06:                                6.8806e+05    +1.7533e+07   -2.0885e-04  |      ---           ---           ---     
