--- multipoles on reference trajectory (rz > 0) ---
effective_length:                   435.2277071533951 mm
perpendicular_grid:                 41 points in [-10.000000,+10.000000] mm
max_fitting_error_normal            0.040/4640.540 G/G
max_fitting_error_skew              357.907/357.907 G/G
r0_for_relative_multipoles          12 mm
main_monomial                       n = 0, skew:False
                                       Nn(s=0)      Integ_Nn     Nn/N0(@r0)   |    Sn(s=0)      Integ_Sn     Sn/S0(@r0)  
<multipole_order n>                    [T/m^n]      [T.m/m^n]        []       |    [T/m^n]      [T.m/m^n]        []      
n=00:                                5.7895e-01    -2.5198e-01   +1.0000e+00  |      ---           ---           ---     
n=01:                                7.5934e+00    +3.3764e+00   -1.6080e-01  |      ---           ---           ---     
n=02:                                5.9832e+00    +1.0176e+00   -5.8156e-04  |      ---           ---           ---     
n=03:                                3.7563e+01    -2.7213e+01   +1.8662e-04  |      ---           ---           ---     
n=04:                                8.8498e+03    -4.6422e+01   +3.8203e-06  |      ---           ---           ---     
n=05:                                2.3827e+05    -6.4097e+04   +6.3297e-05  |      ---           ---           ---     
n=06:                                6.7120e+07    +6.7063e+05   -7.9472e-06  |      ---           ---           ---     
