--- multipoles on reference trajectory (rz > 0) ---
effective_length:                   434.46131121944484 mm
perpendicular_grid:                 41 points in [-10.000000,+10.000000] mm
max_fitting_error_normal            0.037/3627.616 G/G
max_fitting_error_skew              339.057/339.057 G/G
r0_for_relative_multipoles          12 mm
main_monomial                       n = 0, skew:False
                                       Nn(s=0)      Integ_Nn     Nn/N0(@r0)   |    Sn(s=0)      Integ_Sn     Sn/S0(@r0)  
<multipole_order n>                    [T/m^n]      [T.m/m^n]        []       |    [T/m^n]      [T.m/m^n]        []      
n=00:                                5.5646e-01    -2.4176e-01   +1.0000e+00  |      ---           ---           ---     
n=01:                                7.2902e+00    +3.2356e+00   -1.6060e-01  |      ---           ---           ---     
n=02:                                5.7732e+00    +9.3568e-01   -5.5731e-04  |      ---           ---           ---     
n=03:                                9.7791e+01    -3.8986e+01   +2.7865e-04  |      ---           ---           ---     
n=04:                                7.3444e+03    +1.5791e+03   -1.3544e-04  |      ---           ---           ---     
n=05:                                2.4526e+05    +8.5916e+03   -8.8429e-06  |      ---           ---           ---     
n=06:                                4.6439e+07    -1.0567e+07   +1.3051e-04  |      ---           ---           ---     
