--- multipoles on reference trajectory (rz > 0) ---
effective_length:                   435.0498526862371 mm
perpendicular_grid:                 41 points in [-10.000000,+10.000000] mm
max_fitting_error_normal            0.033/6380.154 G/G
max_fitting_error_skew              337.864/337.864 G/G
r0_for_relative_multipoles          12 mm
main_monomial                       n = 0, skew:False
                                       Nn(s=0)      Integ_Nn     Nn/N0(@r0)   |    Sn(s=0)      Integ_Sn     Sn/S0(@r0)  
<multipole_order n>                    [T/m^n]      [T.m/m^n]        []       |    [T/m^n]      [T.m/m^n]        []      
n=00:                                5.5128e-01    -2.3983e-01   +1.0000e+00  |      ---           ---           ---     
n=01:                                7.2338e+00    +3.2190e+00   -1.6106e-01  |      ---           ---           ---     
n=02:                                5.1837e+00    +9.7810e-01   -5.8727e-04  |      ---           ---           ---     
n=03:                                5.5133e+01    -1.3833e+01   +9.9669e-05  |      ---           ---           ---     
n=04:                                4.8214e+03    -2.4504e+03   +2.1186e-04  |      ---           ---           ---     
n=05:                                1.2991e+05    -8.9500e+04   +9.2859e-05  |      ---           ---           ---     
n=06:                                3.6120e+07    +1.3138e+07   -1.6357e-04  |      ---           ---           ---     
