--- multipoles on reference trajectory (rz > 0) ---
effective_length:                   435.4460280320815 mm
perpendicular_grid:                 41 points in [-10.000000,+10.000000] mm
max_fitting_error_normal            0.077/4884.932 G/G
max_fitting_error_skew              330.277/330.277 G/G
r0_for_relative_multipoles          12 mm
main_monomial                       n = 0, skew:False
                                       Nn(s=0)      Integ_Nn     Nn/N0(@r0)   |    Sn(s=0)      Integ_Sn     Sn/S0(@r0)  
<multipole_order n>                    [T/m^n]      [T.m/m^n]        []       |    [T/m^n]      [T.m/m^n]        []      
n=00:                                5.5416e-01    -2.4131e-01   +1.0000e+00  |      ---           ---           ---     
n=01:                                7.2746e+00    +3.2361e+00   -1.6093e-01  |      ---           ---           ---     
n=02:                                4.8870e+00    +6.8324e-01   -4.0772e-04  |      ---           ---           ---     
n=03:                                1.7522e+01    -1.4925e+01   +1.0687e-04  |      ---           ---           ---     
n=04:                                4.2825e+03    +2.7001e+03   -2.3202e-04  |      ---           ---           ---     
n=05:                                5.4243e+05    -1.5916e+05   +1.6412e-04  |      ---           ---           ---     
n=06:                                4.5152e+07    -1.2964e+07   +1.6042e-04  |      ---           ---           ---     
