--- multipoles on reference trajectory (rz > 0) ---
effective_length:                   436.19593838344167 mm
perpendicular_grid:                 41 points in [-10.000000,+10.000000] mm
max_fitting_error_normal            0.042/4540.372 G/G
max_fitting_error_skew              318.461/318.461 G/G
r0_for_relative_multipoles          12 mm
main_monomial                       n = 0, skew:False
                                       Nn(s=0)      Integ_Nn     Nn/N0(@r0)   |    Sn(s=0)      Integ_Sn     Sn/S0(@r0)  
<multipole_order n>                    [T/m^n]      [T.m/m^n]        []       |    [T/m^n]      [T.m/m^n]        []      
n=00:                                5.2199e-01    -2.2769e-01   +1.0000e+00  |      ---           ---           ---     
n=01:                                6.8449e+00    +3.0642e+00   -1.6149e-01  |      ---           ---           ---     
n=02:                                5.1750e+00    +1.0109e+00   -6.3930e-04  |      ---           ---           ---     
n=03:                                1.6771e+02    -5.4704e+01   +4.1516e-04  |      ---           ---           ---     
n=04:                                2.2074e+03    -4.8199e+03   +4.3895e-04  |      ---           ---           ---     
n=05:                                7.7265e+05    +1.4962e+05   -1.6351e-04  |      ---           ---           ---     
n=06:                                2.0564e+07    +2.4638e+07   -3.2310e-04  |      ---           ---           ---     
