--- multipoles on reference trajectory (rz > 0) ---
effective_length:                   433.3626326391022 mm
perpendicular_grid:                 41 points in [-10.000000,+10.000000] mm
max_fitting_error_normal            0.044/4594.266 G/G
max_fitting_error_skew              349.303/349.303 G/G
r0_for_relative_multipoles          12 mm
main_monomial                       n = 0, skew:False
                                       Nn(s=0)      Integ_Nn     Nn/N0(@r0)   |    Sn(s=0)      Integ_Sn     Sn/S0(@r0)  
<multipole_order n>                    [T/m^n]      [T.m/m^n]        []       |    [T/m^n]      [T.m/m^n]        []      
n=00:                                5.8246e-01    -2.5242e-01   +1.0000e+00  |      ---           ---           ---     
n=01:                                7.6423e+00    +3.3747e+00   -1.6044e-01  |      ---           ---           ---     
n=02:                                5.2618e+00    +1.0608e+00   -6.0514e-04  |      ---           ---           ---     
n=03:                                8.6749e+00    -2.6837e+01   +1.8372e-04  |      ---           ---           ---     
n=04:                                5.5783e+03    -1.6446e+03   +1.3510e-04  |      ---           ---           ---     
n=05:                                4.1711e+05    -4.7207e+04   +4.6537e-05  |      ---           ---           ---     
n=06:                                6.9695e+07    +1.2645e+07   -1.4958e-04  |      ---           ---           ---     
