--- multipoles on reference trajectory (rz > 0) ---
effective_length:                   437.1209792347247 mm
perpendicular_grid:                 41 points in [-10.000000,+10.000000] mm
max_fitting_error_normal            0.023/6716.016 G/G
max_fitting_error_skew              357.732/357.732 G/G
r0_for_relative_multipoles          12 mm
main_monomial                       n = 0, skew:False
                                       Nn(s=0)      Integ_Nn     Nn/N0(@r0)   |    Sn(s=0)      Integ_Sn     Sn/S0(@r0)  
<multipole_order n>                    [T/m^n]      [T.m/m^n]        []       |    [T/m^n]      [T.m/m^n]        []      
n=00:                                5.7824e-01    -2.5276e-01   +1.0000e+00  |      ---           ---           ---     
n=01:                                7.5262e+00    +3.3769e+00   -1.6032e-01  |      ---           ---           ---     
n=02:                                7.2862e+00    +1.1106e+00   -6.3275e-04  |      ---           ---           ---     
n=03:                                2.6176e+01    -7.1526e+00   +4.8899e-05  |      ---           ---           ---     
n=04:                                7.6460e+03    -5.3179e+02   +4.3627e-05  |      ---           ---           ---     
n=05:                                2.9857e+05    -1.8575e+05   +1.8286e-04  |      ---           ---           ---     
n=06:                                4.3192e+07    -1.7169e+06   +2.0283e-05  |      ---           ---           ---     
