--- multipoles on reference trajectory (rz > 0) ---
effective_length:                   436.88170281216134 mm
perpendicular_grid:                 41 points in [-10.000000,+10.000000] mm
max_fitting_error_normal            0.028/4614.053 G/G
max_fitting_error_skew              329.346/329.346 G/G
r0_for_relative_multipoles          12 mm
main_monomial                       n = 0, skew:False
                                       Nn(s=0)      Integ_Nn     Nn/N0(@r0)   |    Sn(s=0)      Integ_Sn     Sn/S0(@r0)  
<multipole_order n>                    [T/m^n]      [T.m/m^n]        []       |    [T/m^n]      [T.m/m^n]        []      
n=00:                                5.2328e-01    -2.2861e-01   +1.0000e+00  |      ---           ---           ---     
n=01:                                6.8653e+00    +3.0729e+00   -1.6130e-01  |      ---           ---           ---     
n=02:                                5.6672e+00    +1.0557e+00   -6.6501e-04  |      ---           ---           ---     
n=03:                                8.8919e+01    -2.5767e+01   +1.9477e-04  |      ---           ---           ---     
n=04:                                1.9950e+03    -2.2517e+03   +2.0424e-04  |      ---           ---           ---     
n=05:                                3.6873e+05    +1.2759e+04   -1.3888e-05  |      ---           ---           ---     
n=06:                                1.3999e+07    +7.7166e+06   -1.0079e-04  |      ---           ---           ---     
