--- multipoles on reference trajectory (rz > 0) ---
effective_length:                   435.55836787742305 mm
perpendicular_grid:                 41 points in [-10.000000,+10.000000] mm
max_fitting_error_normal            0.048/6715.267 G/G
max_fitting_error_skew              362.761/362.761 G/G
r0_for_relative_multipoles          12 mm
main_monomial                       n = 0, skew:False
                                       Nn(s=0)      Integ_Nn     Nn/N0(@r0)   |    Sn(s=0)      Integ_Sn     Sn/S0(@r0)  
<multipole_order n>                    [T/m^n]      [T.m/m^n]        []       |    [T/m^n]      [T.m/m^n]        []      
n=00:                                5.7919e-01    -2.5227e-01   +1.0000e+00  |      ---           ---           ---     
n=01:                                7.6009e+00    +3.3760e+00   -1.6059e-01  |      ---           ---           ---     
n=02:                                5.9051e+00    +1.2257e+00   -6.9965e-04  |      ---           ---           ---     
n=03:                                5.4943e+01    -2.9861e+01   +2.0454e-04  |      ---           ---           ---     
n=04:                                8.5072e+03    -6.2030e+02   +5.0987e-05  |      ---           ---           ---     
n=05:                                1.3327e+05    +4.6104e+04   -4.5475e-05  |      ---           ---           ---     
n=06:                                5.4867e+07    -1.5148e+06   +1.7930e-05  |      ---           ---           ---     
