--- multipoles on reference trajectory (rz > 0) ---
effective_length:                   435.2504743076495 mm
perpendicular_grid:                 41 points in [-10.000000,+10.000000] mm
max_fitting_error_normal            0.024/5105.013 G/G
max_fitting_error_skew              351.535/351.535 G/G
r0_for_relative_multipoles          12 mm
main_monomial                       n = 0, skew:False
                                       Nn(s=0)      Integ_Nn     Nn/N0(@r0)   |    Sn(s=0)      Integ_Sn     Sn/S0(@r0)  
<multipole_order n>                    [T/m^n]      [T.m/m^n]        []       |    [T/m^n]      [T.m/m^n]        []      
n=00:                                5.8019e-01    -2.5253e-01   +1.0000e+00  |      ---           ---           ---     
n=01:                                7.6035e+00    +3.3810e+00   -1.6066e-01  |      ---           ---           ---     
n=02:                                6.1391e+00    +1.1560e+00   -6.5917e-04  |      ---           ---           ---     
n=03:                                3.0884e+00    -3.0174e+01   +2.0647e-04  |      ---           ---           ---     
n=04:                                1.9077e+03    +8.0922e+02   -6.6448e-05  |      ---           ---           ---     
n=05:                                4.0832e+05    +2.4839e+04   -2.4475e-05  |      ---           ---           ---     
n=06:                                1.3320e+07    -5.2147e+06   +6.1660e-05  |      ---           ---           ---     
