--- multipoles on reference trajectory (rz > 0) ---
effective_length:                   437.0066879442029 mm
perpendicular_grid:                 41 points in [-10.000000,+10.000000] mm
max_fitting_error_normal            0.061/4093.599 G/G
max_fitting_error_skew              350.460/350.460 G/G
r0_for_relative_multipoles          12 mm
main_monomial                       n = 0, skew:False
                                       Nn(s=0)      Integ_Nn     Nn/N0(@r0)   |    Sn(s=0)      Integ_Sn     Sn/S0(@r0)  
<multipole_order n>                    [T/m^n]      [T.m/m^n]        []       |    [T/m^n]      [T.m/m^n]        []      
n=00:                                5.7826e-01    -2.5270e-01   +1.0000e+00  |      ---           ---           ---     
n=01:                                7.5269e+00    +3.3746e+00   -1.6025e-01  |      ---           ---           ---     
n=02:                                7.1099e+00    +1.0330e+00   -5.8867e-04  |      ---           ---           ---     
n=03:                                1.8018e+01    -7.4767e+00   +5.1126e-05  |      ---           ---           ---     
n=04:                                2.3246e+04    -7.6015e+02   +6.2375e-05  |      ---           ---           ---     
n=05:                                5.0796e+05    -1.4148e+05   +1.3931e-04  |      ---           ---           ---     
n=06:                                1.5291e+08    +1.9646e+06   -2.3214e-05  |      ---           ---           ---     
