--- multipoles on reference trajectory (rz > 0) ---
effective_length:                   437.0463302079254 mm
perpendicular_grid:                 41 points in [-10.000000,+10.000000] mm
max_fitting_error_normal            0.029/4888.735 G/G
max_fitting_error_skew              340.905/340.905 G/G
r0_for_relative_multipoles          12 mm
main_monomial                       n = 0, skew:False
                                       Nn(s=0)      Integ_Nn     Nn/N0(@r0)   |    Sn(s=0)      Integ_Sn     Sn/S0(@r0)  
<multipole_order n>                    [T/m^n]      [T.m/m^n]        []       |    [T/m^n]      [T.m/m^n]        []      
n=00:                                5.5183e-01    -2.4117e-01   +1.0000e+00  |      ---           ---           ---     
n=01:                                7.2138e+00    +3.2353e+00   -1.6098e-01  |      ---           ---           ---     
n=02:                                6.7555e+00    +8.8020e-01   -5.2555e-04  |      ---           ---           ---     
n=03:                                2.5030e+01    -4.5514e+00   +3.2610e-05  |      ---           ---           ---     
n=04:                                1.2466e+04    -8.1663e+02   +7.0213e-05  |      ---           ---           ---     
n=05:                                4.3227e+05    -1.6151e+05   +1.6664e-04  |      ---           ---           ---     
n=06:                                7.8101e+07    +5.7642e+06   -7.1367e-05  |      ---           ---           ---     
