--- multipoles on reference trajectory (rz > 0) ---
effective_length:                   436.3042932294249 mm
perpendicular_grid:                 41 points in [-10.000000,+10.000000] mm
max_fitting_error_normal            0.066/6394.178 G/G
max_fitting_error_skew              336.844/336.844 G/G
r0_for_relative_multipoles          12 mm
main_monomial                       n = 0, skew:False
                                       Nn(s=0)      Integ_Nn     Nn/N0(@r0)   |    Sn(s=0)      Integ_Sn     Sn/S0(@r0)  
<multipole_order n>                    [T/m^n]      [T.m/m^n]        []       |    [T/m^n]      [T.m/m^n]        []      
n=00:                                5.5126e-01    -2.4052e-01   +1.0000e+00  |      ---           ---           ---     
n=01:                                7.1854e+00    +3.2192e+00   -1.6061e-01  |      ---           ---           ---     
n=02:                                6.2234e+00    +9.5667e-01   -5.7277e-04  |      ---           ---           ---     
n=03:                                7.4205e+01    -8.2148e+00   +5.9019e-05  |      ---           ---           ---     
n=04:                                1.3566e+04    -2.6643e+03   +2.2970e-04  |      ---           ---           ---     
n=05:                                8.4411e+04    -1.8355e+05   +1.8990e-04  |      ---           ---           ---     
n=06:                                8.8766e+07    +1.7354e+07   -2.1545e-04  |      ---           ---           ---     
