--- multipoles on reference trajectory (rz > 0) ---
effective_length:                   434.8232467091334 mm
perpendicular_grid:                 41 points in [-10.000000,+10.000000] mm
max_fitting_error_normal            0.038/4878.217 G/G
max_fitting_error_skew              345.511/345.511 G/G
r0_for_relative_multipoles          12 mm
main_monomial                       n = 0, skew:False
                                       Nn(s=0)      Integ_Nn     Nn/N0(@r0)   |    Sn(s=0)      Integ_Sn     Sn/S0(@r0)  
<multipole_order n>                    [T/m^n]      [T.m/m^n]        []       |    [T/m^n]      [T.m/m^n]        []      
n=00:                                5.5303e-01    -2.4047e-01   +1.0000e+00  |      ---           ---           ---     
n=01:                                7.2512e+00    +3.2199e+00   -1.6068e-01  |      ---           ---           ---     
n=02:                                5.0494e+00    +7.6908e-01   -4.6054e-04  |      ---           ---           ---     
n=03:                                1.9617e+01    -8.8861e+00   +6.3855e-05  |      ---           ---           ---     
n=04:                                4.1320e+03    +4.0739e+03   -3.5129e-04  |      ---           ---           ---     
n=05:                                4.4725e+05    -1.3724e+05   +1.4201e-04  |      ---           ---           ---     
n=06:                                2.2574e+07    -2.0558e+07   +2.5527e-04  |      ---           ---           ---     
