--- multipoles on reference trajectory (rz > 0) ---
effective_length:                   435.9410053301835 mm
perpendicular_grid:                 41 points in [-10.000000,+10.000000] mm
max_fitting_error_normal            0.029/4096.848 G/G
max_fitting_error_skew              313.614/313.614 G/G
r0_for_relative_multipoles          12 mm
main_monomial                       n = 0, skew:False
                                       Nn(s=0)      Integ_Nn     Nn/N0(@r0)   |    Sn(s=0)      Integ_Sn     Sn/S0(@r0)  
<multipole_order n>                    [T/m^n]      [T.m/m^n]        []       |    [T/m^n]      [T.m/m^n]        []      
n=00:                                5.2319e-01    -2.2808e-01   +1.0000e+00  |      ---           ---           ---     
n=01:                                6.8599e+00    +3.0628e+00   -1.6114e-01  |      ---           ---           ---     
n=02:                                5.2036e+00    +7.4006e-01   -4.6724e-04  |      ---           ---           ---     
n=03:                                6.8599e+01    -2.1066e+01   +1.5960e-04  |      ---           ---           ---     
n=04:                                3.5702e+03    -7.0928e+02   +6.4484e-05  |      ---           ---           ---     
n=05:                                1.3062e+05    -5.2866e+04   +5.7676e-05  |      ---           ---           ---     
n=06:                                3.0348e+07    +5.2577e+06   -6.8832e-05  |      ---           ---           ---     
