--- multipoles on reference trajectory (rz > 0) ---
effective_length:                   434.86395082833644 mm
perpendicular_grid:                 41 points in [-10.000000,+10.000000] mm
max_fitting_error_normal            0.049/6421.256 G/G
max_fitting_error_skew              345.332/345.332 G/G
r0_for_relative_multipoles          12 mm
main_monomial                       n = 0, skew:False
                                       Nn(s=0)      Integ_Nn     Nn/N0(@r0)   |    Sn(s=0)      Integ_Sn     Sn/S0(@r0)  
<multipole_order n>                    [T/m^n]      [T.m/m^n]        []       |    [T/m^n]      [T.m/m^n]        []      
n=00:                                5.5460e-01    -2.4117e-01   +1.0000e+00  |      ---           ---           ---     
n=01:                                7.2892e+00    +3.2356e+00   -1.6099e-01  |      ---           ---           ---     
n=02:                                6.5060e+00    +1.2397e+00   -7.4019e-04  |      ---           ---           ---     
n=03:                                6.5562e+01    -2.2155e+01   +1.5874e-04  |      ---           ---           ---     
n=04:                                2.1148e+04    -4.4861e+03   +3.8571e-04  |      ---           ---           ---     
n=05:                                5.9542e+04    -7.8001e+04   +8.0478e-05  |      ---           ---           ---     
n=06:                                1.2990e+08    +2.5586e+07   -3.1678e-04  |      ---           ---           ---     
