--- multipoles on reference trajectory (rz > 0) ---
effective_length:                   435.6290371010941 mm
perpendicular_grid:                 41 points in [-10.000000,+10.000000] mm
max_fitting_error_normal            0.055/4858.407 G/G
max_fitting_error_skew              334.439/334.439 G/G
r0_for_relative_multipoles          12 mm
main_monomial                       n = 0, skew:False
                                       Nn(s=0)      Integ_Nn     Nn/N0(@r0)   |    Sn(s=0)      Integ_Sn     Sn/S0(@r0)  
<multipole_order n>                    [T/m^n]      [T.m/m^n]        []       |    [T/m^n]      [T.m/m^n]        []      
n=00:                                5.5117e-01    -2.4011e-01   +1.0000e+00  |      ---           ---           ---     
n=01:                                7.2477e+00    +3.2259e+00   -1.6122e-01  |      ---           ---           ---     
n=02:                                5.2626e+00    +9.7476e-01   -5.8460e-04  |      ---           ---           ---     
n=03:                                8.5788e+01    -2.8728e+01   +2.0675e-04  |      ---           ---           ---     
n=04:                                5.5997e+02    +1.1243e+02   -9.7098e-06  |      ---           ---           ---     
n=05:                                2.0629e+05    -3.5392e+04   +3.6679e-05  |      ---           ---           ---     
n=06:                                2.0683e+07    -1.6772e+06   +2.0857e-05  |      ---           ---           ---     
