--- multipoles on reference trajectory (rz > 0) ---
effective_length:                   434.17476263397936 mm
perpendicular_grid:                 41 points in [-10.000000,+10.000000] mm
max_fitting_error_normal            0.043/6392.088 G/G
max_fitting_error_skew              356.433/356.433 G/G
r0_for_relative_multipoles          12 mm
main_monomial                       n = 0, skew:False
                                       Nn(s=0)      Integ_Nn     Nn/N0(@r0)   |    Sn(s=0)      Integ_Sn     Sn/S0(@r0)  
<multipole_order n>                    [T/m^n]      [T.m/m^n]        []       |    [T/m^n]      [T.m/m^n]        []      
n=00:                                5.5147e-01    -2.3943e-01   +1.0000e+00  |      ---           ---           ---     
n=01:                                7.2497e+00    +3.2121e+00   -1.6098e-01  |      ---           ---           ---     
n=02:                                4.1803e+00    +5.4257e-01   -3.2631e-04  |      ---           ---           ---     
n=03:                                3.6793e+01    -4.2438e+01   +3.0627e-04  |      ---           ---           ---     
n=04:                                1.5464e+04    +6.5795e+03   -5.6982e-04  |      ---           ---           ---     
n=05:                                5.7067e+05    +8.5106e+04   -8.8446e-05  |      ---           ---           ---     
n=06:                                8.5041e+07    -3.7119e+07   +4.6291e-04  |      ---           ---           ---     
