--- multipoles on reference trajectory (rz > 0) ---
effective_length:                   434.4042770500438 mm
perpendicular_grid:                 41 points in [-10.000000,+10.000000] mm
max_fitting_error_normal            0.055/4850.905 G/G
max_fitting_error_skew              332.459/332.459 G/G
r0_for_relative_multipoles          12 mm
main_monomial                       n = 0, skew:False
                                       Nn(s=0)      Integ_Nn     Nn/N0(@r0)   |    Sn(s=0)      Integ_Sn     Sn/S0(@r0)  
<multipole_order n>                    [T/m^n]      [T.m/m^n]        []       |    [T/m^n]      [T.m/m^n]        []      
n=00:                                5.5117e-01    -2.3943e-01   +1.0000e+00  |      ---           ---           ---     
n=01:                                7.2477e+00    +3.2188e+00   -1.6132e-01  |      ---           ---           ---     
n=02:                                5.2626e+00    +1.0159e+00   -6.1099e-04  |      ---           ---           ---     
n=03:                                8.5788e+01    -2.5069e+01   +1.8093e-04  |      ---           ---           ---     
n=04:                                5.5997e+02    -2.1448e+03   +1.8575e-04  |      ---           ---           ---     
n=05:                                2.0629e+05    -5.7546e+04   +5.9805e-05  |      ---           ---           ---     
n=06:                                2.0683e+07    +1.1902e+07   -1.4843e-04  |      ---           ---           ---     
