--- multipoles on reference trajectory (rz > 0) ---
effective_length:                   436.2137237332839 mm
perpendicular_grid:                 41 points in [-10.000000,+10.000000] mm
max_fitting_error_normal            0.042/4545.155 G/G
max_fitting_error_skew              318.760/318.760 G/G
r0_for_relative_multipoles          12 mm
main_monomial                       n = 0, skew:False
                                       Nn(s=0)      Integ_Nn     Nn/N0(@r0)   |    Sn(s=0)      Integ_Sn     Sn/S0(@r0)  
<multipole_order n>                    [T/m^n]      [T.m/m^n]        []       |    [T/m^n]      [T.m/m^n]        []      
n=00:                                5.2248e-01    -2.2791e-01   +1.0000e+00  |      ---           ---           ---     
n=01:                                6.8441e+00    +3.0640e+00   -1.6133e-01  |      ---           ---           ---     
n=02:                                5.2260e+00    +1.0244e+00   -6.4724e-04  |      ---           ---           ---     
n=03:                                1.6772e+02    -5.3649e+01   +4.0676e-04  |      ---           ---           ---     
n=04:                                3.0203e+03    -4.9305e+03   +4.4859e-04  |      ---           ---           ---     
n=05:                                7.7091e+05    +1.4261e+05   -1.5571e-04  |      ---           ---           ---     
n=06:                                2.5045e+07    +2.5127e+07   -3.2920e-04  |      ---           ---           ---     
