--- multipoles on reference trajectory (rz > 0) ---
effective_length:                   434.6392120298653 mm
perpendicular_grid:                 41 points in [-10.000000,+10.000000] mm
max_fitting_error_normal            0.055/6406.475 G/G
max_fitting_error_skew              348.811/348.811 G/G
r0_for_relative_multipoles          12 mm
main_monomial                       n = 0, skew:False
                                       Nn(s=0)      Integ_Nn     Nn/N0(@r0)   |    Sn(s=0)      Integ_Sn     Sn/S0(@r0)  
<multipole_order n>                    [T/m^n]      [T.m/m^n]        []       |    [T/m^n]      [T.m/m^n]        []      
n=00:                                5.5226e-01    -2.4003e-01   +1.0000e+00  |      ---           ---           ---     
n=01:                                7.2450e+00    +3.2301e+00   -1.6148e-01  |      ---           ---           ---     
n=02:                                6.1745e+00    +1.1397e+00   -6.8373e-04  |      ---           ---           ---     
n=03:                                2.8601e+01    -3.6660e+01   +2.6391e-04  |      ---           ---           ---     
n=04:                                2.3865e+03    -1.1892e+03   +1.0273e-04  |      ---           ---           ---     
n=05:                                2.1272e+05    +6.1351e+04   -6.3599e-05  |      ---           ---           ---     
n=06:                                3.0195e+07    +7.8903e+05   -9.8154e-06  |      ---           ---           ---     
