--- multipoles on reference trajectory (rz > 0) ---
effective_length:                   436.87596579589996 mm
perpendicular_grid:                 41 points in [-10.000000,+10.000000] mm
max_fitting_error_normal            0.060/3542.433 G/G
max_fitting_error_skew              315.734/315.734 G/G
r0_for_relative_multipoles          12 mm
main_monomial                       n = 0, skew:False
                                       Nn(s=0)      Integ_Nn     Nn/N0(@r0)   |    Sn(s=0)      Integ_Sn     Sn/S0(@r0)  
<multipole_order n>                    [T/m^n]      [T.m/m^n]        []       |    [T/m^n]      [T.m/m^n]        []      
n=00:                                5.2248e-01    -2.2826e-01   +1.0000e+00  |      ---           ---           ---     
n=01:                                6.8441e+00    +3.0642e+00   -1.6109e-01  |      ---           ---           ---     
n=02:                                5.2260e+00    +7.2853e-01   -4.5960e-04  |      ---           ---           ---     
n=03:                                1.6772e+02    -4.1685e+01   +3.1557e-04  |      ---           ---           ---     
n=04:                                3.0203e+03    +5.6417e+02   -5.1252e-05  |      ---           ---           ---     
n=05:                                7.7091e+05    +5.4270e+04   -5.9161e-05  |      ---           ---           ---     
n=06:                                2.5045e+07    -4.8299e+06   +6.3183e-05  |      ---           ---           ---     
