--- multipoles on reference trajectory (rz > 0) ---
effective_length:                   435.64582344964924 mm
perpendicular_grid:                 41 points in [-10.000000,+10.000000] mm
max_fitting_error_normal            0.029/6372.987 G/G
max_fitting_error_skew              338.471/338.471 G/G
r0_for_relative_multipoles          12 mm
main_monomial                       n = 0, skew:False
                                       Nn(s=0)      Integ_Nn     Nn/N0(@r0)   |    Sn(s=0)      Integ_Sn     Sn/S0(@r0)  
<multipole_order n>                    [T/m^n]      [T.m/m^n]        []       |    [T/m^n]      [T.m/m^n]        []      
n=00:                                5.4988e-01    -2.3955e-01   +1.0000e+00  |      ---           ---           ---     
n=01:                                7.2235e+00    +3.2162e+00   -1.6111e-01  |      ---           ---           ---     
n=02:                                5.9429e+00    +7.5399e-01   -4.5324e-04  |      ---           ---           ---     
n=03:                                3.2149e+01    -2.0883e+00   +1.5064e-05  |      ---           ---           ---     
n=04:                                1.3336e+04    +1.4358e+03   -1.2428e-04  |      ---           ---           ---     
n=05:                                4.5408e+05    -1.7752e+05   +1.8440e-04  |      ---           ---           ---     
n=06:                                7.2309e+07    -8.6787e+06   +1.0818e-04  |      ---           ---           ---     
