--- multipoles on reference trajectory (rz > 0) ---
effective_length:                   435.06601801603307 mm
perpendicular_grid:                 41 points in [-10.000000,+10.000000] mm
max_fitting_error_normal            0.071/5100.559 G/G
max_fitting_error_skew              355.145/355.145 G/G
r0_for_relative_multipoles          12 mm
main_monomial                       n = 0, skew:False
                                       Nn(s=0)      Integ_Nn     Nn/N0(@r0)   |    Sn(s=0)      Integ_Sn     Sn/S0(@r0)  
<multipole_order n>                    [T/m^n]      [T.m/m^n]        []       |    [T/m^n]      [T.m/m^n]        []      
n=00:                                5.7850e-01    -2.5169e-01   +1.0000e+00  |      ---           ---           ---     
n=01:                                7.5855e+00    +3.3757e+00   -1.6095e-01  |      ---           ---           ---     
n=02:                                6.1772e+00    +1.0865e+00   -6.2164e-04  |      ---           ---           ---     
n=03:                                1.1919e+02    -2.2170e+01   +1.5221e-04  |      ---           ---           ---     
n=04:                                1.5017e+04    -5.8776e+02   +4.8425e-05  |      ---           ---           ---     
n=05:                                3.8796e+05    -1.3633e+05   +1.3478e-04  |      ---           ---           ---     
n=06:                                1.0573e+08    +2.2431e+06   -2.6612e-05  |      ---           ---           ---     
