--- multipoles on reference trajectory (rz > 0) ---
effective_length:                   435.9684174816635 mm
perpendicular_grid:                 41 points in [-10.000000,+10.000000] mm
max_fitting_error_normal            0.038/6386.425 G/G
max_fitting_error_skew              330.332/330.332 G/G
r0_for_relative_multipoles          12 mm
main_monomial                       n = 0, skew:False
                                       Nn(s=0)      Integ_Nn     Nn/N0(@r0)   |    Sn(s=0)      Integ_Sn     Sn/S0(@r0)  
<multipole_order n>                    [T/m^n]      [T.m/m^n]        []       |    [T/m^n]      [T.m/m^n]        []      
n=00:                                5.5036e-01    -2.3994e-01   +1.0000e+00  |      ---           ---           ---     
n=01:                                7.2043e+00    +3.2189e+00   -1.6099e-01  |      ---           ---           ---     
n=02:                                6.6103e+00    +1.1624e+00   -6.9763e-04  |      ---           ---           ---     
n=03:                                1.2438e+01    -1.2534e+01   +9.0264e-05  |      ---           ---           ---     
n=04:                                1.4948e+04    -5.3827e+03   +4.6518e-04  |      ---           ---           ---     
n=05:                                4.1510e+05    -1.1757e+05   +1.2192e-04  |      ---           ---           ---     
n=06:                                8.0809e+07    +3.0461e+07   -3.7908e-04  |      ---           ---           ---     
