--- multipoles on reference trajectory (rz > 0) ---
effective_length:                   426.0068602357532 mm
perpendicular_grid:                 41 points in [-10.000000,+10.000000] mm
max_fitting_error_normal            0.021/4650.979 G/G
max_fitting_error_skew              0.000/0.000 G/G
r0_for_relative_multipoles          12 mm
main_monomial                       n = 0, skew:False
                                       Nn(s=0)      Integ_Nn     Nn/N0(@r0)   |    Sn(s=0)      Integ_Sn     Sn/S0(@r0)  
<multipole_order n>                    [T/m^n]      [T.m/m^n]        []       |    [T/m^n]      [T.m/m^n]        []      
n=00:                                5.6046e-01    -2.4061e-01   +1.0000e+00  |      ---           ---           ---     
n=01:                                7.0405e+00    +3.2342e+00   -1.6130e-01  |      ---           ---           ---     
n=02:                                3.5124e+01    +2.1252e-01   -1.2719e-04  |      ---           ---           ---     
n=03:                                1.1733e+03    -1.2379e+02   +8.8900e-04  |      ---           ---           ---     
n=04:                                9.4350e+03    -1.8937e+03   +1.6320e-04  |      ---           ---           ---     
n=05:                                6.1653e+05    +2.2395e+03   -2.3160e-06  |      ---           ---           ---     
n=06:                                4.8627e+06    +9.5820e+05   -1.1891e-05  |      ---           ---           ---     
