--- multipoles on reference trajectory (rz > 0) ---
effective_length:                   433.341562471643 mm
perpendicular_grid:                 41 points in [-10.000000,+10.000000] mm
max_fitting_error_normal            0.044/5790.767 G/G
max_fitting_error_skew              332.495/332.495 G/G
r0_for_relative_multipoles          12 mm
main_monomial                       n = 0, skew:False
                                       Nn(s=0)      Integ_Nn     Nn/N0(@r0)   |    Sn(s=0)      Integ_Sn     Sn/S0(@r0)  
<multipole_order n>                    [T/m^n]      [T.m/m^n]        []       |    [T/m^n]      [T.m/m^n]        []      
n=00:                                5.5520e-01    -2.4059e-01   +1.0000e+00  |      ---           ---           ---     
n=01:                                7.2890e+00    +3.2180e+00   -1.6051e-01  |      ---           ---           ---     
n=02:                                3.9506e+00    +9.7352e-01   -5.8267e-04  |      ---           ---           ---     
n=03:                                2.5270e+01    -3.0906e+01   +2.2198e-04  |      ---           ---           ---     
n=04:                                2.7041e+04    -2.6153e+02   +2.2541e-05  |      ---           ---           ---     
n=05:                                4.3250e+05    +3.1225e+04   -3.2294e-05  |      ---           ---           ---     
n=06:                                1.5421e+08    +3.0098e+06   -3.7354e-05  |      ---           ---           ---     
