--- multipoles on reference trajectory (rz > 0) ---
effective_length:                   435.63991010990117 mm
perpendicular_grid:                 41 points in [-10.000000,+10.000000] mm
max_fitting_error_normal            0.036/4826.815 G/G
max_fitting_error_skew              343.387/343.387 G/G
r0_for_relative_multipoles          12 mm
main_monomial                       n = 0, skew:False
                                       Nn(s=0)      Integ_Nn     Nn/N0(@r0)   |    Sn(s=0)      Integ_Sn     Sn/S0(@r0)  
<multipole_order n>                    [T/m^n]      [T.m/m^n]        []       |    [T/m^n]      [T.m/m^n]        []      
n=00:                                5.5057e-01    -2.3985e-01   +1.0000e+00  |      ---           ---           ---     
n=01:                                7.2296e+00    +3.2229e+00   -1.6125e-01  |      ---           ---           ---     
n=02:                                5.1607e+00    +9.6017e-01   -5.7646e-04  |      ---           ---           ---     
n=03:                                4.7860e+00    -4.5603e+01   +3.2855e-04  |      ---           ---           ---     
n=04:                                4.0845e+03    -1.2502e+03   +1.0808e-04  |      ---           ---           ---     
n=05:                                4.7135e+05    +2.3355e+04   -2.4230e-05  |      ---           ---           ---     
n=06:                                1.1778e+07    +6.7116e+06   -8.3555e-05  |      ---           ---           ---     
