--- multipoles on reference trajectory (rz > 0) ---
effective_length:                   435.550092955622 mm
perpendicular_grid:                 41 points in [-10.000000,+10.000000] mm
max_fitting_error_normal            0.039/4190.123 G/G
max_fitting_error_skew              334.272/334.272 G/G
r0_for_relative_multipoles          12 mm
main_monomial                       n = 0, skew:False
                                       Nn(s=0)      Integ_Nn     Nn/N0(@r0)   |    Sn(s=0)      Integ_Sn     Sn/S0(@r0)  
<multipole_order n>                    [T/m^n]      [T.m/m^n]        []       |    [T/m^n]      [T.m/m^n]        []      
n=00:                                5.5284e-01    -2.4079e-01   +1.0000e+00  |      ---           ---           ---     
n=01:                                7.2603e+00    +3.2372e+00   -1.6133e-01  |      ---           ---           ---     
n=02:                                5.3744e+00    +9.3348e-01   -5.5825e-04  |      ---           ---           ---     
n=03:                                5.8440e+00    -4.1324e+01   +2.9655e-04  |      ---           ---           ---     
n=04:                                8.7340e+02    +2.2487e+02   -1.9365e-05  |      ---           ---           ---     
n=05:                                2.5495e+05    +6.6452e+04   -6.8671e-05  |      ---           ---           ---     
n=06:                                1.4800e+07    -1.1561e+06   +1.4336e-05  |      ---           ---           ---     
