--- multipoles on reference trajectory (rz > 0) ---
effective_length:                   433.4474390621514 mm
perpendicular_grid:                 41 points in [-10.000000,+10.000000] mm
max_fitting_error_normal            0.034/4640.327 G/G
max_fitting_error_skew              321.524/321.524 G/G
r0_for_relative_multipoles          12 mm
main_monomial                       n = 0, skew:False
                                       Nn(s=0)      Integ_Nn     Nn/N0(@r0)   |    Sn(s=0)      Integ_Sn     Sn/S0(@r0)  
<multipole_order n>                    [T/m^n]      [T.m/m^n]        []       |    [T/m^n]      [T.m/m^n]        []      
n=00:                                5.2715e-01    -2.2849e-01   +1.0000e+00  |      ---           ---           ---     
n=01:                                6.9311e+00    +3.0588e+00   -1.6064e-01  |      ---           ---           ---     
n=02:                                4.6040e+00    +9.1730e-01   -5.7810e-04  |      ---           ---           ---     
n=03:                                1.4153e+02    -5.4075e+01   +4.0895e-04  |      ---           ---           ---     
n=04:                                8.6204e+03    -3.0607e+03   +2.7776e-04  |      ---           ---           ---     
n=05:                                5.2699e+05    +1.3338e+05   -1.4525e-04  |      ---           ---           ---     
n=06:                                5.5612e+07    +1.5153e+07   -1.9803e-04  |      ---           ---           ---     
