--- multipoles on reference trajectory (rz > 0) ---
effective_length:                   435.69204627286445 mm
perpendicular_grid:                 41 points in [-10.000000,+10.000000] mm
max_fitting_error_normal            0.038/4895.336 G/G
max_fitting_error_skew              339.920/339.920 G/G
r0_for_relative_multipoles          12 mm
main_monomial                       n = 0, skew:False
                                       Nn(s=0)      Integ_Nn     Nn/N0(@r0)   |    Sn(s=0)      Integ_Sn     Sn/S0(@r0)  
<multipole_order n>                    [T/m^n]      [T.m/m^n]        []       |    [T/m^n]      [T.m/m^n]        []      
n=00:                                5.5370e-01    -2.4124e-01   +1.0000e+00  |      ---           ---           ---     
n=01:                                7.2394e+00    +3.2345e+00   -1.6089e-01  |      ---           ---           ---     
n=02:                                5.7236e+00    +9.4149e-01   -5.6199e-04  |      ---           ---           ---     
n=03:                                3.5834e+01    -3.8531e+01   +2.7599e-04  |      ---           ---           ---     
n=04:                                3.9130e+03    -4.0230e+02   +3.4580e-05  |      ---           ---           ---     
n=05:                                3.2392e+05    +1.3736e+04   -1.4168e-05  |      ---           ---           ---     
n=06:                                4.3267e+07    +2.8437e+06   -3.5199e-05  |      ---           ---           ---     
