--- multipoles on reference trajectory (rz > 0) ---
effective_length:                   435.1056754650975 mm
perpendicular_grid:                 41 points in [-10.000000,+10.000000] mm
max_fitting_error_normal            0.042/5796.114 G/G
max_fitting_error_skew              343.682/343.682 G/G
r0_for_relative_multipoles          12 mm
main_monomial                       n = 0, skew:False
                                       Nn(s=0)      Integ_Nn     Nn/N0(@r0)   |    Sn(s=0)      Integ_Sn     Sn/S0(@r0)  
<multipole_order n>                    [T/m^n]      [T.m/m^n]        []       |    [T/m^n]      [T.m/m^n]        []      
n=00:                                5.5295e-01    -2.4059e-01   +1.0000e+00  |      ---           ---           ---     
n=01:                                7.2738e+00    +3.2361e+00   -1.6141e-01  |      ---           ---           ---     
n=02:                                5.7289e+00    +1.3440e+00   -8.0444e-04  |      ---           ---           ---     
n=03:                                1.2113e+02    -3.8166e+01   +2.7412e-04  |      ---           ---           ---     
n=04:                                2.3295e+03    -5.6948e+03   +4.9082e-04  |      ---           ---           ---     
n=05:                                4.5861e+05    +7.8244e+04   -8.0925e-05  |      ---           ---           ---     
n=06:                                1.1722e+07    +2.7307e+07   -3.3891e-04  |      ---           ---           ---     
