--- multipoles on reference trajectory (rz > 0) ---
effective_length:                   435.1848488649075 mm
perpendicular_grid:                 41 points in [-10.000000,+10.000000] mm
max_fitting_error_normal            0.044/6706.411 G/G
max_fitting_error_skew              367.798/367.798 G/G
r0_for_relative_multipoles          12 mm
main_monomial                       n = 0, skew:False
                                       Nn(s=0)      Integ_Nn     Nn/N0(@r0)   |    Sn(s=0)      Integ_Sn     Sn/S0(@r0)  
<multipole_order n>                    [T/m^n]      [T.m/m^n]        []       |    [T/m^n]      [T.m/m^n]        []      
n=00:                                5.7921e-01    -2.5206e-01   +1.0000e+00  |      ---           ---           ---     
n=01:                                7.5712e+00    +3.3746e+00   -1.6065e-01  |      ---           ---           ---     
n=02:                                6.4150e+00    +1.0469e+00   -5.9805e-04  |      ---           ---           ---     
n=03:                                3.6548e+01    -3.2813e+01   +2.2495e-04  |      ---           ---           ---     
n=04:                                7.9154e+03    -7.7684e+02   +6.3907e-05  |      ---           ---           ---     
n=05:                                2.0111e+05    +1.0061e+04   -9.9323e-06  |      ---           ---           ---     
n=06:                                5.1675e+07    -1.4118e+05   +1.6725e-06  |      ---           ---           ---     
