--- multipoles on reference trajectory (rz > 0) ---
effective_length:                   435.89562339629924 mm
perpendicular_grid:                 41 points in [-10.000000,+10.000000] mm
max_fitting_error_normal            0.038/3742.451 G/G
max_fitting_error_skew              333.455/333.455 G/G
r0_for_relative_multipoles          12 mm
main_monomial                       n = 0, skew:False
                                       Nn(s=0)      Integ_Nn     Nn/N0(@r0)   |    Sn(s=0)      Integ_Sn     Sn/S0(@r0)  
<multipole_order n>                    [T/m^n]      [T.m/m^n]        []       |    [T/m^n]      [T.m/m^n]        []      
n=00:                                5.5045e-01    -2.3994e-01   +1.0000e+00  |      ---           ---           ---     
n=01:                                7.2273e+00    +3.2223e+00   -1.6116e-01  |      ---           ---           ---     
n=02:                                5.9697e+00    +1.0368e+00   -6.2223e-04  |      ---           ---           ---     
n=03:                                4.1887e+01    -1.7089e+01   +1.2307e-04  |      ---           ---           ---     
n=04:                                2.7322e+03    -8.8772e+02   +7.6719e-05  |      ---           ---           ---     
n=05:                                6.5183e+05    -4.6258e+04   +4.7973e-05  |      ---           ---           ---     
n=06:                                3.8143e+06    +2.6033e+06   -3.2398e-05  |      ---           ---           ---     
