--- multipoles on reference trajectory (rz > 0) ---
effective_length:                   436.28073579622054 mm
perpendicular_grid:                 41 points in [-10.000000,+10.000000] mm
max_fitting_error_normal            0.046/5106.472 G/G
max_fitting_error_skew              352.604/352.604 G/G
r0_for_relative_multipoles          12 mm
main_monomial                       n = 0, skew:False
                                       Nn(s=0)      Integ_Nn     Nn/N0(@r0)   |    Sn(s=0)      Integ_Sn     Sn/S0(@r0)  
<multipole_order n>                    [T/m^n]      [T.m/m^n]        []       |    [T/m^n]      [T.m/m^n]        []      
n=00:                                5.7635e-01    -2.5145e-01   +1.0000e+00  |      ---           ---           ---     
n=01:                                7.5304e+00    +3.3757e+00   -1.6110e-01  |      ---           ---           ---     
n=02:                                7.1105e+00    +1.1472e+00   -6.5697e-04  |      ---           ---           ---     
n=03:                                3.5172e+00    -2.3282e+01   +1.6000e-04  |      ---           ---           ---     
n=04:                                2.3537e+04    -5.1665e+03   +4.2606e-04  |      ---           ---           ---     
n=05:                                3.7466e+05    -7.0000e+04   +6.9272e-05  |      ---           ---           ---     
n=06:                                1.5069e+08    +3.2785e+07   -3.8932e-04  |      ---           ---           ---     
