--- multipoles on reference trajectory (rz > 0) ---
effective_length:                   436.6362476630401 mm
perpendicular_grid:                 41 points in [-10.000000,+10.000000] mm
max_fitting_error_normal            0.050/5792.199 G/G
max_fitting_error_skew              329.934/329.934 G/G
r0_for_relative_multipoles          12 mm
main_monomial                       n = 0, skew:False
                                       Nn(s=0)      Integ_Nn     Nn/N0(@r0)   |    Sn(s=0)      Integ_Sn     Sn/S0(@r0)  
<multipole_order n>                    [T/m^n]      [T.m/m^n]        []       |    [T/m^n]      [T.m/m^n]        []      
n=00:                                5.5208e-01    -2.4106e-01   +1.0000e+00  |      ---           ---           ---     
n=01:                                7.2228e+00    +3.2315e+00   -1.6086e-01  |      ---           ---           ---     
n=02:                                6.6467e+00    +1.0806e+00   -6.4554e-04  |      ---           ---           ---     
n=03:                                5.3170e+01    -3.8589e+00   +2.7662e-05  |      ---           ---           ---     
n=04:                                1.5619e+04    -2.1815e+03   +1.8765e-04  |      ---           ---           ---     
n=05:                                1.1394e+05    -1.8445e+05   +1.9040e-04  |      ---           ---           ---     
n=06:                                8.2729e+07    +7.6600e+06   -9.4884e-05  |      ---           ---           ---     
