--- multipoles on reference trajectory (rz > 0) ---
effective_length:                   434.04899661507045 mm
perpendicular_grid:                 41 points in [-10.000000,+10.000000] mm
max_fitting_error_normal            0.025/6426.707 G/G
max_fitting_error_skew              336.561/336.561 G/G
r0_for_relative_multipoles          12 mm
main_monomial                       n = 0, skew:False
                                       Nn(s=0)      Integ_Nn     Nn/N0(@r0)   |    Sn(s=0)      Integ_Sn     Sn/S0(@r0)  
<multipole_order n>                    [T/m^n]      [T.m/m^n]        []       |    [T/m^n]      [T.m/m^n]        []      
n=00:                                5.5551e-01    -2.4112e-01   +1.0000e+00  |      ---           ---           ---     
n=01:                                7.2868e+00    +3.2306e+00   -1.6078e-01  |      ---           ---           ---     
n=02:                                6.0521e+00    +1.1271e+00   -6.7311e-04  |      ---           ---           ---     
n=03:                                2.3973e+01    -2.0667e+01   +1.4811e-04  |      ---           ---           ---     
n=04:                                1.2004e+04    -3.5455e+03   +3.0491e-04  |      ---           ---           ---     
n=05:                                4.7859e+05    -5.9400e+04   +6.1300e-05  |      ---           ---           ---     
n=06:                                7.1346e+07    +1.6819e+07   -2.0828e-04  |      ---           ---           ---     
