--- multipoles on reference trajectory (rz > 0) ---
effective_length:                   434.8267188727112 mm
perpendicular_grid:                 41 points in [-10.000000,+10.000000] mm
max_fitting_error_normal            0.035/6698.694 G/G
max_fitting_error_skew              362.316/362.316 G/G
r0_for_relative_multipoles          12 mm
main_monomial                       n = 0, skew:False
                                       Nn(s=0)      Integ_Nn     Nn/N0(@r0)   |    Sn(s=0)      Integ_Sn     Sn/S0(@r0)  
<multipole_order n>                    [T/m^n]      [T.m/m^n]        []       |    [T/m^n]      [T.m/m^n]        []      
n=00:                                5.7890e-01    -2.5172e-01   +1.0000e+00  |      ---           ---           ---     
n=01:                                7.6011e+00    +3.3765e+00   -1.6096e-01  |      ---           ---           ---     
n=02:                                6.6863e+00    +1.1988e+00   -6.8579e-04  |      ---           ---           ---     
n=03:                                7.9757e+01    -1.1119e+01   +7.6329e-05  |      ---           ---           ---     
n=04:                                1.6724e+04    -1.0235e+03   +8.4309e-05  |      ---           ---           ---     
n=05:                                9.4291e+05    -1.2153e+05   +1.2014e-04  |      ---           ---           ---     
n=06:                                8.7847e+07    +2.1075e+06   -2.4999e-05  |      ---           ---           ---     
