--- multipoles on reference trajectory (rz > 0) ---
effective_length:                   434.7887784690405 mm
perpendicular_grid:                 41 points in [-10.000000,+10.000000] mm
max_fitting_error_normal            0.040/6392.409 G/G
max_fitting_error_skew              343.403/343.403 G/G
r0_for_relative_multipoles          12 mm
main_monomial                       n = 0, skew:False
                                       Nn(s=0)      Integ_Nn     Nn/N0(@r0)   |    Sn(s=0)      Integ_Sn     Sn/S0(@r0)  
<multipole_order n>                    [T/m^n]      [T.m/m^n]        []       |    [T/m^n]      [T.m/m^n]        []      
n=00:                                5.5182e-01    -2.3992e-01   +1.0000e+00  |      ---           ---           ---     
n=01:                                7.2049e+00    +3.2096e+00   -1.6053e-01  |      ---           ---           ---     
n=02:                                5.2773e+00    +8.0876e-01   -4.8541e-04  |      ---           ---           ---     
n=03:                                1.0360e+02    -4.3305e+01   +3.1190e-04  |      ---           ---           ---     
n=04:                                2.7531e+03    +3.8795e+02   -3.3530e-05  |      ---           ---           ---     
n=05:                                1.8237e+05    +5.9038e+04   -6.1230e-05  |      ---           ---           ---     
n=06:                                1.5099e+07    -6.1605e+06   +7.6671e-05  |      ---           ---           ---     
