--- multipoles on reference trajectory (rz > 0) ---
effective_length:                   435.07854113008864 mm
perpendicular_grid:                 41 points in [-10.000000,+10.000000] mm
max_fitting_error_normal            0.053/3458.746 G/G
max_fitting_error_skew              340.416/340.416 G/G
r0_for_relative_multipoles          12 mm
main_monomial                       n = 0, skew:False
                                       Nn(s=0)      Integ_Nn     Nn/N0(@r0)   |    Sn(s=0)      Integ_Sn     Sn/S0(@r0)  
<multipole_order n>                    [T/m^n]      [T.m/m^n]        []       |    [T/m^n]      [T.m/m^n]        []      
n=00:                                5.5560e-01    -2.4173e-01   +1.0000e+00  |      ---           ---           ---     
n=01:                                7.2642e+00    +3.2326e+00   -1.6047e-01  |      ---           ---           ---     
n=02:                                5.7005e+00    +1.1257e+00   -6.7060e-04  |      ---           ---           ---     
n=03:                                7.9677e+01    -3.1312e+01   +2.2383e-04  |      ---           ---           ---     
n=04:                                9.0038e+03    -2.3428e+03   +2.0097e-04  |      ---           ---           ---     
n=05:                                6.0270e+04    -9.4360e+03   +9.7133e-06  |      ---           ---           ---     
n=06:                                5.7019e+07    +1.0309e+07   -1.2734e-04  |      ---           ---           ---     
