--- multipoles on reference trajectory (rz > 0) ---
effective_length:                   434.61091703750986 mm
perpendicular_grid:                 41 points in [-10.000000,+10.000000] mm
max_fitting_error_normal            0.041/3009.545 G/G
max_fitting_error_skew              321.858/321.858 G/G
r0_for_relative_multipoles          12 mm
main_monomial                       n = 0, skew:False
                                       Nn(s=0)      Integ_Nn     Nn/N0(@r0)   |    Sn(s=0)      Integ_Sn     Sn/S0(@r0)  
<multipole_order n>                    [T/m^n]      [T.m/m^n]        []       |    [T/m^n]      [T.m/m^n]        []      
n=00:                                5.2464e-01    -2.2801e-01   +1.0000e+00  |      ---           ---           ---     
n=01:                                6.9084e+00    +3.0607e+00   -1.6108e-01  |      ---           ---           ---     
n=02:                                5.0162e+00    +7.8781e-01   -4.9753e-04  |      ---           ---           ---     
n=03:                                3.8774e+01    -1.3882e+01   +1.0521e-04  |      ---           ---           ---     
n=04:                                1.1133e+04    +4.0950e+02   -3.7240e-05  |      ---           ---           ---     
n=05:                                1.4851e+05    -1.5104e+05   +1.6483e-04  |      ---           ---           ---     
n=06:                                6.9273e+07    -6.5077e+06   +8.5222e-05  |      ---           ---           ---     
