--- multipoles on reference trajectory (rz > 0) ---
effective_length:                   433.3357638474724 mm
perpendicular_grid:                 41 points in [-10.000000,+10.000000] mm
max_fitting_error_normal            0.037/6691.400 G/G
max_fitting_error_skew              347.909/347.909 G/G
r0_for_relative_multipoles          12 mm
main_monomial                       n = 0, skew:False
                                       Nn(s=0)      Integ_Nn     Nn/N0(@r0)   |    Sn(s=0)      Integ_Sn     Sn/S0(@r0)  
<multipole_order n>                    [T/m^n]      [T.m/m^n]        []       |    [T/m^n]      [T.m/m^n]        []      
n=00:                                5.8007e-01    -2.5137e-01   +1.0000e+00  |      ---           ---           ---     
n=01:                                7.6455e+00    +3.3754e+00   -1.6114e-01  |      ---           ---           ---     
n=02:                                5.2639e+00    +1.0349e+00   -5.9288e-04  |      ---           ---           ---     
n=03:                                8.8325e+00    -2.8004e+01   +1.9252e-04  |      ---           ---           ---     
n=04:                                5.9765e+03    -1.7045e+03   +1.4061e-04  |      ---           ---           ---     
n=05:                                3.6603e+05    -3.3334e+04   +3.2998e-05  |      ---           ---           ---     
n=06:                                6.7925e+07    +1.2619e+07   -1.4991e-04  |      ---           ---           ---     
