--- multipoles on reference trajectory (rz > 0) ---
effective_length:                   434.48203966017076 mm
perpendicular_grid:                 41 points in [-10.000000,+10.000000] mm
max_fitting_error_normal            0.037/4318.166 G/G
max_fitting_error_skew              354.236/354.236 G/G
r0_for_relative_multipoles          12 mm
main_monomial                       n = 0, skew:False
                                       Nn(s=0)      Integ_Nn     Nn/N0(@r0)   |    Sn(s=0)      Integ_Sn     Sn/S0(@r0)  
<multipole_order n>                    [T/m^n]      [T.m/m^n]        []       |    [T/m^n]      [T.m/m^n]        []      
n=00:                                5.8061e-01    -2.5226e-01   +1.0000e+00  |      ---           ---           ---     
n=01:                                7.6045e+00    +3.3760e+00   -1.6059e-01  |      ---           ---           ---     
n=02:                                5.9086e+00    +1.2505e+00   -7.1384e-04  |      ---           ---           ---     
n=03:                                3.6483e+01    -4.3903e+01   +3.0074e-04  |      ---           ---           ---     
n=04:                                7.5336e+03    -1.8107e+03   +1.4884e-04  |      ---           ---           ---     
n=05:                                1.8614e+05    +9.5762e+04   -9.4459e-05  |      ---           ---           ---     
n=06:                                5.4401e+07    +6.3989e+06   -7.5742e-05  |      ---           ---           ---     
