--- multipoles on reference trajectory (rz > 0) ---
effective_length:                   435.18848683524516 mm
perpendicular_grid:                 41 points in [-10.000000,+10.000000] mm
max_fitting_error_normal            0.030/3593.126 G/G
max_fitting_error_skew              340.613/340.613 G/G
r0_for_relative_multipoles          12 mm
main_monomial                       n = 0, skew:False
                                       Nn(s=0)      Integ_Nn     Nn/N0(@r0)   |    Sn(s=0)      Integ_Sn     Sn/S0(@r0)  
<multipole_order n>                    [T/m^n]      [T.m/m^n]        []       |    [T/m^n]      [T.m/m^n]        []      
n=00:                                5.5192e-01    -2.4019e-01   +1.0000e+00  |      ---           ---           ---     
n=01:                                7.2484e+00    +3.2206e+00   -1.6090e-01  |      ---           ---           ---     
n=02:                                5.4405e+00    +1.0682e+00   -6.4042e-04  |      ---           ---           ---     
n=03:                                1.1869e+02    -3.7987e+01   +2.7329e-04  |      ---           ---           ---     
n=04:                                3.1872e+03    -1.5056e+03   +1.2998e-04  |      ---           ---           ---     
n=05:                                3.5874e+05    +4.6947e+04   -4.8636e-05  |      ---           ---           ---     
n=06:                                1.6577e+07    +2.3316e+06   -2.8986e-05  |      ---           ---           ---     
