--- multipoles on reference trajectory (rz > 0) ---
effective_length:                   433.99928376981455 mm
perpendicular_grid:                 41 points in [-10.000000,+10.000000] mm
max_fitting_error_normal            0.043/3017.257 G/G
max_fitting_error_skew              322.132/322.132 G/G
r0_for_relative_multipoles          12 mm
main_monomial                       n = 0, skew:False
                                       Nn(s=0)      Integ_Nn     Nn/N0(@r0)   |    Sn(s=0)      Integ_Sn     Sn/S0(@r0)  
<multipole_order n>                    [T/m^n]      [T.m/m^n]        []       |    [T/m^n]      [T.m/m^n]        []      
n=00:                                5.2513e-01    -2.2791e-01   +1.0000e+00  |      ---           ---           ---     
n=01:                                6.9077e+00    +3.0564e+00   -1.6093e-01  |      ---           ---           ---     
n=02:                                5.0259e+00    +7.8585e-01   -4.9653e-04  |      ---           ---           ---     
n=03:                                3.6688e+01    -1.3860e+01   +1.0509e-04  |      ---           ---           ---     
n=04:                                1.1137e+04    +5.6613e+02   -5.1510e-05  |      ---           ---           ---     
n=05:                                1.6674e+05    -1.4937e+05   +1.6309e-04  |      ---           ---           ---     
n=06:                                6.9764e+07    -7.3723e+06   +9.6590e-05  |      ---           ---           ---     
