--- multipoles on reference trajectory (rz > 0) ---
effective_length:                   435.99014937054005 mm
perpendicular_grid:                 41 points in [-10.000000,+10.000000] mm
max_fitting_error_normal            0.036/3298.452 G/G
max_fitting_error_skew              352.661/352.661 G/G
r0_for_relative_multipoles          12 mm
main_monomial                       n = 0, skew:False
                                       Nn(s=0)      Integ_Nn     Nn/N0(@r0)   |    Sn(s=0)      Integ_Sn     Sn/S0(@r0)  
<multipole_order n>                    [T/m^n]      [T.m/m^n]        []       |    [T/m^n]      [T.m/m^n]        []      
n=00:                                5.5313e-01    -2.4116e-01   +1.0000e+00  |      ---           ---           ---     
n=01:                                7.2521e+00    +3.2351e+00   -1.6098e-01  |      ---           ---           ---     
n=02:                                5.7011e+00    +7.1067e-01   -4.2436e-04  |      ---           ---           ---     
n=03:                                1.1666e+02    -3.4402e+01   +2.4651e-04  |      ---           ---           ---     
n=04:                                6.1270e+03    +2.4180e+03   -2.0791e-04  |      ---           ---           ---     
n=05:                                2.8806e+05    -3.8194e+04   +3.9409e-05  |      ---           ---           ---     
n=06:                                4.8429e+07    -1.2578e+07   +1.5574e-04  |      ---           ---           ---     
