--- multipoles on reference trajectory (rz > 0) ---
effective_length:                   435.448575692241 mm
perpendicular_grid:                 41 points in [-10.000000,+10.000000] mm
max_fitting_error_normal            0.046/4813.686 G/G
max_fitting_error_skew              338.510/338.510 G/G
r0_for_relative_multipoles          12 mm
main_monomial                       n = 0, skew:False
                                       Nn(s=0)      Integ_Nn     Nn/N0(@r0)   |    Sn(s=0)      Integ_Sn     Sn/S0(@r0)  
<multipole_order n>                    [T/m^n]      [T.m/m^n]        []       |    [T/m^n]      [T.m/m^n]        []      
n=00:                                5.5427e-01    -2.4135e-01   +1.0000e+00  |      ---           ---           ---     
n=01:                                7.2416e+00    +3.2310e+00   -1.6064e-01  |      ---           ---           ---     
n=02:                                6.3469e+00    +1.1312e+00   -6.7489e-04  |      ---           ---           ---     
n=03:                                1.7823e+02    -4.0427e+01   +2.8944e-04  |      ---           ---           ---     
n=04:                                1.6260e+04    -4.6040e+03   +3.9555e-04  |      ---           ---           ---     
n=05:                                8.6476e+05    +5.0700e+04   -5.2270e-05  |      ---           ---           ---     
n=06:                                1.1541e+08    +2.7899e+07   -3.4516e-04  |      ---           ---           ---     
