--- multipoles on reference trajectory (rz > 0) ---
effective_length:                   435.65633748290975 mm
perpendicular_grid:                 41 points in [-10.000000,+10.000000] mm
max_fitting_error_normal            0.074/6697.649 G/G
max_fitting_error_skew              351.652/351.652 G/G
r0_for_relative_multipoles          12 mm
main_monomial                       n = 0, skew:False
                                       Nn(s=0)      Integ_Nn     Nn/N0(@r0)   |    Sn(s=0)      Integ_Sn     Sn/S0(@r0)  
<multipole_order n>                    [T/m^n]      [T.m/m^n]        []       |    [T/m^n]      [T.m/m^n]        []      
n=00:                                5.7833e-01    -2.5195e-01   +1.0000e+00  |      ---           ---           ---     
n=01:                                7.5925e+00    +3.3808e+00   -1.6102e-01  |      ---           ---           ---     
n=02:                                6.5183e+00    +1.1741e+00   -6.7105e-04  |      ---           ---           ---     
n=03:                                4.4710e+01    -1.4802e+01   +1.0152e-04  |      ---           ---           ---     
n=04:                                1.5693e+04    -1.6282e+03   +1.3400e-04  |      ---           ---           ---     
n=05:                                1.5272e+04    -1.1533e+05   +1.1390e-04  |      ---           ---           ---     
n=06:                                1.1300e+08    +1.0538e+07   -1.2489e-04  |      ---           ---           ---     
