--- multipoles on reference trajectory (rz > 0) ---
effective_length:                   436.59278446046415 mm
perpendicular_grid:                 41 points in [-10.000000,+10.000000] mm
max_fitting_error_normal            0.031/3184.116 G/G
max_fitting_error_skew              341.673/341.673 G/G
r0_for_relative_multipoles          12 mm
main_monomial                       n = 0, skew:False
                                       Nn(s=0)      Integ_Nn     Nn/N0(@r0)   |    Sn(s=0)      Integ_Sn     Sn/S0(@r0)  
<multipole_order n>                    [T/m^n]      [T.m/m^n]        []       |    [T/m^n]      [T.m/m^n]        []      
n=00:                                5.4996e-01    -2.4011e-01   +1.0000e+00  |      ---           ---           ---     
n=01:                                7.2001e+00    +3.2215e+00   -1.6100e-01  |      ---           ---           ---     
n=02:                                5.5642e+00    +9.5435e-01   -5.7235e-04  |      ---           ---           ---     
n=03:                                5.8148e+01    -5.2152e+01   +3.7532e-04  |      ---           ---           ---     
n=04:                                2.6798e+03    -6.5971e+02   +5.6973e-05  |      ---           ---           ---     
n=05:                                2.4592e+02    +1.0899e+05   -1.1295e-04  |      ---           ---           ---     
n=06:                                3.5680e+07    +2.3615e+06   -2.9367e-05  |      ---           ---           ---     
