--- multipoles on reference trajectory (rz > 0) ---
effective_length:                   435.18297248492627 mm
perpendicular_grid:                 41 points in [-10.000000,+10.000000] mm
max_fitting_error_normal            0.030/3588.810 G/G
max_fitting_error_skew              340.365/340.365 G/G
r0_for_relative_multipoles          12 mm
main_monomial                       n = 0, skew:False
                                       Nn(s=0)      Integ_Nn     Nn/N0(@r0)   |    Sn(s=0)      Integ_Sn     Sn/S0(@r0)  
<multipole_order n>                    [T/m^n]      [T.m/m^n]        []       |    [T/m^n]      [T.m/m^n]        []      
n=00:                                5.5149e-01    -2.4000e-01   +1.0000e+00  |      ---           ---           ---     
n=01:                                7.2490e+00    +3.2207e+00   -1.6104e-01  |      ---           ---           ---     
n=02:                                5.4137e+00    +1.0601e+00   -6.3608e-04  |      ---           ---           ---     
n=03:                                1.1921e+02    -3.8420e+01   +2.7662e-04  |      ---           ---           ---     
n=04:                                2.8796e+03    -1.4454e+03   +1.2488e-04  |      ---           ---           ---     
n=05:                                3.6228e+05    +4.8597e+04   -5.0386e-05  |      ---           ---           ---     
n=06:                                1.4904e+07    +1.9485e+06   -2.4243e-05  |      ---           ---           ---     
