--- multipoles on reference trajectory (rz > 0) ---
effective_length:                   435.9840039088363 mm
perpendicular_grid:                 41 points in [-10.000000,+10.000000] mm
max_fitting_error_normal            0.082/5193.859 G/G
max_fitting_error_skew              374.143/374.143 G/G
r0_for_relative_multipoles          12 mm
main_monomial                       n = 0, skew:False
                                       Nn(s=0)      Integ_Nn     Nn/N0(@r0)   |    Sn(s=0)      Integ_Sn     Sn/S0(@r0)  
<multipole_order n>                    [T/m^n]      [T.m/m^n]        []       |    [T/m^n]      [T.m/m^n]        []      
n=00:                                5.7911e-01    -2.5248e-01   +1.0000e+00  |      ---           ---           ---     
n=01:                                7.5489e+00    +3.3707e+00   -1.6020e-01  |      ---           ---           ---     
n=02:                                6.5572e+00    +1.0254e+00   -5.8481e-04  |      ---           ---           ---     
n=03:                                3.4816e+01    -2.4029e+01   +1.6445e-04  |      ---           ---           ---     
n=04:                                1.3638e+04    -2.9302e+03   +2.4065e-04  |      ---           ---           ---     
n=05:                                3.8409e+05    -1.2785e+05   +1.2600e-04  |      ---           ---           ---     
n=06:                                6.3458e+07    +9.1369e+06   -1.0806e-04  |      ---           ---           ---     
