--- multipoles on reference trajectory (rz > 0) ---
effective_length:                   436.59124264653957 mm
perpendicular_grid:                 41 points in [-10.000000,+10.000000] mm
max_fitting_error_normal            0.201/4283.093 G/G
max_fitting_error_skew              6.723/6.723 G/G
r0_for_relative_multipoles          12 mm
main_monomial                       n = 0, skew:False
                                       Nn(s=0)      Integ_Nn     Nn/N0(@r0)   |    Sn(s=0)      Integ_Sn     Sn/S0(@r0)  
<multipole_order n>                    [T/m^n]      [T.m/m^n]        []       |    [T/m^n]      [T.m/m^n]        []      
n=00:                                5.6096e-01    -2.4491e-01   +1.0000e+00  |      ---           ---           ---     
n=01:                                7.3532e+00    +3.2936e+00   -1.6138e-01  |      ---           ---           ---     
n=02:                                5.8343e+00    +6.5070e-01   -3.8259e-04  |      ---           ---           ---     
n=03:                                3.1715e+01    -2.9688e+00   +2.0947e-05  |      ---           ---           ---     
n=04:                                5.9937e+03    +4.6566e+02   -3.9427e-05  |      ---           ---           ---     
n=05:                                7.3756e+05    -2.0219e+05   +2.0542e-04  |      ---           ---           ---     
n=06:                                2.3004e+07    -6.7476e+06   +8.2268e-05  |      ---           ---           ---     
