--- multipoles on reference trajectory (rz > 0) ---
effective_length:                   435.86755507041516 mm
perpendicular_grid:                 41 points in [-10.000000,+10.000000] mm
max_fitting_error_normal            0.080/4079.504 G/G
max_fitting_error_skew              356.142/356.142 G/G
r0_for_relative_multipoles          12 mm
main_monomial                       n = 0, skew:False
                                       Nn(s=0)      Integ_Nn     Nn/N0(@r0)   |    Sn(s=0)      Integ_Sn     Sn/S0(@r0)  
<multipole_order n>                    [T/m^n]      [T.m/m^n]        []       |    [T/m^n]      [T.m/m^n]        []      
n=00:                                5.7948e-01    -2.5258e-01   +1.0000e+00  |      ---           ---           ---     
n=01:                                7.5470e+00    +3.3745e+00   -1.6032e-01  |      ---           ---           ---     
n=02:                                7.1044e+00    +1.0292e+00   -5.8679e-04  |      ---           ---           ---     
n=03:                                5.6893e+01    -8.1429e+00   +5.5709e-05  |      ---           ---           ---     
n=04:                                1.8615e+04    +1.3790e+03   -1.1322e-04  |      ---           ---           ---     
n=05:                                7.1203e+05    -1.4952e+05   +1.4730e-04  |      ---           ---           ---     
n=06:                                1.1578e+08    -7.0853e+06   +8.3763e-05  |      ---           ---           ---     
