--- multipoles on reference trajectory (rz > 0) ---
effective_length:                   433.4649305636331 mm
perpendicular_grid:                 41 points in [-10.000000,+10.000000] mm
max_fitting_error_normal            0.028/6693.251 G/G
max_fitting_error_skew              351.323/351.323 G/G
r0_for_relative_multipoles          12 mm
main_monomial                       n = 0, skew:False
                                       Nn(s=0)      Integ_Nn     Nn/N0(@r0)   |    Sn(s=0)      Integ_Sn     Sn/S0(@r0)  
<multipole_order n>                    [T/m^n]      [T.m/m^n]        []       |    [T/m^n]      [T.m/m^n]        []      
n=00:                                5.7896e-01    -2.5096e-01   +1.0000e+00  |      ---           ---           ---     
n=01:                                7.6055e+00    +3.3679e+00   -1.6104e-01  |      ---           ---           ---     
n=02:                                6.1503e+00    +1.1115e+00   -6.3778e-04  |      ---           ---           ---     
n=03:                                2.7321e+00    -3.3578e+01   +2.3120e-04  |      ---           ---           ---     
n=04:                                1.1313e+03    -5.7688e+02   +4.7666e-05  |      ---           ---           ---     
n=05:                                4.1284e+05    +8.3682e+03   -8.2973e-06  |      ---           ---           ---     
n=06:                                9.6311e+06    -9.0006e+04   +1.0709e-06  |      ---           ---           ---     
