--- multipoles on reference trajectory (rz > 0) ---
effective_length:                   435.7762261593265 mm
perpendicular_grid:                 41 points in [-10.000000,+10.000000] mm
max_fitting_error_normal            0.037/6059.326 G/G
max_fitting_error_skew              324.247/324.247 G/G
r0_for_relative_multipoles          12 mm
main_monomial                       n = 0, skew:False
                                       Nn(s=0)      Integ_Nn     Nn/N0(@r0)   |    Sn(s=0)      Integ_Sn     Sn/S0(@r0)  
<multipole_order n>                    [T/m^n]      [T.m/m^n]        []       |    [T/m^n]      [T.m/m^n]        []      
n=00:                                5.2333e-01    -2.2805e-01   +1.0000e+00  |      ---           ---           ---     
n=01:                                6.8777e+00    +3.0675e+00   -1.6141e-01  |      ---           ---           ---     
n=02:                                4.8529e+00    +8.7790e-01   -5.5433e-04  |      ---           ---           ---     
n=03:                                7.3957e+01    -4.3878e+01   +3.3247e-04  |      ---           ---           ---     
n=04:                                1.9164e+03    +3.3505e+01   -3.0465e-06  |      ---           ---           ---     
n=05:                                1.5468e+05    +9.2014e+04   -1.0040e-04  |      ---           ---           ---     
n=06:                                1.9038e+07    -1.8646e+06   +2.4414e-05  |      ---           ---           ---     
