--- multipoles on reference trajectory (rz > 0) ---
effective_length:                   434.9318777823706 mm
perpendicular_grid:                 41 points in [-10.000000,+10.000000] mm
max_fitting_error_normal            0.052/6418.233 G/G
max_fitting_error_skew              358.542/358.542 G/G
r0_for_relative_multipoles          12 mm
main_monomial                       n = 0, skew:False
                                       Nn(s=0)      Integ_Nn     Nn/N0(@r0)   |    Sn(s=0)      Integ_Sn     Sn/S0(@r0)  
<multipole_order n>                    [T/m^n]      [T.m/m^n]        []       |    [T/m^n]      [T.m/m^n]        []      
n=00:                                5.5508e-01    -2.4142e-01   +1.0000e+00  |      ---           ---           ---     
n=01:                                7.2820e+00    +3.2329e+00   -1.6069e-01  |      ---           ---           ---     
n=02:                                5.3229e+00    +1.0310e+00   -6.1496e-04  |      ---           ---           ---     
n=03:                                2.9762e+01    -2.1818e+01   +1.5616e-04  |      ---           ---           ---     
n=04:                                1.2242e+04    -3.6334e+03   +3.1208e-04  |      ---           ---           ---     
n=05:                                1.7891e+05    -1.0417e+05   +1.0737e-04  |      ---           ---           ---     
n=06:                                8.4545e+07    +2.2565e+07   -2.7909e-04  |      ---           ---           ---     
