--- multipoles on reference trajectory (rz > 0) ---
effective_length:                   433.361500364567 mm
perpendicular_grid:                 41 points in [-10.000000,+10.000000] mm
max_fitting_error_normal            0.046/4583.226 G/G
max_fitting_error_skew              315.424/315.424 G/G
r0_for_relative_multipoles          12 mm
main_monomial                       n = 0, skew:False
                                       Nn(s=0)      Integ_Nn     Nn/N0(@r0)   |    Sn(s=0)      Integ_Sn     Sn/S0(@r0)  
<multipole_order n>                    [T/m^n]      [T.m/m^n]        []       |    [T/m^n]      [T.m/m^n]        []      
n=00:                                5.2625e-01    -2.2806e-01   +1.0000e+00  |      ---           ---           ---     
n=01:                                6.9419e+00    +3.0644e+00   -1.6124e-01  |      ---           ---           ---     
n=02:                                4.5538e+00    +8.2910e-01   -5.2352e-04  |      ---           ---           ---     
n=03:                                3.3343e+01    -2.6864e+01   +2.0355e-04  |      ---           ---           ---     
n=04:                                5.5696e+02    +2.8076e+03   -2.5528e-04  |      ---           ---           ---     
n=05:                                9.3250e+04    -2.7943e+04   +3.0489e-05  |      ---           ---           ---     
n=06:                                4.3407e+06    -1.7703e+07   +2.3179e-04  |      ---           ---           ---     
