--- multipoles on reference trajectory (rz > 0) ---
effective_length:                   435.00242218225526 mm
perpendicular_grid:                 41 points in [-10.000000,+10.000000] mm
max_fitting_error_normal            0.044/4859.229 G/G
max_fitting_error_skew              334.061/334.061 G/G
r0_for_relative_multipoles          12 mm
main_monomial                       n = 0, skew:False
                                       Nn(s=0)      Integ_Nn     Nn/N0(@r0)   |    Sn(s=0)      Integ_Sn     Sn/S0(@r0)  
<multipole_order n>                    [T/m^n]      [T.m/m^n]        []       |    [T/m^n]      [T.m/m^n]        []      
n=00:                                5.5011e-01    -2.3930e-01   +1.0000e+00  |      ---           ---           ---     
n=01:                                7.2241e+00    +3.2126e+00   -1.6110e-01  |      ---           ---           ---     
n=02:                                5.2732e+00    +8.0900e-01   -4.8682e-04  |      ---           ---           ---     
n=03:                                5.5463e+01    -2.1429e+01   +1.5474e-04  |      ---           ---           ---     
n=04:                                6.8039e+02    +1.1560e+03   -1.0017e-04  |      ---           ---           ---     
n=05:                                5.0244e+04    -9.5247e+04   +9.9041e-05  |      ---           ---           ---     
n=06:                                4.3042e+06    -9.0499e+06   +1.1292e-04  |      ---           ---           ---     
