--- multipoles on reference trajectory (rz > 0) ---
effective_length:                   433.9319536796898 mm
perpendicular_grid:                 41 points in [-10.000000,+10.000000] mm
max_fitting_error_normal            0.034/4895.996 G/G
max_fitting_error_skew              340.790/340.790 G/G
r0_for_relative_multipoles          12 mm
main_monomial                       n = 0, skew:False
                                       Nn(s=0)      Integ_Nn     Nn/N0(@r0)   |    Sn(s=0)      Integ_Sn     Sn/S0(@r0)  
<multipole_order n>                    [T/m^n]      [T.m/m^n]        []       |    [T/m^n]      [T.m/m^n]        []      
n=00:                                5.5557e-01    -2.4108e-01   +1.0000e+00  |      ---           ---           ---     
n=01:                                7.2716e+00    +3.2294e+00   -1.6075e-01  |      ---           ---           ---     
n=02:                                5.2865e+00    +7.8827e-01   -4.7085e-04  |      ---           ---           ---     
n=03:                                4.4743e+00    -2.8876e+01   +2.0698e-04  |      ---           ---           ---     
n=04:                                3.3916e+03    -7.7620e+01   +6.6764e-06  |      ---           ---           ---     
n=05:                                2.7901e+05    -2.8562e+04   +2.9481e-05  |      ---           ---           ---     
n=06:                                3.3574e+07    +1.4685e+06   -1.8189e-05  |      ---           ---           ---     
