--- multipoles on reference trajectory (rz > 0) ---
effective_length:                   435.34800363630427 mm
perpendicular_grid:                 41 points in [-10.000000,+10.000000] mm
max_fitting_error_normal            0.057/5108.688 G/G
max_fitting_error_skew              359.632/359.632 G/G
r0_for_relative_multipoles          12 mm
main_monomial                       n = 0, skew:False
                                       Nn(s=0)      Integ_Nn     Nn/N0(@r0)   |    Sn(s=0)      Integ_Sn     Sn/S0(@r0)  
<multipole_order n>                    [T/m^n]      [T.m/m^n]        []       |    [T/m^n]      [T.m/m^n]        []      
n=00:                                5.7737e-01    -2.5136e-01   +1.0000e+00  |      ---           ---           ---     
n=01:                                7.5815e+00    +3.3780e+00   -1.6127e-01  |      ---           ---           ---     
n=02:                                5.8791e+00    +1.1393e+00   -6.5267e-04  |      ---           ---           ---     
n=03:                                1.1076e+01    -9.0967e+00   +6.2537e-05  |      ---           ---           ---     
n=04:                                1.0635e+04    +1.1208e+03   -9.2465e-05  |      ---           ---           ---     
n=05:                                4.2863e+05    -1.2540e+05   +1.2414e-04  |      ---           ---           ---     
n=06:                                7.4946e+07    -1.0194e+07   +1.2109e-04  |      ---           ---           ---     
