--- multipoles on reference trajectory (rz > 0) ---
effective_length:                   435.1015287359291 mm
perpendicular_grid:                 41 points in [-10.000000,+10.000000] mm
max_fitting_error_normal            0.069/5121.794 G/G
max_fitting_error_skew              356.173/356.173 G/G
r0_for_relative_multipoles          12 mm
main_monomial                       n = 0, skew:False
                                       Nn(s=0)      Integ_Nn     Nn/N0(@r0)   |    Sn(s=0)      Integ_Sn     Sn/S0(@r0)  
<multipole_order n>                    [T/m^n]      [T.m/m^n]        []       |    [T/m^n]      [T.m/m^n]        []      
n=00:                                5.8034e-01    -2.5251e-01   +1.0000e+00  |      ---           ---           ---     
n=01:                                7.5827e+00    +3.3751e+00   -1.6040e-01  |      ---           ---           ---     
n=02:                                6.3029e+00    +1.0888e+00   -6.2095e-04  |      ---           ---           ---     
n=03:                                1.1118e+02    -2.2057e+01   +1.5095e-04  |      ---           ---           ---     
n=04:                                1.6915e+04    +5.4290e+01   -4.4583e-06  |      ---           ---           ---     
n=05:                                3.0428e+05    -1.3521e+05   +1.3325e-04  |      ---           ---           ---     
n=06:                                1.1801e+08    -1.7101e+06   +2.0223e-05  |      ---           ---           ---     
