--- multipoles on reference trajectory (rz > 0) ---
effective_length:                   433.4053785757877 mm
perpendicular_grid:                 41 points in [-10.000000,+10.000000] mm
max_fitting_error_normal            0.045/6384.461 G/G
max_fitting_error_skew              332.243/332.243 G/G
r0_for_relative_multipoles          12 mm
main_monomial                       n = 0, skew:False
                                       Nn(s=0)      Integ_Nn     Nn/N0(@r0)   |    Sn(s=0)      Integ_Sn     Sn/S0(@r0)  
<multipole_order n>                    [T/m^n]      [T.m/m^n]        []       |    [T/m^n]      [T.m/m^n]        []      
n=00:                                5.5344e-01    -2.3986e-01   +1.0000e+00  |      ---           ---           ---     
n=01:                                7.2911e+00    +3.2204e+00   -1.6111e-01  |      ---           ---           ---     
n=02:                                4.0001e+00    +7.3823e-01   -4.4319e-04  |      ---           ---           ---     
n=03:                                4.3206e+01    -2.1354e+01   +1.5384e-04  |      ---           ---           ---     
n=04:                                2.5569e+04    +6.0711e+03   -5.2484e-04  |      ---           ---           ---     
n=05:                                5.7151e+05    -8.0697e+03   +8.3714e-06  |      ---           ---           ---     
n=06:                                1.4703e+08    -3.5132e+07   +4.3735e-04  |      ---           ---           ---     
