--- multipoles on reference trajectory (rz > 0) ---
effective_length:                   435.72791565014523 mm
perpendicular_grid:                 41 points in [-10.000000,+10.000000] mm
max_fitting_error_normal            0.046/6394.535 G/G
max_fitting_error_skew              338.730/338.730 G/G
r0_for_relative_multipoles          12 mm
main_monomial                       n = 0, skew:False
                                       Nn(s=0)      Integ_Nn     Nn/N0(@r0)   |    Sn(s=0)      Integ_Sn     Sn/S0(@r0)  
<multipole_order n>                    [T/m^n]      [T.m/m^n]        []       |    [T/m^n]      [T.m/m^n]        []      
n=00:                                5.5185e-01    -2.4046e-01   +1.0000e+00  |      ---           ---           ---     
n=01:                                7.2055e+00    +3.2189e+00   -1.6064e-01  |      ---           ---           ---     
n=02:                                6.0028e+00    +1.0110e+00   -6.0542e-04  |      ---           ---           ---     
n=03:                                4.4632e+01    -1.2306e+01   +8.8432e-05  |      ---           ---           ---     
n=04:                                1.0991e+04    -3.0006e+03   +2.5876e-04  |      ---           ---           ---     
n=05:                                5.9424e+04    -1.1876e+05   +1.2290e-04  |      ---           ---           ---     
n=06:                                7.9460e+07    +1.9308e+07   -2.3977e-04  |      ---           ---           ---     
