--- multipoles on reference trajectory (rz > 0) ---
effective_length:                   435.3901101625343 mm
perpendicular_grid:                 41 points in [-10.000000,+10.000000] mm
max_fitting_error_normal            0.046/4611.768 G/G
max_fitting_error_skew              311.969/311.969 G/G
r0_for_relative_multipoles          12 mm
main_monomial                       n = 0, skew:False
                                       Nn(s=0)      Integ_Nn     Nn/N0(@r0)   |    Sn(s=0)      Integ_Sn     Sn/S0(@r0)  
<multipole_order n>                    [T/m^n]      [T.m/m^n]        []       |    [T/m^n]      [T.m/m^n]        []      
n=00:                                5.2421e-01    -2.2824e-01   +1.0000e+00  |      ---           ---           ---     
n=01:                                6.8928e+00    +3.0648e+00   -1.6114e-01  |      ---           ---           ---     
n=02:                                4.8683e+00    +7.5014e-01   -4.7329e-04  |      ---           ---           ---     
n=03:                                3.5141e+01    -2.8368e+01   +2.1478e-04  |      ---           ---           ---     
n=04:                                1.4071e+04    -8.2593e+02   +7.5039e-05  |      ---           ---           ---     
n=05:                                4.0159e+04    -4.9240e+04   +5.3683e-05  |      ---           ---           ---     
n=06:                                9.5982e+07    +5.4350e+06   -7.1106e-05  |      ---           ---           ---     
