--- multipoles on reference trajectory (rz > 0) ---
effective_length:                   434.69160622156863 mm
perpendicular_grid:                 41 points in [-10.000000,+10.000000] mm
max_fitting_error_normal            0.040/4578.744 G/G
max_fitting_error_skew              351.299/351.299 G/G
r0_for_relative_multipoles          12 mm
main_monomial                       n = 0, skew:False
                                       Nn(s=0)      Integ_Nn     Nn/N0(@r0)   |    Sn(s=0)      Integ_Sn     Sn/S0(@r0)  
<multipole_order n>                    [T/m^n]      [T.m/m^n]        []       |    [T/m^n]      [T.m/m^n]        []      
n=00:                                5.7799e-01    -2.5125e-01   +1.0000e+00  |      ---           ---           ---     
n=01:                                7.5925e+00    +3.3681e+00   -1.6087e-01  |      ---           ---           ---     
n=02:                                5.2662e+00    +7.7306e-01   -4.4307e-04  |      ---           ---           ---     
n=03:                                5.3292e+01    -2.3809e+01   +1.6375e-04  |      ---           ---           ---     
n=04:                                5.4027e+03    +3.6147e+03   -2.9832e-04  |      ---           ---           ---     
n=05:                                1.2882e+05    -6.7055e+04   +6.6410e-05  |      ---           ---           ---     
n=06:                                3.5615e+07    -2.4031e+07   +2.8560e-04  |      ---           ---           ---     
