--- multipoles on reference trajectory (rz > 0) ---
effective_length:                   436.5321875643908 mm
perpendicular_grid:                 41 points in [-10.000000,+10.000000] mm
max_fitting_error_normal            0.050/6375.867 G/G
max_fitting_error_skew              356.636/356.636 G/G
r0_for_relative_multipoles          12 mm
main_monomial                       n = 0, skew:False
                                       Nn(s=0)      Integ_Nn     Nn/N0(@r0)   |    Sn(s=0)      Integ_Sn     Sn/S0(@r0)  
<multipole_order n>                    [T/m^n]      [T.m/m^n]        []       |    [T/m^n]      [T.m/m^n]        []      
n=00:                                5.4921e-01    -2.3975e-01   +1.0000e+00  |      ---           ---           ---     
n=01:                                7.1967e+00    +3.2232e+00   -1.6133e-01  |      ---           ---           ---     
n=02:                                4.9997e+00    +9.9274e-01   -5.9627e-04  |      ---           ---           ---     
n=03:                                7.3678e+01    -2.9715e+01   +2.1417e-04  |      ---           ---           ---     
n=04:                                2.0572e+04    +2.6133e+03   -2.2603e-04  |      ---           ---           ---     
n=05:                                1.0944e+05    +2.8767e+04   -2.9857e-05  |      ---           ---           ---     
n=06:                                1.1463e+08    -2.2018e+07   +2.7423e-04  |      ---           ---           ---     
