--- multipoles on reference trajectory (rz > 0) ---
effective_length:                   434.65691154960194 mm
perpendicular_grid:                 41 points in [-10.000000,+10.000000] mm
max_fitting_error_normal            0.040/3195.539 G/G
max_fitting_error_skew              318.156/318.156 G/G
r0_for_relative_multipoles          12 mm
main_monomial                       n = 0, skew:False
                                       Nn(s=0)      Integ_Nn     Nn/N0(@r0)   |    Sn(s=0)      Integ_Sn     Sn/S0(@r0)  
<multipole_order n>                    [T/m^n]      [T.m/m^n]        []       |    [T/m^n]      [T.m/m^n]        []      
n=00:                                5.2568e-01    -2.2849e-01   +1.0000e+00  |      ---           ---           ---     
n=01:                                6.8928e+00    +3.0560e+00   -1.6050e-01  |      ---           ---           ---     
n=02:                                4.2955e+00    +7.4034e-01   -4.6658e-04  |      ---           ---           ---     
n=03:                                5.3694e+01    -3.7574e+01   +2.8416e-04  |      ---           ---           ---     
n=04:                                7.3637e+03    +1.3553e+03   -1.2300e-04  |      ---           ---           ---     
n=05:                                5.8041e+04    +5.8735e+04   -6.3965e-05  |      ---           ---           ---     
n=06:                                2.6057e+07    -7.8856e+06   +1.0305e-04  |      ---           ---           ---     
