--- multipoles on reference trajectory (rz > 0) ---
effective_length:                   435.64477021782153 mm
perpendicular_grid:                 41 points in [-10.000000,+10.000000] mm
max_fitting_error_normal            0.026/6421.120 G/G
max_fitting_error_skew              336.505/336.505 G/G
r0_for_relative_multipoles          12 mm
main_monomial                       n = 0, skew:False
                                       Nn(s=0)      Integ_Nn     Nn/N0(@r0)   |    Sn(s=0)      Integ_Sn     Sn/S0(@r0)  
<multipole_order n>                    [T/m^n]      [T.m/m^n]        []       |    [T/m^n]      [T.m/m^n]        []      
n=00:                                5.5346e-01    -2.4111e-01   +1.0000e+00  |      ---           ---           ---     
n=01:                                7.2730e+00    +3.2365e+00   -1.6108e-01  |      ---           ---           ---     
n=02:                                5.7635e+00    +1.1215e+00   -6.6978e-04  |      ---           ---           ---     
n=03:                                1.2068e+02    -3.5276e+01   +2.5282e-04  |      ---           ---           ---     
n=04:                                2.8013e+03    -1.7585e+03   +1.5124e-04  |      ---           ---           ---     
n=05:                                4.5598e+05    +2.3457e+04   -2.4208e-05  |      ---           ---           ---     
n=06:                                1.4295e+07    +7.7031e+06   -9.5396e-05  |      ---           ---           ---     
