--- multipoles on reference trajectory (rz > 0) ---
effective_length:                   433.3300247932527 mm
perpendicular_grid:                 41 points in [-10.000000,+10.000000] mm
max_fitting_error_normal            0.045/5798.274 G/G
max_fitting_error_skew              332.920/332.920 G/G
r0_for_relative_multipoles          12 mm
main_monomial                       n = 0, skew:False
                                       Nn(s=0)      Integ_Nn     Nn/N0(@r0)   |    Sn(s=0)      Integ_Sn     Sn/S0(@r0)  
<multipole_order n>                    [T/m^n]      [T.m/m^n]        []       |    [T/m^n]      [T.m/m^n]        []      
n=00:                                5.5585e-01    -2.4087e-01   +1.0000e+00  |      ---           ---           ---     
n=01:                                7.3244e+00    +3.2333e+00   -1.6108e-01  |      ---           ---           ---     
n=02:                                4.3267e+00    +1.0738e+00   -6.4194e-04  |      ---           ---           ---     
n=03:                                1.6675e+01    -4.0466e+01   +2.9030e-04  |      ---           ---           ---     
n=04:                                1.3828e+04    -2.6530e+03   +2.2839e-04  |      ---           ---           ---     
n=05:                                2.0426e+05    +4.7343e+04   -4.8909e-05  |      ---           ---           ---     
n=06:                                6.7777e+07    +1.6597e+07   -2.0574e-04  |      ---           ---           ---     
