--- multipoles on reference trajectory (rz > 0) ---
effective_length:                   434.7597702731492 mm
perpendicular_grid:                 41 points in [-10.000000,+10.000000] mm
max_fitting_error_normal            0.032/6402.067 G/G
max_fitting_error_skew              343.938/343.938 G/G
r0_for_relative_multipoles          12 mm
main_monomial                       n = 0, skew:False
                                       Nn(s=0)      Integ_Nn     Nn/N0(@r0)   |    Sn(s=0)      Integ_Sn     Sn/S0(@r0)  
<multipole_order n>                    [T/m^n]      [T.m/m^n]        []       |    [T/m^n]      [T.m/m^n]        []      
n=00:                                5.5241e-01    -2.4016e-01   +1.0000e+00  |      ---           ---           ---     
n=01:                                7.2379e+00    +3.2243e+00   -1.6111e-01  |      ---           ---           ---     
n=02:                                5.3946e+00    +6.4823e-01   -3.8867e-04  |      ---           ---           ---     
n=03:                                7.0127e-01    -2.3200e+01   +1.6692e-04  |      ---           ---           ---     
n=04:                                1.5872e+03    +3.0497e+03   -2.6331e-04  |      ---           ---           ---     
n=05:                                5.5217e+05    -1.1215e+05   +1.1620e-04  |      ---           ---           ---     
n=06:                                6.0177e+06    -1.6558e+07   +2.0587e-04  |      ---           ---           ---     
