--- multipoles on reference trajectory (rz > 0) ---
effective_length:                   436.59756379940586 mm
perpendicular_grid:                 41 points in [-10.000000,+10.000000] mm
max_fitting_error_normal            0.051/3304.378 G/G
max_fitting_error_skew              342.228/342.228 G/G
r0_for_relative_multipoles          12 mm
main_monomial                       n = 0, skew:False
                                       Nn(s=0)      Integ_Nn     Nn/N0(@r0)   |    Sn(s=0)      Integ_Sn     Sn/S0(@r0)  
<multipole_order n>                    [T/m^n]      [T.m/m^n]        []       |    [T/m^n]      [T.m/m^n]        []      
n=00:                                5.5205e-01    -2.4102e-01   +1.0000e+00  |      ---           ---           ---     
n=01:                                7.2243e+00    +3.2348e+00   -1.6105e-01  |      ---           ---           ---     
n=02:                                6.6280e+00    +1.0794e+00   -6.4487e-04  |      ---           ---           ---     
n=03:                                5.3973e+01    -2.4592e+01   +1.7631e-04  |      ---           ---           ---     
n=04:                                1.1148e+04    -1.5330e+03   +1.3189e-04  |      ---           ---           ---     
n=05:                                2.6730e+04    -3.5749e+04   +3.6907e-05  |      ---           ---           ---     
n=06:                                5.9769e+07    +3.7640e+06   -4.6631e-05  |      ---           ---           ---     
