--- multipoles on reference trajectory (rz > 0) ---
effective_length:                   436.6795353123344 mm
perpendicular_grid:                 41 points in [-10.000000,+10.000000] mm
max_fitting_error_normal            0.041/6380.311 G/G
max_fitting_error_skew              335.473/335.473 G/G
r0_for_relative_multipoles          12 mm
main_monomial                       n = 0, skew:False
                                       Nn(s=0)      Integ_Nn     Nn/N0(@r0)   |    Sn(s=0)      Integ_Sn     Sn/S0(@r0)  
<multipole_order n>                    [T/m^n]      [T.m/m^n]        []       |    [T/m^n]      [T.m/m^n]        []      
n=00:                                5.4921e-01    -2.3983e-01   +1.0000e+00  |      ---           ---           ---     
n=01:                                7.2057e+00    +3.2228e+00   -1.6126e-01  |      ---           ---           ---     
n=02:                                5.8452e+00    +1.0615e+00   -6.3736e-04  |      ---           ---           ---     
n=03:                                8.4451e+01    -3.6204e+01   +2.6085e-04  |      ---           ---           ---     
n=04:                                9.4379e+03    -2.0260e+03   +1.7517e-04  |      ---           ---           ---     
n=05:                                5.7162e+04    -1.3562e+04   +1.4071e-05  |      ---           ---           ---     
n=06:                                6.7098e+07    +6.0731e+06   -7.5613e-05  |      ---           ---           ---     
