--- multipoles on reference trajectory (rz > 0) ---
effective_length:                   436.2534872098827 mm
perpendicular_grid:                 41 points in [-10.000000,+10.000000] mm
max_fitting_error_normal            0.047/6691.704 G/G
max_fitting_error_skew              355.502/355.502 G/G
r0_for_relative_multipoles          12 mm
main_monomial                       n = 0, skew:False
                                       Nn(s=0)      Integ_Nn     Nn/N0(@r0)   |    Sn(s=0)      Integ_Sn     Sn/S0(@r0)  
<multipole_order n>                    [T/m^n]      [T.m/m^n]        []       |    [T/m^n]      [T.m/m^n]        []      
n=00:                                5.7641e-01    -2.5146e-01   +1.0000e+00  |      ---           ---           ---     
n=01:                                7.5297e+00    +3.3776e+00   -1.6118e-01  |      ---           ---           ---     
n=02:                                7.2694e+00    +1.1675e+00   -6.6855e-04  |      ---           ---           ---     
n=03:                                3.1989e+01    -5.2278e+00   +3.5924e-05  |      ---           ---           ---     
n=04:                                8.1343e+03    -5.3397e+02   +4.4032e-05  |      ---           ---           ---     
n=05:                                2.5424e+05    -1.6324e+05   +1.6154e-04  |      ---           ---           ---     
n=06:                                4.4471e+07    +2.1273e+06   -2.5261e-05  |      ---           ---           ---     
