--- multipoles on reference trajectory (rz > 0) ---
effective_length:                   435.2997466584815 mm
perpendicular_grid:                 41 points in [-10.000000,+10.000000] mm
max_fitting_error_normal            0.062/6387.677 G/G
max_fitting_error_skew              341.042/341.042 G/G
r0_for_relative_multipoles          12 mm
main_monomial                       n = 0, skew:False
                                       Nn(s=0)      Integ_Nn     Nn/N0(@r0)   |    Sn(s=0)      Integ_Sn     Sn/S0(@r0)  
<multipole_order n>                    [T/m^n]      [T.m/m^n]        []       |    [T/m^n]      [T.m/m^n]        []      
n=00:                                5.5225e-01    -2.4040e-01   +1.0000e+00  |      ---           ---           ---     
n=01:                                7.2387e+00    +3.2237e+00   -1.6092e-01  |      ---           ---           ---     
n=02:                                5.1754e+00    +1.0841e+00   -6.4941e-04  |      ---           ---           ---     
n=03:                                5.0871e+01    -4.2677e+01   +3.0677e-04  |      ---           ---           ---     
n=04:                                1.1087e+04    +1.7270e+03   -1.4897e-04  |      ---           ---           ---     
n=05:                                2.8610e+04    +1.4266e+05   -1.4767e-04  |      ---           ---           ---     
n=06:                                6.0992e+07    -1.5402e+07   +1.9131e-04  |      ---           ---           ---     
