--- multipoles on reference trajectory (rz > 0) ---
effective_length:                   435.6637705120109 mm
perpendicular_grid:                 41 points in [-10.000000,+10.000000] mm
max_fitting_error_normal            0.038/6699.045 G/G
max_fitting_error_skew              360.745/360.745 G/G
r0_for_relative_multipoles          12 mm
main_monomial                       n = 0, skew:False
                                       Nn(s=0)      Integ_Nn     Nn/N0(@r0)   |    Sn(s=0)      Integ_Sn     Sn/S0(@r0)  
<multipole_order n>                    [T/m^n]      [T.m/m^n]        []       |    [T/m^n]      [T.m/m^n]        []      
n=00:                                5.7774e-01    -2.5170e-01   +1.0000e+00  |      ---           ---           ---     
n=01:                                7.5793e+00    +3.3791e+00   -1.6110e-01  |      ---           ---           ---     
n=02:                                6.6476e+00    +1.0578e+00   -6.0517e-04  |      ---           ---           ---     
n=03:                                7.3604e+01    -4.0974e+01   +2.8130e-04  |      ---           ---           ---     
n=04:                                1.2840e+04    -2.1570e+02   +1.7770e-05  |      ---           ---           ---     
n=05:                                6.2317e+04    -1.4631e+04   +1.4465e-05  |      ---           ---           ---     
n=06:                                8.5275e+07    -6.9739e+05   +8.2733e-06  |      ---           ---           ---     
