--- multipoles on reference trajectory (rz > 0) ---
effective_length:                   432.20083850765843 mm
perpendicular_grid:                 41 points in [-10.000000,+10.000000] mm
max_fitting_error_normal            0.051/4866.298 G/G
max_fitting_error_skew              340.711/340.711 G/G
r0_for_relative_multipoles          12 mm
main_monomial                       n = 0, skew:False
                                       Nn(s=0)      Integ_Nn     Nn/N0(@r0)   |    Sn(s=0)      Integ_Sn     Sn/S0(@r0)  
<multipole_order n>                    [T/m^n]      [T.m/m^n]        []       |    [T/m^n]      [T.m/m^n]        []      
n=00:                                5.5372e-01    -2.3932e-01   +1.0000e+00  |      ---           ---           ---     
n=01:                                7.3180e+00    +3.2101e+00   -1.6096e-01  |      ---           ---           ---     
n=02:                                4.8318e+00    +1.1090e+00   -6.6727e-04  |      ---           ---           ---     
n=03:                                1.4584e+02    -1.9023e+01   +1.3736e-04  |      ---           ---           ---     
n=04:                                1.6998e+04    -6.2766e+03   +5.4384e-04  |      ---           ---           ---     
n=05:                                5.4626e+05    -1.0631e+05   +1.1054e-04  |      ---           ---           ---     
n=06:                                1.0126e+08    +3.2300e+07   -4.0301e-04  |      ---           ---           ---     
