--- multipoles on reference trajectory (rz > 0) ---
effective_length:                   435.8010277517807 mm
perpendicular_grid:                 41 points in [-10.000000,+10.000000] mm
max_fitting_error_normal            0.058/4892.852 G/G
max_fitting_error_skew              339.101/339.101 G/G
r0_for_relative_multipoles          12 mm
main_monomial                       n = 0, skew:False
                                       Nn(s=0)      Integ_Nn     Nn/N0(@r0)   |    Sn(s=0)      Integ_Sn     Sn/S0(@r0)  
<multipole_order n>                    [T/m^n]      [T.m/m^n]        []       |    [T/m^n]      [T.m/m^n]        []      
n=00:                                5.5258e-01    -2.4081e-01   +1.0000e+00  |      ---           ---           ---     
n=01:                                7.2444e+00    +3.2346e+00   -1.6118e-01  |      ---           ---           ---     
n=02:                                6.1552e+00    +1.1578e+00   -6.9233e-04  |      ---           ---           ---     
n=03:                                1.8425e+02    -3.5442e+01   +2.5432e-04  |      ---           ---           ---     
n=04:                                1.2930e+04    -3.5467e+03   +3.0540e-04  |      ---           ---           ---     
n=05:                                9.3271e+05    +4.5270e+04   -4.6777e-05  |      ---           ---           ---     
n=06:                                9.6454e+07    +1.9044e+07   -2.3613e-04  |      ---           ---           ---     
