--- multipoles on reference trajectory (rz > 0) ---
effective_length:                   434.6779510552095 mm
perpendicular_grid:                 41 points in [-10.000000,+10.000000] mm
max_fitting_error_normal            0.054/4710.623 G/G
max_fitting_error_skew              336.674/336.674 G/G
r0_for_relative_multipoles          12 mm
main_monomial                       n = 0, skew:False
                                       Nn(s=0)      Integ_Nn     Nn/N0(@r0)   |    Sn(s=0)      Integ_Sn     Sn/S0(@r0)  
<multipole_order n>                    [T/m^n]      [T.m/m^n]        []       |    [T/m^n]      [T.m/m^n]        []      
n=00:                                5.5513e-01    -2.4130e-01   +1.0000e+00  |      ---           ---           ---     
n=01:                                7.2713e+00    +3.2256e+00   -1.6041e-01  |      ---           ---           ---     
n=02:                                6.4219e+00    +9.5522e-01   -5.7003e-04  |      ---           ---           ---     
n=03:                                9.9505e+00    -1.7543e+01   +1.2563e-04  |      ---           ---           ---     
n=04:                                2.7642e+04    -1.5775e+03   +1.3556e-04  |      ---           ---           ---     
n=05:                                2.3798e+05    -7.7428e+04   +7.9844e-05  |      ---           ---           ---     
n=06:                                1.6222e+08    +6.3209e+06   -7.8217e-05  |      ---           ---           ---     
