--- multipoles on reference trajectory (rz > 0) ---
effective_length:                   436.216636475399 mm
perpendicular_grid:                 41 points in [-10.000000,+10.000000] mm
max_fitting_error_normal            0.019/4859.147 G/G
max_fitting_error_skew              338.430/338.430 G/G
r0_for_relative_multipoles          12 mm
main_monomial                       n = 0, skew:False
                                       Nn(s=0)      Integ_Nn     Nn/N0(@r0)   |    Sn(s=0)      Integ_Sn     Sn/S0(@r0)  
<multipole_order n>                    [T/m^n]      [T.m/m^n]        []       |    [T/m^n]      [T.m/m^n]        []      
n=00:                                5.4950e-01    -2.3970e-01   +1.0000e+00  |      ---           ---           ---     
n=01:                                7.1853e+00    +3.2221e+00   -1.6131e-01  |      ---           ---           ---     
n=02:                                6.0416e+00    +1.0435e+00   -6.2689e-04  |      ---           ---           ---     
n=03:                                2.3990e+01    -1.2372e+01   +8.9186e-05  |      ---           ---           ---     
n=04:                                2.2720e+03    -2.4337e+02   +2.1053e-05  |      ---           ---           ---     
n=05:                                1.6088e+05    -6.6695e+04   +6.9236e-05  |      ---           ---           ---     
n=06:                                5.7149e+06    -6.6354e+05   +8.2658e-06  |      ---           ---           ---     
