--- multipoles on reference trajectory (rz > 0) ---
effective_length:                   435.497332089218 mm
perpendicular_grid:                 41 points in [-10.000000,+10.000000] mm
max_fitting_error_normal            0.048/5096.063 G/G
max_fitting_error_skew              345.034/345.034 G/G
r0_for_relative_multipoles          12 mm
main_monomial                       n = 0, skew:False
                                       Nn(s=0)      Integ_Nn     Nn/N0(@r0)   |    Sn(s=0)      Integ_Sn     Sn/S0(@r0)  
<multipole_order n>                    [T/m^n]      [T.m/m^n]        []       |    [T/m^n]      [T.m/m^n]        []      
n=00:                                5.7825e-01    -2.5183e-01   +1.0000e+00  |      ---           ---           ---     
n=01:                                7.5878e+00    +3.3764e+00   -1.6089e-01  |      ---           ---           ---     
n=02:                                5.9094e+00    +1.2426e+00   -7.1057e-04  |      ---           ---           ---     
n=03:                                4.1820e+01    -1.0903e+01   +7.4817e-05  |      ---           ---           ---     
n=04:                                4.2314e+03    -4.9011e+03   +4.0357e-04  |      ---           ---           ---     
n=05:                                6.8818e+05    -1.4354e+05   +1.4183e-04  |      ---           ---           ---     
n=06:                                1.0812e+07    +2.4316e+07   -2.8832e-04  |      ---           ---           ---     
