--- multipoles on reference trajectory (rz > 0) ---
effective_length:                   435.14025045029297 mm
perpendicular_grid:                 41 points in [-10.000000,+10.000000] mm
max_fitting_error_normal            0.043/4892.960 G/G
max_fitting_error_skew              345.006/345.006 G/G
r0_for_relative_multipoles          12 mm
main_monomial                       n = 0, skew:False
                                       Nn(s=0)      Integ_Nn     Nn/N0(@r0)   |    Sn(s=0)      Integ_Sn     Sn/S0(@r0)  
<multipole_order n>                    [T/m^n]      [T.m/m^n]        []       |    [T/m^n]      [T.m/m^n]        []      
n=00:                                5.5522e-01    -2.4160e-01   +1.0000e+00  |      ---           ---           ---     
n=01:                                7.2702e+00    +3.2352e+00   -1.6069e-01  |      ---           ---           ---     
n=02:                                5.8798e+00    +1.3883e+00   -8.2749e-04  |      ---           ---           ---     
n=03:                                1.1818e+02    -3.2206e+01   +2.3035e-04  |      ---           ---           ---     
n=04:                                4.3839e+03    -6.1827e+03   +5.3065e-04  |      ---           ---           ---     
n=05:                                4.3933e+05    +3.9553e+04   -4.0737e-05  |      ---           ---           ---     
n=06:                                2.2944e+07    +3.0591e+07   -3.7809e-04  |      ---           ---           ---     
