--- multipoles on reference trajectory (rz > 0) ---
effective_length:                   433.9098745592502 mm
perpendicular_grid:                 41 points in [-10.000000,+10.000000] mm
max_fitting_error_normal            0.036/6375.057 G/G
max_fitting_error_skew              338.542/338.542 G/G
r0_for_relative_multipoles          12 mm
main_monomial                       n = 0, skew:False
                                       Nn(s=0)      Integ_Nn     Nn/N0(@r0)   |    Sn(s=0)      Integ_Sn     Sn/S0(@r0)  
<multipole_order n>                    [T/m^n]      [T.m/m^n]        []       |    [T/m^n]      [T.m/m^n]        []      
n=00:                                5.5192e-01    -2.3948e-01   +1.0000e+00  |      ---           ---           ---     
n=01:                                7.2484e+00    +3.2167e+00   -1.6118e-01  |      ---           ---           ---     
n=02:                                5.4405e+00    +8.8122e-01   -5.2987e-04  |      ---           ---           ---     
n=03:                                1.1869e+02    -4.8699e+01   +3.5139e-04  |      ---           ---           ---     
n=04:                                3.1872e+03    +2.4818e+01   -2.1489e-06  |      ---           ---           ---     
n=05:                                3.5874e+05    +6.9848e+04   -7.2575e-05  |      ---           ---           ---     
n=06:                                1.6577e+07    -4.7052e+06   +5.8667e-05  |      ---           ---           ---     
