--- multipoles on reference trajectory (rz > 0) ---
effective_length:                   435.11279574265563 mm
perpendicular_grid:                 41 points in [-10.000000,+10.000000] mm
max_fitting_error_normal            0.042/5801.610 G/G
max_fitting_error_skew              343.983/343.983 G/G
r0_for_relative_multipoles          12 mm
main_monomial                       n = 0, skew:False
                                       Nn(s=0)      Integ_Nn     Nn/N0(@r0)   |    Sn(s=0)      Integ_Sn     Sn/S0(@r0)  
<multipole_order n>                    [T/m^n]      [T.m/m^n]        []       |    [T/m^n]      [T.m/m^n]        []      
n=00:                                5.5346e-01    -2.4082e-01   +1.0000e+00  |      ---           ---           ---     
n=01:                                7.2730e+00    +3.2358e+00   -1.6124e-01  |      ---           ---           ---     
n=02:                                5.7635e+00    +1.3551e+00   -8.1031e-04  |      ---           ---           ---     
n=03:                                1.2068e+02    -3.6852e+01   +2.6443e-04  |      ---           ---           ---     
n=04:                                2.8013e+03    -5.8226e+03   +5.0136e-04  |      ---           ---           ---     
n=05:                                4.5598e+05    +6.9849e+04   -7.2172e-05  |      ---           ---           ---     
n=06:                                1.4295e+07    +2.8150e+07   -3.4904e-04  |      ---           ---           ---     
