--- multipoles on reference trajectory (rz > 0) ---
effective_length:                   434.6091930877834 mm
perpendicular_grid:                 41 points in [-10.000000,+10.000000] mm
max_fitting_error_normal            0.048/6407.215 G/G
max_fitting_error_skew              347.939/347.939 G/G
r0_for_relative_multipoles          12 mm
main_monomial                       n = 0, skew:False
                                       Nn(s=0)      Integ_Nn     Nn/N0(@r0)   |    Sn(s=0)      Integ_Sn     Sn/S0(@r0)  
<multipole_order n>                    [T/m^n]      [T.m/m^n]        []       |    [T/m^n]      [T.m/m^n]        []      
n=00:                                5.5430e-01    -2.4090e-01   +1.0000e+00  |      ---           ---           ---     
n=01:                                7.2859e+00    +3.2336e+00   -1.6107e-01  |      ---           ---           ---     
n=02:                                5.7556e+00    +1.1160e+00   -6.6708e-04  |      ---           ---           ---     
n=03:                                9.1810e+01    -2.5214e+01   +1.8086e-04  |      ---           ---           ---     
n=04:                                1.6474e+03    -1.2838e+03   +1.1051e-04  |      ---           ---           ---     
n=05:                                3.3081e+05    +1.5886e+04   -1.6409e-05  |      ---           ---           ---     
n=06:                                8.5350e+06    -9.3628e+05   +1.1605e-05  |      ---           ---           ---     
