--- multipoles on reference trajectory (rz > 0) ---
effective_length:                   435.6797475911201 mm
perpendicular_grid:                 41 points in [-10.000000,+10.000000] mm
max_fitting_error_normal            0.038/4883.090 G/G
max_fitting_error_skew              339.255/339.255 G/G
r0_for_relative_multipoles          12 mm
main_monomial                       n = 0, skew:False
                                       Nn(s=0)      Integ_Nn     Nn/N0(@r0)   |    Sn(s=0)      Integ_Sn     Sn/S0(@r0)  
<multipole_order n>                    [T/m^n]      [T.m/m^n]        []       |    [T/m^n]      [T.m/m^n]        []      
n=00:                                5.5252e-01    -2.4072e-01   +1.0000e+00  |      ---           ---           ---     
n=01:                                7.2412e+00    +3.2348e+00   -1.6125e-01  |      ---           ---           ---     
n=02:                                5.7102e+00    +9.2410e-01   -5.5279e-04  |      ---           ---           ---     
n=03:                                3.6227e+01    -3.8492e+01   +2.7631e-04  |      ---           ---           ---     
n=04:                                4.3114e+03    -4.2608e+02   +3.6703e-05  |      ---           ---           ---     
n=05:                                3.0532e+05    +1.3429e+04   -1.3881e-05  |      ---           ---           ---     
n=06:                                4.4466e+07    +3.1309e+06   -3.8837e-05  |      ---           ---           ---     
