--- multipoles on reference trajectory (rz > 0) ---
effective_length:                   436.6628198038129 mm
perpendicular_grid:                 41 points in [-10.000000,+10.000000] mm
max_fitting_error_normal            0.057/3948.662 G/G
max_fitting_error_skew              341.787/341.787 G/G
r0_for_relative_multipoles          12 mm
main_monomial                       n = 0, skew:False
                                       Nn(s=0)      Integ_Nn     Nn/N0(@r0)   |    Sn(s=0)      Integ_Sn     Sn/S0(@r0)  
<multipole_order n>                    [T/m^n]      [T.m/m^n]        []       |    [T/m^n]      [T.m/m^n]        []      
n=00:                                5.5148e-01    -2.4081e-01   +1.0000e+00  |      ---           ---           ---     
n=01:                                7.1928e+00    +3.2213e+00   -1.6052e-01  |      ---           ---           ---     
n=02:                                5.4035e+00    +9.8928e-01   -5.9157e-04  |      ---           ---           ---     
n=03:                                8.2667e+01    -3.1926e+01   +2.2909e-04  |      ---           ---           ---     
n=04:                                9.2265e+03    +1.0036e+02   -8.6421e-06  |      ---           ---           ---     
n=05:                                1.1059e+05    +1.5596e+03   -1.6115e-06  |      ---           ---           ---     
n=06:                                3.4101e+07    -3.5423e+06   +4.3923e-05  |      ---           ---           ---     
