--- multipoles on reference trajectory (rz > 0) ---
effective_length:                   435.04836950610894 mm
perpendicular_grid:                 41 points in [-10.000000,+10.000000] mm
max_fitting_error_normal            0.030/6077.219 G/G
max_fitting_error_skew              326.771/326.771 G/G
r0_for_relative_multipoles          12 mm
main_monomial                       n = 0, skew:False
                                       Nn(s=0)      Integ_Nn     Nn/N0(@r0)   |    Sn(s=0)      Integ_Sn     Sn/S0(@r0)  
<multipole_order n>                    [T/m^n]      [T.m/m^n]        []       |    [T/m^n]      [T.m/m^n]        []      
n=00:                                5.2539e-01    -2.2857e-01   +1.0000e+00  |      ---           ---           ---     
n=01:                                6.8653e+00    +3.0618e+00   -1.6075e-01  |      ---           ---           ---     
n=02:                                5.6253e+00    +9.3426e-01   -5.8859e-04  |      ---           ---           ---     
n=03:                                4.0531e+00    -2.3650e+01   +1.7880e-04  |      ---           ---           ---     
n=04:                                6.6390e+03    -4.4323e+01   +4.0211e-06  |      ---           ---           ---     
n=05:                                3.9998e+05    -4.5195e+04   +4.9201e-05  |      ---           ---           ---     
n=06:                                3.1139e+07    -5.7878e+06   +7.5611e-05  |      ---           ---           ---     
