--- multipoles on reference trajectory (rz > 0) ---
effective_length:                   437.24987837876284 mm
perpendicular_grid:                 41 points in [-10.000000,+10.000000] mm
max_fitting_error_normal            0.046/6688.725 G/G
max_fitting_error_skew              357.758/357.758 G/G
r0_for_relative_multipoles          12 mm
main_monomial                       n = 0, skew:False
                                       Nn(s=0)      Integ_Nn     Nn/N0(@r0)   |    Sn(s=0)      Integ_Sn     Sn/S0(@r0)  
<multipole_order n>                    [T/m^n]      [T.m/m^n]        []       |    [T/m^n]      [T.m/m^n]        []      
n=00:                                5.7653e-01    -2.5209e-01   +1.0000e+00  |      ---           ---           ---     
n=01:                                7.5546e+00    +3.3830e+00   -1.6104e-01  |      ---           ---           ---     
n=02:                                5.4575e+00    +9.4273e-01   -5.3852e-04  |      ---           ---           ---     
n=03:                                1.1048e+02    -4.5270e+01   +3.1031e-04  |      ---           ---           ---     
n=04:                                2.3828e+03    -2.5136e+03   +2.0676e-04  |      ---           ---           ---     
n=05:                                2.8521e+05    +2.6756e+04   -2.6410e-05  |      ---           ---           ---     
n=06:                                6.8806e+05    +1.5207e+07   -1.8013e-04  |      ---           ---           ---     
