--- multipoles on reference trajectory (rz > 0) ---
effective_length:                   435.3346301207212 mm
perpendicular_grid:                 41 points in [-10.000000,+10.000000] mm
max_fitting_error_normal            0.033/6714.410 G/G
max_fitting_error_skew              355.770/355.770 G/G
r0_for_relative_multipoles          12 mm
main_monomial                       n = 0, skew:False
                                       Nn(s=0)      Integ_Nn     Nn/N0(@r0)   |    Sn(s=0)      Integ_Sn     Sn/S0(@r0)  
<multipole_order n>                    [T/m^n]      [T.m/m^n]        []       |    [T/m^n]      [T.m/m^n]        []      
n=00:                                5.7874e-01    -2.5195e-01   +1.0000e+00  |      ---           ---           ---     
n=01:                                7.5527e+00    +3.3652e+00   -1.6028e-01  |      ---           ---           ---     
n=02:                                5.4369e+00    +9.0826e-01   -5.1911e-04  |      ---           ---           ---     
n=03:                                4.0100e+01    -3.2299e+01   +2.2152e-04  |      ---           ---           ---     
n=04:                                1.3367e+04    -7.9087e+02   +6.5091e-05  |      ---           ---           ---     
n=05:                                7.2648e+04    -2.7302e+03   +2.6964e-06  |      ---           ---           ---     
n=06:                                8.0698e+07    +1.0363e+06   -1.2282e-05  |      ---           ---           ---     
