--- multipoles on reference trajectory (rz > 0) ---
effective_length:                   434.1287184136722 mm
perpendicular_grid:                 41 points in [-10.000000,+10.000000] mm
max_fitting_error_normal            0.027/6713.395 G/G
max_fitting_error_skew              352.341/352.341 G/G
r0_for_relative_multipoles          12 mm
main_monomial                       n = 0, skew:False
                                       Nn(s=0)      Integ_Nn     Nn/N0(@r0)   |    Sn(s=0)      Integ_Sn     Sn/S0(@r0)  
<multipole_order n>                    [T/m^n]      [T.m/m^n]        []       |    [T/m^n]      [T.m/m^n]        []      
n=00:                                5.8080e-01    -2.5214e-01   +1.0000e+00  |      ---           ---           ---     
n=01:                                7.6025e+00    +3.3720e+00   -1.6048e-01  |      ---           ---           ---     
n=02:                                6.1339e+00    +1.1385e+00   -6.5019e-04  |      ---           ---           ---     
n=03:                                3.4326e+00    -3.3066e+01   +2.2661e-04  |      ---           ---           ---     
n=04:                                2.2819e+03    -5.7716e+02   +4.7465e-05  |      ---           ---           ---     
n=05:                                4.0496e+05    +8.7564e+03   -8.6415e-06  |      ---           ---           ---     
n=06:                                1.5078e+07    -1.8569e+05   +2.1990e-06  |      ---           ---           ---     
