--- multipoles on reference trajectory (rz > 0) ---
effective_length:                   433.7642541569766 mm
perpendicular_grid:                 41 points in [-10.000000,+10.000000] mm
max_fitting_error_normal            0.022/6452.095 G/G
max_fitting_error_skew              341.022/341.022 G/G
r0_for_relative_multipoles          12 mm
main_monomial                       n = 0, skew:False
                                       Nn(s=0)      Integ_Nn     Nn/N0(@r0)   |    Sn(s=0)      Integ_Sn     Sn/S0(@r0)  
<multipole_order n>                    [T/m^n]      [T.m/m^n]        []       |    [T/m^n]      [T.m/m^n]        []      
n=00:                                5.5721e-01    -2.4170e-01   +1.0000e+00  |      ---           ---           ---     
n=01:                                7.3159e+00    +3.2328e+00   -1.6050e-01  |      ---           ---           ---     
n=02:                                4.5815e+00    +9.3172e-01   -5.5511e-04  |      ---           ---           ---     
n=03:                                1.2512e+02    -2.9692e+01   +2.1228e-04  |      ---           ---           ---     
n=04:                                8.5315e+01    -3.8295e+02   +3.2855e-05  |      ---           ---           ---     
n=05:                                4.5738e+05    -1.1042e+01   +1.1368e-08  |      ---           ---           ---     
n=06:                                5.9661e+06    -1.4040e+06   +1.7345e-05  |      ---           ---           ---     
