--- multipoles on reference trajectory (rz > 0) ---
effective_length:                   435.32573567308157 mm
perpendicular_grid:                 41 points in [-10.000000,+10.000000] mm
max_fitting_error_normal            0.033/6707.924 G/G
max_fitting_error_skew              355.425/355.425 G/G
r0_for_relative_multipoles          12 mm
main_monomial                       n = 0, skew:False
                                       Nn(s=0)      Integ_Nn     Nn/N0(@r0)   |    Sn(s=0)      Integ_Sn     Sn/S0(@r0)  
<multipole_order n>                    [T/m^n]      [T.m/m^n]        []       |    [T/m^n]      [T.m/m^n]        []      
n=00:                                5.7814e-01    -2.5168e-01   +1.0000e+00  |      ---           ---           ---     
n=01:                                7.5536e+00    +3.3654e+00   -1.6046e-01  |      ---           ---           ---     
n=02:                                5.4286e+00    +8.9961e-01   -5.1472e-04  |      ---           ---           ---     
n=03:                                3.7454e+01    -3.2639e+01   +2.2409e-04  |      ---           ---           ---     
n=04:                                1.3299e+04    -7.6155e+02   +6.2745e-05  |      ---           ---           ---     
n=05:                                9.4173e+04    -1.3257e+03   +1.3107e-06  |      ---           ---           ---     
n=06:                                8.0413e+07    +7.8610e+05   -9.3265e-06  |      ---           ---           ---     
