--- multipoles on reference trajectory (rz > 0) ---
effective_length:                   434.80011491666113 mm
perpendicular_grid:                 41 points in [-10.000000,+10.000000] mm
max_fitting_error_normal            0.038/4860.943 G/G
max_fitting_error_skew              344.585/344.585 G/G
r0_for_relative_multipoles          12 mm
main_monomial                       n = 0, skew:False
                                       Nn(s=0)      Integ_Nn     Nn/N0(@r0)   |    Sn(s=0)      Integ_Sn     Sn/S0(@r0)  
<multipole_order n>                    [T/m^n]      [T.m/m^n]        []       |    [T/m^n]      [T.m/m^n]        []      
n=00:                                5.5134e-01    -2.3972e-01   +1.0000e+00  |      ---           ---           ---     
n=01:                                7.2536e+00    +3.2204e+00   -1.6120e-01  |      ---           ---           ---     
n=02:                                5.0795e+00    +7.6604e-01   -4.6015e-04  |      ---           ---           ---     
n=03:                                2.1224e+01    -5.9609e+00   +4.2968e-05  |      ---           ---           ---     
n=04:                                3.0512e+03    +3.8265e+03   -3.3099e-04  |      ---           ---           ---     
n=05:                                4.5720e+05    -1.5752e+05   +1.6350e-04  |      ---           ---           ---     
n=06:                                1.7977e+07    -1.9927e+07   +2.4821e-04  |      ---           ---           ---     
