--- multipoles on reference trajectory (rz > 0) ---
effective_length:                   435.0490497993957 mm
perpendicular_grid:                 41 points in [-10.000000,+10.000000] mm
max_fitting_error_normal            0.039/6061.618 G/G
max_fitting_error_skew              331.452/331.452 G/G
r0_for_relative_multipoles          12 mm
main_monomial                       n = 0, skew:False
                                       Nn(s=0)      Integ_Nn     Nn/N0(@r0)   |    Sn(s=0)      Integ_Sn     Sn/S0(@r0)  
<multipole_order n>                    [T/m^n]      [T.m/m^n]        []       |    [T/m^n]      [T.m/m^n]        []      
n=00:                                5.2335e-01    -2.2768e-01   +1.0000e+00  |      ---           ---           ---     
n=01:                                6.8768e+00    +3.0617e+00   -1.6137e-01  |      ---           ---           ---     
n=02:                                4.4185e+00    +7.8024e-01   -4.9347e-04  |      ---           ---           ---     
n=03:                                4.8118e+01    -2.5032e+01   +1.8998e-04  |      ---           ---           ---     
n=04:                                1.3717e+04    +3.6518e+02   -3.3259e-05  |      ---           ---           ---     
n=05:                                1.8714e+04    -4.2053e+04   +4.5959e-05  |      ---           ---           ---     
n=06:                                7.1084e+07    -2.8032e+06   +3.6764e-05  |      ---           ---           ---     
