--- multipoles on reference trajectory (rz > 0) ---
effective_length:                   435.0566638781278 mm
perpendicular_grid:                 41 points in [-10.000000,+10.000000] mm
max_fitting_error_normal            0.039/6065.965 G/G
max_fitting_error_skew              331.678/331.678 G/G
r0_for_relative_multipoles          12 mm
main_monomial                       n = 0, skew:False
                                       Nn(s=0)      Integ_Nn     Nn/N0(@r0)   |    Sn(s=0)      Integ_Sn     Sn/S0(@r0)  
<multipole_order n>                    [T/m^n]      [T.m/m^n]        []       |    [T/m^n]      [T.m/m^n]        []      
n=00:                                5.2375e-01    -2.2786e-01   +1.0000e+00  |      ---           ---           ---     
n=01:                                6.8763e+00    +3.0616e+00   -1.6123e-01  |      ---           ---           ---     
n=02:                                4.4279e+00    +7.8384e-01   -4.9536e-04  |      ---           ---           ---     
n=03:                                5.0679e+01    -2.5145e+01   +1.9069e-04  |      ---           ---           ---     
n=04:                                1.3696e+04    +4.0689e+02   -3.7028e-05  |      ---           ---           ---     
n=05:                                7.1707e+02    -4.0773e+04   +4.4525e-05  |      ---           ---           ---     
n=06:                                7.0881e+07    -3.0468e+06   +3.9926e-05  |      ---           ---           ---     
