--- multipoles on reference trajectory (rz > 0) ---
effective_length:                   436.24253217677597 mm
perpendicular_grid:                 41 points in [-10.000000,+10.000000] mm
max_fitting_error_normal            0.018/4877.516 G/G
max_fitting_error_skew              339.465/339.465 G/G
r0_for_relative_multipoles          12 mm
main_monomial                       n = 0, skew:False
                                       Nn(s=0)      Integ_Nn     Nn/N0(@r0)   |    Sn(s=0)      Integ_Sn     Sn/S0(@r0)  
<multipole_order n>                    [T/m^n]      [T.m/m^n]        []       |    [T/m^n]      [T.m/m^n]        []      
n=00:                                5.5124e-01    -2.4047e-01   +1.0000e+00  |      ---           ---           ---     
n=01:                                7.1824e+00    +3.2216e+00   -1.6076e-01  |      ---           ---           ---     
n=02:                                6.0637e+00    +1.0536e+00   -6.3090e-04  |      ---           ---           ---     
n=03:                                2.6336e+01    -1.2050e+01   +8.6592e-05  |      ---           ---           ---     
n=04:                                2.3270e+03    -2.1293e+02   +1.8361e-05  |      ---           ---           ---     
n=05:                                1.5214e+05    -6.7112e+04   +6.9444e-05  |      ---           ---           ---     
n=06:                                4.5979e+06    -2.4955e+05   +3.0986e-06  |      ---           ---           ---     
