--- multipoles on reference trajectory (rz > 0) ---
effective_length:                   436.12615761303937 mm
perpendicular_grid:                 41 points in [-10.000000,+10.000000] mm
max_fitting_error_normal            0.050/6712.689 G/G
max_fitting_error_skew              372.926/372.926 G/G
r0_for_relative_multipoles          12 mm
main_monomial                       n = 0, skew:False
                                       Nn(s=0)      Integ_Nn     Nn/N0(@r0)   |    Sn(s=0)      Integ_Sn     Sn/S0(@r0)  
<multipole_order n>                    [T/m^n]      [T.m/m^n]        []       |    [T/m^n]      [T.m/m^n]        []      
n=00:                                5.7911e-01    -2.5257e-01   +1.0000e+00  |      ---           ---           ---     
n=01:                                7.5489e+00    +3.3754e+00   -1.6037e-01  |      ---           ---           ---     
n=02:                                6.5572e+00    +1.0798e+00   -6.1567e-04  |      ---           ---           ---     
n=03:                                3.4816e+01    -9.6821e+00   +6.6243e-05  |      ---           ---           ---     
n=04:                                1.3638e+04    -3.8324e+03   +3.1465e-04  |      ---           ---           ---     
n=05:                                3.8409e+05    -2.0309e+05   +2.0008e-04  |      ---           ---           ---     
n=06:                                6.3458e+07    +1.8858e+07   -2.2295e-04  |      ---           ---           ---     
