--- multipoles on reference trajectory (rz > 0) ---
effective_length:                   436.45659139606926 mm
perpendicular_grid:                 41 points in [-10.000000,+10.000000] mm
max_fitting_error_normal            0.066/4528.334 G/G
max_fitting_error_skew              341.018/341.018 G/G
r0_for_relative_multipoles          12 mm
main_monomial                       n = 0, skew:False
                                       Nn(s=0)      Integ_Nn     Nn/N0(@r0)   |    Sn(s=0)      Integ_Sn     Sn/S0(@r0)  
<multipole_order n>                    [T/m^n]      [T.m/m^n]        []       |    [T/m^n]      [T.m/m^n]        []      
n=00:                                5.5252e-01    -2.4115e-01   +1.0000e+00  |      ---           ---           ---     
n=01:                                7.2412e+00    +3.2345e+00   -1.6095e-01  |      ---           ---           ---     
n=02:                                5.7102e+00    +9.0858e-01   -5.4254e-04  |      ---           ---           ---     
n=03:                                3.6227e+01    -2.0251e+01   +1.4511e-04  |      ---           ---           ---     
n=04:                                4.3114e+03    -4.4690e+02   +3.8427e-05  |      ---           ---           ---     
n=05:                                3.0532e+05    -1.5448e+05   +1.5939e-04  |      ---           ---           ---     
n=06:                                4.4466e+07    +3.2607e+06   -4.0374e-05  |      ---           ---           ---     
