--- multipoles on reference trajectory (rz > 0) ---
effective_length:                   434.99518223692723 mm
perpendicular_grid:                 41 points in [-10.000000,+10.000000] mm
max_fitting_error_normal            0.044/5489.815 G/G
max_fitting_error_skew              323.521/323.521 G/G
r0_for_relative_multipoles          12 mm
main_monomial                       n = 0, skew:False
                                       Nn(s=0)      Integ_Nn     Nn/N0(@r0)   |    Sn(s=0)      Integ_Sn     Sn/S0(@r0)  
<multipole_order n>                    [T/m^n]      [T.m/m^n]        []       |    [T/m^n]      [T.m/m^n]        []      
n=00:                                5.2356e-01    -2.2774e-01   +1.0000e+00  |      ---           ---           ---     
n=01:                                6.8937e+00    +3.0631e+00   -1.6140e-01  |      ---           ---           ---     
n=02:                                4.4543e+00    +8.3850e-01   -5.3017e-04  |      ---           ---           ---     
n=03:                                1.1296e+02    -4.8792e+01   +3.7021e-04  |      ---           ---           ---     
n=04:                                1.7793e+04    +5.6007e+02   -5.0994e-05  |      ---           ---           ---     
n=05:                                2.3818e+05    +7.8030e+04   -8.5255e-05  |      ---           ---           ---     
n=06:                                1.0722e+08    -8.1227e+06   +1.0650e-04  |      ---           ---           ---     
