--- multipoles on reference trajectory (rz > 0) ---
effective_length:                   435.9628964075619 mm
perpendicular_grid:                 41 points in [-10.000000,+10.000000] mm
max_fitting_error_normal            0.048/5023.352 G/G
max_fitting_error_skew              350.918/350.918 G/G
r0_for_relative_multipoles          12 mm
main_monomial                       n = 0, skew:False
                                       Nn(s=0)      Integ_Nn     Nn/N0(@r0)   |    Sn(s=0)      Integ_Sn     Sn/S0(@r0)  
<multipole_order n>                    [T/m^n]      [T.m/m^n]        []       |    [T/m^n]      [T.m/m^n]        []      
n=00:                                5.7865e-01    -2.5227e-01   +1.0000e+00  |      ---           ---           ---     
n=01:                                7.5761e+00    +3.3782e+00   -1.6069e-01  |      ---           ---           ---     
n=02:                                7.1478e+00    +1.3463e+00   -7.6848e-04  |      ---           ---           ---     
n=03:                                1.4571e+02    -3.9341e+01   +2.6948e-04  |      ---           ---           ---     
n=04:                                2.1800e+04    -4.7551e+03   +3.9086e-04  |      ---           ---           ---     
n=05:                                6.5699e+05    +5.9028e+04   -5.8223e-05  |      ---           ---           ---     
n=06:                                1.4434e+08    +2.7229e+07   -3.2229e-04  |      ---           ---           ---     
