--- multipoles on reference trajectory (rz > 0) ---
effective_length:                   435.45726881929744 mm
perpendicular_grid:                 41 points in [-10.000000,+10.000000] mm
max_fitting_error_normal            0.038/4458.014 G/G
max_fitting_error_skew              333.287/333.287 G/G
r0_for_relative_multipoles          12 mm
main_monomial                       n = 0, skew:False
                                       Nn(s=0)      Integ_Nn     Nn/N0(@r0)   |    Sn(s=0)      Integ_Sn     Sn/S0(@r0)  
<multipole_order n>                    [T/m^n]      [T.m/m^n]        []       |    [T/m^n]      [T.m/m^n]        []      
n=00:                                5.5063e-01    -2.3977e-01   +1.0000e+00  |      ---           ---           ---     
n=01:                                7.2234e+00    +3.2188e+00   -1.6109e-01  |      ---           ---           ---     
n=02:                                5.2865e+00    +8.4262e-01   -5.0605e-04  |      ---           ---           ---     
n=03:                                5.5611e+01    -3.0167e+01   +2.1740e-04  |      ---           ---           ---     
n=04:                                6.4867e+02    +3.1503e+02   -2.7245e-05  |      ---           ---           ---     
n=05:                                4.8926e+04    -3.4798e+04   +3.6113e-05  |      ---           ---           ---     
n=06:                                3.8935e+06    -4.4540e+06   +5.5467e-05  |      ---           ---           ---     
