--- multipoles on reference trajectory (rz > 0) ---
effective_length:                   434.8025389737774 mm
perpendicular_grid:                 41 points in [-10.000000,+10.000000] mm
max_fitting_error_normal            0.031/4611.645 G/G
max_fitting_error_skew              325.852/325.852 G/G
r0_for_relative_multipoles          12 mm
main_monomial                       n = 0, skew:False
                                       Nn(s=0)      Integ_Nn     Nn/N0(@r0)   |    Sn(s=0)      Integ_Sn     Sn/S0(@r0)  
<multipole_order n>                    [T/m^n]      [T.m/m^n]        []       |    [T/m^n]      [T.m/m^n]        []      
n=00:                                5.2396e-01    -2.2782e-01   +1.0000e+00  |      ---           ---           ---     
n=01:                                6.9069e+00    +3.0649e+00   -1.6144e-01  |      ---           ---           ---     
n=02:                                4.8120e+00    +9.8589e-01   -6.2316e-04  |      ---           ---           ---     
n=03:                                4.3493e+01    -3.1370e+01   +2.3794e-04  |      ---           ---           ---     
n=04:                                9.1991e+03    -1.0374e+03   +9.4420e-05  |      ---           ---           ---     
n=05:                                1.4050e+05    +5.9811e+04   -6.5328e-05  |      ---           ---           ---     
n=06:                                5.2362e+07    +6.4076e+06   -8.3983e-05  |      ---           ---           ---     
