--- multipoles on reference trajectory (rz > 0) ---
effective_length:                   435.27358197561057 mm
perpendicular_grid:                 41 points in [-10.000000,+10.000000] mm
max_fitting_error_normal            0.041/4885.752 G/G
max_fitting_error_skew              339.055/339.055 G/G
r0_for_relative_multipoles          12 mm
main_monomial                       n = 0, skew:False
                                       Nn(s=0)      Integ_Nn     Nn/N0(@r0)   |    Sn(s=0)      Integ_Sn     Sn/S0(@r0)  
<multipole_order n>                    [T/m^n]      [T.m/m^n]        []       |    [T/m^n]      [T.m/m^n]        []      
n=00:                                5.5227e-01    -2.4039e-01   +1.0000e+00  |      ---           ---           ---     
n=01:                                7.2417e+00    +3.2249e+00   -1.6099e-01  |      ---           ---           ---     
n=02:                                4.8867e+00    +6.2425e-01   -3.7395e-04  |      ---           ---           ---     
n=03:                                3.5712e+01    -3.3319e+01   +2.3951e-04  |      ---           ---           ---     
n=04:                                9.6632e+03    +2.0240e+03   -1.7459e-04  |      ---           ---           ---     
n=05:                                7.6126e+04    -2.5123e+04   +2.6005e-05  |      ---           ---           ---     
n=06:                                4.3745e+07    -8.9573e+06   +1.1126e-04  |      ---           ---           ---     
