--- multipoles on reference trajectory (rz > 0) ---
effective_length:                   436.49053770277175 mm
perpendicular_grid:                 41 points in [-10.000000,+10.000000] mm
max_fitting_error_normal            0.078/4539.337 G/G
max_fitting_error_skew              342.015/342.015 G/G
r0_for_relative_multipoles          12 mm
main_monomial                       n = 0, skew:False
                                       Nn(s=0)      Integ_Nn     Nn/N0(@r0)   |    Sn(s=0)      Integ_Sn     Sn/S0(@r0)  
<multipole_order n>                    [T/m^n]      [T.m/m^n]        []       |    [T/m^n]      [T.m/m^n]        []      
n=00:                                5.5428e-01    -2.4194e-01   +1.0000e+00  |      ---           ---           ---     
n=01:                                7.2385e+00    +3.2341e+00   -1.6041e-01  |      ---           ---           ---     
n=02:                                5.7291e+00    +9.0874e-01   -5.4088e-04  |      ---           ---           ---     
n=03:                                3.5780e+01    -2.0754e+01   +1.4823e-04  |      ---           ---           ---     
n=04:                                3.6717e+03    +2.4743e+02   -2.1207e-05  |      ---           ---           ---     
n=05:                                3.3220e+05    -1.4984e+05   +1.5411e-04  |      ---           ---           ---     
n=06:                                4.2349e+07    -9.7146e+05   +1.1990e-05  |      ---           ---           ---     
