--- multipoles on reference trajectory (rz > 0) ---
effective_length:                   436.70879213860854 mm
perpendicular_grid:                 41 points in [-10.000000,+10.000000] mm
max_fitting_error_normal            0.023/6303.536 G/G
max_fitting_error_skew              337.948/337.948 G/G
r0_for_relative_multipoles          12 mm
main_monomial                       n = 0, skew:False
                                       Nn(s=0)      Integ_Nn     Nn/N0(@r0)   |    Sn(s=0)      Integ_Sn     Sn/S0(@r0)  
<multipole_order n>                    [T/m^n]      [T.m/m^n]        []       |    [T/m^n]      [T.m/m^n]        []      
n=00:                                5.5323e-01    -2.4160e-01   +1.0000e+00  |      ---           ---           ---     
n=01:                                7.2283e+00    +3.2362e+00   -1.6074e-01  |      ---           ---           ---     
n=02:                                5.0785e+00    +7.4156e-01   -4.4199e-04  |      ---           ---           ---     
n=03:                                1.7825e+01    -4.3915e+01   +3.1409e-04  |      ---           ---           ---     
n=04:                                4.8168e+03    +1.6398e+03   -1.4074e-04  |      ---           ---           ---     
n=05:                                2.5655e+05    +4.4287e+04   -4.5612e-05  |      ---           ---           ---     
n=06:                                5.1269e+06    -6.8123e+06   +8.4194e-05  |      ---           ---           ---     
