--- multipoles on reference trajectory (rz > 0) ---
effective_length:                   435.55293863135677 mm
perpendicular_grid:                 41 points in [-10.000000,+10.000000] mm
max_fitting_error_normal            0.040/6080.411 G/G
max_fitting_error_skew              316.760/316.760 G/G
r0_for_relative_multipoles          12 mm
main_monomial                       n = 0, skew:False
                                       Nn(s=0)      Integ_Nn     Nn/N0(@r0)   |    Sn(s=0)      Integ_Sn     Sn/S0(@r0)  
<multipole_order n>                    [T/m^n]      [T.m/m^n]        []       |    [T/m^n]      [T.m/m^n]        []      
n=00:                                5.2509e-01    -2.2870e-01   +1.0000e+00  |      ---           ---           ---     
n=01:                                6.8807e+00    +3.0645e+00   -1.6079e-01  |      ---           ---           ---     
n=02:                                6.0036e+00    +1.0712e+00   -6.7445e-04  |      ---           ---           ---     
n=03:                                1.1556e+02    -1.8544e+01   +1.4011e-04  |      ---           ---           ---     
n=04:                                1.7655e+04    -3.2400e+03   +2.9376e-04  |      ---           ---           ---     
n=05:                                4.5650e+05    -5.9642e+04   +6.4891e-05  |      ---           ---           ---     
n=06:                                1.0156e+08    +1.5518e+07   -2.0261e-04  |      ---           ---           ---     
