--- multipoles on reference trajectory (rz > 0) ---
effective_length:                   433.4871737370364 mm
perpendicular_grid:                 41 points in [-10.000000,+10.000000] mm
max_fitting_error_normal            0.032/6405.015 G/G
max_fitting_error_skew              339.153/339.153 G/G
r0_for_relative_multipoles          12 mm
main_monomial                       n = 0, skew:False
                                       Nn(s=0)      Integ_Nn     Nn/N0(@r0)   |    Sn(s=0)      Integ_Sn     Sn/S0(@r0)  
<multipole_order n>                    [T/m^n]      [T.m/m^n]        []       |    [T/m^n]      [T.m/m^n]        []      
n=00:                                5.5494e-01    -2.4056e-01   +1.0000e+00  |      ---           ---           ---     
n=01:                                7.3127e+00    +3.2293e+00   -1.6109e-01  |      ---           ---           ---     
n=02:                                4.3632e+00    +7.0138e-01   -4.1985e-04  |      ---           ---           ---     
n=03:                                3.4931e+01    -3.6419e+01   +2.6161e-04  |      ---           ---           ---     
n=04:                                2.2751e+03    +2.2604e+03   -1.9485e-04  |      ---           ---           ---     
n=05:                                2.2454e+05    -1.7093e+02   +1.7681e-07  |      ---           ---           ---     
n=06:                                1.0034e+07    -1.5243e+07   +1.8921e-04  |      ---           ---           ---     
