--- multipoles on reference trajectory (rz > 0) ---
effective_length:                   434.78076894779946 mm
perpendicular_grid:                 41 points in [-10.000000,+10.000000] mm
max_fitting_error_normal            0.043/6392.095 G/G
max_fitting_error_skew              356.433/356.433 G/G
r0_for_relative_multipoles          12 mm
main_monomial                       n = 0, skew:False
                                       Nn(s=0)      Integ_Nn     Nn/N0(@r0)   |    Sn(s=0)      Integ_Sn     Sn/S0(@r0)  
<multipole_order n>                    [T/m^n]      [T.m/m^n]        []       |    [T/m^n]      [T.m/m^n]        []      
n=00:                                5.5147e-01    -2.3977e-01   +1.0000e+00  |      ---           ---           ---     
n=01:                                7.2497e+00    +3.2165e+00   -1.6098e-01  |      ---           ---           ---     
n=02:                                4.1803e+00    +5.4439e-01   -3.2695e-04  |      ---           ---           ---     
n=03:                                3.6793e+01    -4.2475e+01   +3.0612e-04  |      ---           ---           ---     
n=04:                                1.5464e+04    +6.5908e+03   -5.7000e-04  |      ---           ---           ---     
n=05:                                5.7067e+05    +8.5067e+04   -8.8283e-05  |      ---           ---           ---     
n=06:                                8.5041e+07    -3.7183e+07   +4.6307e-04  |      ---           ---           ---     
