--- multipoles on reference trajectory (rz > 0) ---
effective_length:                   437.2168816779849 mm
perpendicular_grid:                 41 points in [-10.000000,+10.000000] mm
max_fitting_error_normal            0.030/4886.263 G/G
max_fitting_error_skew              342.248/342.248 G/G
r0_for_relative_multipoles          12 mm
main_monomial                       n = 0, skew:False
                                       Nn(s=0)      Integ_Nn     Nn/N0(@r0)   |    Sn(s=0)      Integ_Sn     Sn/S0(@r0)  
<multipole_order n>                    [T/m^n]      [T.m/m^n]        []       |    [T/m^n]      [T.m/m^n]        []      
n=00:                                5.5249e-01    -2.4156e-01   +1.0000e+00  |      ---           ---           ---     
n=01:                                7.2377e+00    +3.2401e+00   -1.6096e-01  |      ---           ---           ---     
n=02:                                5.3934e+00    +7.9392e-01   -4.7328e-04  |      ---           ---           ---     
n=03:                                6.4405e-01    -2.3601e+01   +1.6883e-04  |      ---           ---           ---     
n=04:                                1.6608e+03    +7.6846e+02   -6.5966e-05  |      ---           ---           ---     
n=05:                                5.5194e+05    -7.4273e+04   +7.6509e-05  |      ---           ---           ---     
n=06:                                6.3544e+06    -5.4512e+06   +6.7383e-05  |      ---           ---           ---     
