--- multipoles on reference trajectory (rz > 0) ---
effective_length:                   434.9913718093308 mm
perpendicular_grid:                 41 points in [-10.000000,+10.000000] mm
max_fitting_error_normal            0.042/4638.039 G/G
max_fitting_error_skew              318.087/318.087 G/G
r0_for_relative_multipoles          12 mm
main_monomial                       n = 0, skew:False
                                       Nn(s=0)      Integ_Nn     Nn/N0(@r0)   |    Sn(s=0)      Integ_Sn     Sn/S0(@r0)  
<multipole_order n>                    [T/m^n]      [T.m/m^n]        []       |    [T/m^n]      [T.m/m^n]        []      
n=00:                                5.2471e-01    -2.2824e-01   +1.0000e+00  |      ---           ---           ---     
n=01:                                6.8740e+00    +3.0568e+00   -1.6071e-01  |      ---           ---           ---     
n=02:                                3.9418e+00    +7.1662e-01   -4.5212e-04  |      ---           ---           ---     
n=03:                                5.1794e+00    -3.2110e+01   +2.4310e-04  |      ---           ---           ---     
n=04:                                1.8384e+04    +2.3269e+03   -2.1140e-04  |      ---           ---           ---     
n=05:                                6.0413e+05    -6.2713e+04   +6.8370e-05  |      ---           ---           ---     
n=06:                                9.5281e+07    -1.6276e+07   +2.1293e-04  |      ---           ---           ---     
