--- multipoles on reference trajectory (rz > 0) ---
effective_length:                   435.16475043429205 mm
perpendicular_grid:                 41 points in [-10.000000,+10.000000] mm
max_fitting_error_normal            0.037/5041.917 G/G
max_fitting_error_skew              360.650/360.650 G/G
r0_for_relative_multipoles          12 mm
main_monomial                       n = 0, skew:False
                                       Nn(s=0)      Integ_Nn     Nn/N0(@r0)   |    Sn(s=0)      Integ_Sn     Sn/S0(@r0)  
<multipole_order n>                    [T/m^n]      [T.m/m^n]        []       |    [T/m^n]      [T.m/m^n]        []      
n=00:                                5.7930e-01    -2.5209e-01   +1.0000e+00  |      ---           ---           ---     
n=01:                                7.5852e+00    +3.3772e+00   -1.6076e-01  |      ---           ---           ---     
n=02:                                4.9651e+00    +1.0496e+00   -5.9954e-04  |      ---           ---           ---     
n=03:                                1.4701e+01    -1.5894e+01   +1.0895e-04  |      ---           ---           ---     
n=04:                                2.6155e+04    +1.4070e+03   -1.1573e-04  |      ---           ---           ---     
n=05:                                2.7165e+05    -8.3580e+04   +8.2500e-05  |      ---           ---           ---     
n=06:                                1.6147e+08    -1.0924e+07   +1.2939e-04  |      ---           ---           ---     
