--- multipoles on reference trajectory (rz > 0) ---
effective_length:                   436.65715149265793 mm
perpendicular_grid:                 41 points in [-10.000000,+10.000000] mm
max_fitting_error_normal            0.044/6407.110 G/G
max_fitting_error_skew              357.977/357.977 G/G
r0_for_relative_multipoles          12 mm
main_monomial                       n = 0, skew:False
                                       Nn(s=0)      Integ_Nn     Nn/N0(@r0)   |    Sn(s=0)      Integ_Sn     Sn/S0(@r0)  
<multipole_order n>                    [T/m^n]      [T.m/m^n]        []       |    [T/m^n]      [T.m/m^n]        []      
n=00:                                5.5184e-01    -2.4096e-01   +1.0000e+00  |      ---           ---           ---     
n=01:                                7.2269e+00    +3.2361e+00   -1.6116e-01  |      ---           ---           ---     
n=02:                                6.5520e+00    +1.1822e+00   -7.0648e-04  |      ---           ---           ---     
n=03:                                1.0723e+02    -2.7678e+01   +1.9849e-04  |      ---           ---           ---     
n=04:                                1.3662e+04    -3.7604e+03   +3.2360e-04  |      ---           ---           ---     
n=05:                                2.5982e+05    -4.5468e+04   +4.6952e-05  |      ---           ---           ---     
n=06:                                9.4907e+07    +1.9928e+07   -2.4694e-04  |      ---           ---           ---     
