--- multipoles on reference trajectory (rz > 0) ---
effective_length:                   433.5356162842258 mm
perpendicular_grid:                 41 points in [-10.000000,+10.000000] mm
max_fitting_error_normal            0.045/6689.633 G/G
max_fitting_error_skew              354.538/354.538 G/G
r0_for_relative_multipoles          12 mm
main_monomial                       n = 0, skew:False
                                       Nn(s=0)      Integ_Nn     Nn/N0(@r0)   |    Sn(s=0)      Integ_Sn     Sn/S0(@r0)  
<multipole_order n>                    [T/m^n]      [T.m/m^n]        []       |    [T/m^n]      [T.m/m^n]        []      
n=00:                                5.7902e-01    -2.5103e-01   +1.0000e+00  |      ---           ---           ---     
n=01:                                7.6336e+00    +3.3714e+00   -1.6117e-01  |      ---           ---           ---     
n=02:                                3.8631e+00    +9.3826e-01   -5.3823e-04  |      ---           ---           ---     
n=03:                                1.7161e+02    -7.1576e+01   +4.9271e-04  |      ---           ---           ---     
n=04:                                2.2352e+04    +1.2434e+02   -1.0271e-05  |      ---           ---           ---     
n=05:                                7.4406e+05    +2.3620e+05   -2.3414e-04  |      ---           ---           ---     
n=06:                                1.1591e+08    -5.2844e+06   +6.2859e-05  |      ---           ---           ---     
