--- multipoles on reference trajectory (rz > 0) ---
effective_length:                   435.9397093280273 mm
perpendicular_grid:                 41 points in [-10.000000,+10.000000] mm
max_fitting_error_normal            0.063/6378.989 G/G
max_fitting_error_skew              331.774/331.774 G/G
r0_for_relative_multipoles          12 mm
main_monomial                       n = 0, skew:False
                                       Nn(s=0)      Integ_Nn     Nn/N0(@r0)   |    Sn(s=0)      Integ_Sn     Sn/S0(@r0)  
<multipole_order n>                    [T/m^n]      [T.m/m^n]        []       |    [T/m^n]      [T.m/m^n]        []      
n=00:                                5.5036e-01    -2.3992e-01   +1.0000e+00  |      ---           ---           ---     
n=01:                                7.2043e+00    +3.2191e+00   -1.6101e-01  |      ---           ---           ---     
n=02:                                6.6103e+00    +1.0761e+00   -6.4589e-04  |      ---           ---           ---     
n=03:                                1.2438e+01    -6.8717e+00   +4.9491e-05  |      ---           ---           ---     
n=04:                                1.4948e+04    -3.5446e+03   +3.0635e-04  |      ---           ---           ---     
n=05:                                4.1510e+05    -1.4072e+05   +1.4594e-04  |      ---           ---           ---     
n=06:                                8.0809e+07    +1.9655e+07   -2.4461e-04  |      ---           ---           ---     
