--- multipoles on reference trajectory (rz > 0) ---
effective_length:                   435.3493252034731 mm
perpendicular_grid:                 41 points in [-10.000000,+10.000000] mm
max_fitting_error_normal            0.039/5502.964 G/G
max_fitting_error_skew              344.737/344.737 G/G
r0_for_relative_multipoles          12 mm
main_monomial                       n = 0, skew:False
                                       Nn(s=0)      Integ_Nn     Nn/N0(@r0)   |    Sn(s=0)      Integ_Sn     Sn/S0(@r0)  
<multipole_order n>                    [T/m^n]      [T.m/m^n]        []       |    [T/m^n]      [T.m/m^n]        []      
n=00:                                5.5446e-01    -2.4139e-01   +1.0000e+00  |      ---           ---           ---     
n=01:                                7.2677e+00    +3.2374e+00   -1.6094e-01  |      ---           ---           ---     
n=02:                                4.8574e+00    +8.9640e-01   -5.3475e-04  |      ---           ---           ---     
n=03:                                7.6316e+01    -3.5285e+01   +2.5260e-04  |      ---           ---           ---     
n=04:                                1.7818e+04    +2.0649e+03   -1.7738e-04  |      ---           ---           ---     
n=05:                                1.0284e+05    +4.8219e+04   -4.9706e-05  |      ---           ---           ---     
n=06:                                1.0903e+08    -1.3184e+07   +1.6309e-04  |      ---           ---           ---     
