--- multipoles on reference trajectory (rz > 0) ---
effective_length:                   434.6809412768939 mm
perpendicular_grid:                 41 points in [-10.000000,+10.000000] mm
max_fitting_error_normal            0.058/5027.364 G/G
max_fitting_error_skew              356.441/356.441 G/G
r0_for_relative_multipoles          12 mm
main_monomial                       n = 0, skew:False
                                       Nn(s=0)      Integ_Nn     Nn/N0(@r0)   |    Sn(s=0)      Integ_Sn     Sn/S0(@r0)  
<multipole_order n>                    [T/m^n]      [T.m/m^n]        []       |    [T/m^n]      [T.m/m^n]        []      
n=00:                                5.7929e-01    -2.5181e-01   +1.0000e+00  |      ---           ---           ---     
n=01:                                7.6089e+00    +3.3727e+00   -1.6072e-01  |      ---           ---           ---     
n=02:                                6.2506e+00    +1.1966e+00   -6.8428e-04  |      ---           ---           ---     
n=03:                                1.5629e+02    -4.1784e+01   +2.8674e-04  |      ---           ---           ---     
n=04:                                2.1014e+04    -4.2854e+03   +3.5289e-04  |      ---           ---           ---     
n=05:                                6.3285e+05    +7.0647e+04   -6.9812e-05  |      ---           ---           ---     
n=06:                                1.5306e+08    +2.1055e+07   -2.4967e-04  |      ---           ---           ---     
