--- multipoles on reference trajectory (rz > 0) ---
effective_length:                   436.05963429141514 mm
perpendicular_grid:                 41 points in [-10.000000,+10.000000] mm
max_fitting_error_normal            0.038/4546.836 G/G
max_fitting_error_skew              334.801/334.801 G/G
r0_for_relative_multipoles          12 mm
main_monomial                       n = 0, skew:False
                                       Nn(s=0)      Integ_Nn     Nn/N0(@r0)   |    Sn(s=0)      Integ_Sn     Sn/S0(@r0)  
<multipole_order n>                    [T/m^n]      [T.m/m^n]        []       |    [T/m^n]      [T.m/m^n]        []      
n=00:                                5.5298e-01    -2.4113e-01   +1.0000e+00  |      ---           ---           ---     
n=01:                                7.2513e+00    +3.2366e+00   -1.6107e-01  |      ---           ---           ---     
n=02:                                5.7363e+00    +7.8414e-01   -4.6828e-04  |      ---           ---           ---     
n=03:                                1.7207e+01    -1.6278e+01   +1.1665e-04  |      ---           ---           ---     
n=04:                                8.2140e+03    +1.7045e+03   -1.4658e-04  |      ---           ---           ---     
n=05:                                5.1870e+05    -1.1604e+05   +1.1975e-04  |      ---           ---           ---     
n=06:                                4.2247e+07    -1.3289e+07   +1.6456e-04  |      ---           ---           ---     
