--- multipoles on reference trajectory (rz > 0) ---
effective_length:                   433.41858891962175 mm
perpendicular_grid:                 41 points in [-10.000000,+10.000000] mm
max_fitting_error_normal            0.042/6374.277 G/G
max_fitting_error_skew              334.458/334.458 G/G
r0_for_relative_multipoles          12 mm
main_monomial                       n = 0, skew:False
                                       Nn(s=0)      Integ_Nn     Nn/N0(@r0)   |    Sn(s=0)      Integ_Sn     Sn/S0(@r0)  
<multipole_order n>                    [T/m^n]      [T.m/m^n]        []       |    [T/m^n]      [T.m/m^n]        []      
n=00:                                5.5192e-01    -2.3921e-01   +1.0000e+00  |      ---           ---           ---     
n=01:                                7.2579e+00    +3.2119e+00   -1.6112e-01  |      ---           ---           ---     
n=02:                                6.7124e+00    +1.0775e+00   -6.4861e-04  |      ---           ---           ---     
n=03:                                8.6788e+00    -6.2695e+00   +4.5289e-05  |      ---           ---           ---     
n=04:                                3.2637e+04    -4.6205e+03   +4.0052e-04  |      ---           ---           ---     
n=05:                                2.5443e+05    -1.7003e+05   +1.7687e-04  |      ---           ---           ---     
n=06:                                2.0211e+08    +2.5891e+07   -3.2319e-04  |      ---           ---           ---     
