--- multipoles on reference trajectory (rz > 0) ---
effective_length:                   435.97295641562926 mm
perpendicular_grid:                 41 points in [-10.000000,+10.000000] mm
max_fitting_error_normal            0.038/6386.454 G/G
max_fitting_error_skew              330.331/330.331 G/G
r0_for_relative_multipoles          12 mm
main_monomial                       n = 0, skew:False
                                       Nn(s=0)      Integ_Nn     Nn/N0(@r0)   |    Sn(s=0)      Integ_Sn     Sn/S0(@r0)  
<multipole_order n>                    [T/m^n]      [T.m/m^n]        []       |    [T/m^n]      [T.m/m^n]        []      
n=00:                                5.5036e-01    -2.3994e-01   +1.0000e+00  |      ---           ---           ---     
n=01:                                7.2043e+00    +3.2190e+00   -1.6099e-01  |      ---           ---           ---     
n=02:                                6.6103e+00    +1.1621e+00   -6.9742e-04  |      ---           ---           ---     
n=03:                                1.2438e+01    -1.2525e+01   +9.0199e-05  |      ---           ---           ---     
n=04:                                1.4948e+04    -5.3800e+03   +4.6494e-04  |      ---           ---           ---     
n=05:                                4.1510e+05    -1.1765e+05   +1.2201e-04  |      ---           ---           ---     
n=06:                                8.0809e+07    +3.0446e+07   -3.7889e-04  |      ---           ---           ---     
