--- multipoles on reference trajectory (rz > 0) ---
effective_length:                   435.90009358578806 mm
perpendicular_grid:                 41 points in [-10.000000,+10.000000] mm
max_fitting_error_normal            0.028/6701.516 G/G
max_fitting_error_skew              354.427/354.427 G/G
r0_for_relative_multipoles          12 mm
main_monomial                       n = 0, skew:False
                                       Nn(s=0)      Integ_Nn     Nn/N0(@r0)   |    Sn(s=0)      Integ_Sn     Sn/S0(@r0)  
<multipole_order n>                    [T/m^n]      [T.m/m^n]        []       |    [T/m^n]      [T.m/m^n]        []      
n=00:                                5.7786e-01    -2.5189e-01   +1.0000e+00  |      ---           ---           ---     
n=01:                                7.5436e+00    +3.3719e+00   -1.6064e-01  |      ---           ---           ---     
n=02:                                6.4012e+00    +1.0812e+00   -6.1809e-04  |      ---           ---           ---     
n=03:                                4.1390e+01    -8.9868e+00   +6.1651e-05  |      ---           ---           ---     
n=04:                                7.6956e+03    -2.5273e+03   +2.0805e-04  |      ---           ---           ---     
n=05:                                8.0109e+04    -1.5180e+05   +1.4996e-04  |      ---           ---           ---     
n=06:                                5.4432e+07    +1.1461e+07   -1.3586e-04  |      ---           ---           ---     
