--- multipoles on reference trajectory (rz > 0) ---
effective_length:                   434.5165273298308 mm
perpendicular_grid:                 41 points in [-10.000000,+10.000000] mm
max_fitting_error_normal            0.040/5538.036 G/G
max_fitting_error_skew              356.113/356.113 G/G
r0_for_relative_multipoles          12 mm
main_monomial                       n = 0, skew:False
                                       Nn(s=0)      Integ_Nn     Nn/N0(@r0)   |    Sn(s=0)      Integ_Sn     Sn/S0(@r0)  
<multipole_order n>                    [T/m^n]      [T.m/m^n]        []       |    [T/m^n]      [T.m/m^n]        []      
n=00:                                5.8080e-01    -2.5237e-01   +1.0000e+00  |      ---           ---           ---     
n=01:                                7.6317e+00    +3.3772e+00   -1.6059e-01  |      ---           ---           ---     
n=02:                                4.0288e+00    +8.8409e-01   -5.0446e-04  |      ---           ---           ---     
n=03:                                1.8744e+02    -5.2457e+01   +3.5918e-04  |      ---           ---           ---     
n=04:                                2.0008e+04    +3.1709e+03   -2.6054e-04  |      ---           ---           ---     
n=05:                                8.5647e+05    +1.3870e+05   -1.3675e-04  |      ---           ---           ---     
n=06:                                1.0418e+08    -2.0767e+07   +2.4571e-04  |      ---           ---           ---     
