--- multipoles on reference trajectory (rz > 0) ---
effective_length:                   434.42580763407943 mm
perpendicular_grid:                 41 points in [-10.000000,+10.000000] mm
max_fitting_error_normal            0.036/3584.685 G/G
max_fitting_error_skew              336.562/336.562 G/G
r0_for_relative_multipoles          12 mm
main_monomial                       n = 0, skew:False
                                       Nn(s=0)      Integ_Nn     Nn/N0(@r0)   |    Sn(s=0)      Integ_Sn     Sn/S0(@r0)  
<multipole_order n>                    [T/m^n]      [T.m/m^n]        []       |    [T/m^n]      [T.m/m^n]        []      
n=00:                                5.5225e-01    -2.3991e-01   +1.0000e+00  |      ---           ---           ---     
n=01:                                7.2571e+00    +3.2207e+00   -1.6109e-01  |      ---           ---           ---     
n=02:                                5.0112e+00    +9.0716e-01   -5.4449e-04  |      ---           ---           ---     
n=03:                                2.0544e+01    -1.4552e+01   +1.0482e-04  |      ---           ---           ---     
n=04:                                6.0897e+02    -2.4074e+02   +2.0808e-05  |      ---           ---           ---     
n=05:                                5.1026e+05    -1.2328e+05   +1.2787e-04  |      ---           ---           ---     
n=06:                                1.8281e+07    +4.0100e+06   -4.9909e-05  |      ---           ---           ---     
