--- multipoles on reference trajectory (rz > 0) ---
effective_length:                   435.4932589087089 mm
perpendicular_grid:                 41 points in [-10.000000,+10.000000] mm
max_fitting_error_normal            0.041/4853.874 G/G
max_fitting_error_skew              344.968/344.968 G/G
r0_for_relative_multipoles          12 mm
main_monomial                       n = 0, skew:False
                                       Nn(s=0)      Integ_Nn     Nn/N0(@r0)   |    Sn(s=0)      Integ_Sn     Sn/S0(@r0)  
<multipole_order n>                    [T/m^n]      [T.m/m^n]        []       |    [T/m^n]      [T.m/m^n]        []      
n=00:                                5.5092e-01    -2.3992e-01   +1.0000e+00  |      ---           ---           ---     
n=01:                                7.2510e+00    +3.2207e+00   -1.6109e-01  |      ---           ---           ---     
n=02:                                5.7118e+00    +8.6621e-01   -5.1990e-04  |      ---           ---           ---     
n=03:                                1.2237e+02    -1.8188e+01   +1.3100e-04  |      ---           ---           ---     
n=04:                                2.5688e+03    +4.4613e+03   -3.8559e-04  |      ---           ---           ---     
n=05:                                1.1177e+06    -6.9238e+04   +7.1810e-05  |      ---           ---           ---     
n=06:                                1.8907e+07    -2.4512e+07   +3.0507e-04  |      ---           ---           ---     
