--- multipoles on reference trajectory (rz > 0) ---
effective_length:                   436.24302504484893 mm
perpendicular_grid:                 41 points in [-10.000000,+10.000000] mm
max_fitting_error_normal            0.038/6390.095 G/G
max_fitting_error_skew              356.059/356.059 G/G
r0_for_relative_multipoles          12 mm
main_monomial                       n = 0, skew:False
                                       Nn(s=0)      Integ_Nn     Nn/N0(@r0)   |    Sn(s=0)      Integ_Sn     Sn/S0(@r0)  
<multipole_order n>                    [T/m^n]      [T.m/m^n]        []       |    [T/m^n]      [T.m/m^n]        []      
n=00:                                5.5122e-01    -2.4047e-01   +1.0000e+00  |      ---           ---           ---     
n=01:                                7.1857e+00    +3.2202e+00   -1.6070e-01  |      ---           ---           ---     
n=02:                                7.1089e+00    +1.0557e+00   -6.3217e-04  |      ---           ---           ---     
n=03:                                8.4038e+01    +1.7877e+01   -1.2847e-04  |      ---           ---           ---     
n=04:                                2.1056e+04    -2.1607e+03   +1.8633e-04  |      ---           ---           ---     
n=05:                                8.8032e+05    -3.0579e+05   +3.1642e-04  |      ---           ---           ---     
n=06:                                1.2172e+08    +1.1365e+07   -1.4112e-04  |      ---           ---           ---     
