--- multipoles on reference trajectory (rz > 0) ---
effective_length:                   435.91785165690067 mm
perpendicular_grid:                 41 points in [-10.000000,+10.000000] mm
max_fitting_error_normal            0.031/4877.283 G/G
max_fitting_error_skew              356.553/356.553 G/G
r0_for_relative_multipoles          12 mm
main_monomial                       n = 0, skew:False
                                       Nn(s=0)      Integ_Nn     Nn/N0(@r0)   |    Sn(s=0)      Integ_Sn     Sn/S0(@r0)  
<multipole_order n>                    [T/m^n]      [T.m/m^n]        []       |    [T/m^n]      [T.m/m^n]        []      
n=00:                                5.5264e-01    -2.4090e-01   +1.0000e+00  |      ---           ---           ---     
n=01:                                7.2351e+00    +3.2289e+00   -1.6084e-01  |      ---           ---           ---     
n=02:                                5.5052e+00    +7.6880e-01   -4.5955e-04  |      ---           ---           ---     
n=03:                                7.1909e+01    -4.2882e+01   +3.0759e-04  |      ---           ---           ---     
n=04:                                2.3762e+03    -1.0742e+03   +9.2462e-05  |      ---           ---           ---     
n=05:                                9.0492e+04    +6.6949e+04   -6.9153e-05  |      ---           ---           ---     
n=06:                                1.2725e+07    +3.1971e+06   -3.9628e-05  |      ---           ---           ---     
