--- multipoles on reference trajectory (rz > 0) ---
effective_length:                   437.21556867370504 mm
perpendicular_grid:                 41 points in [-10.000000,+10.000000] mm
max_fitting_error_normal            0.027/6378.421 G/G
max_fitting_error_skew              340.644/340.644 G/G
r0_for_relative_multipoles          12 mm
main_monomial                       n = 0, skew:False
                                       Nn(s=0)      Integ_Nn     Nn/N0(@r0)   |    Sn(s=0)      Integ_Sn     Sn/S0(@r0)  
<multipole_order n>                    [T/m^n]      [T.m/m^n]        []       |    [T/m^n]      [T.m/m^n]        []      
n=00:                                5.4999e-01    -2.4046e-01   +1.0000e+00  |      ---           ---           ---     
n=01:                                7.2076e+00    +3.2256e+00   -1.6097e-01  |      ---           ---           ---     
n=02:                                5.1888e+00    +9.4614e-01   -5.6659e-04  |      ---           ---           ---     
n=03:                                1.0155e+02    -3.6399e+01   +2.6157e-04  |      ---           ---           ---     
n=04:                                3.3381e+03    -2.3058e+03   +1.9884e-04  |      ---           ---           ---     
n=05:                                1.6810e+05    +2.3114e+04   -2.3919e-05  |      ---           ---           ---     
n=06:                                1.8112e+07    +8.1423e+06   -1.0111e-04  |      ---           ---           ---     
