--- multipoles on reference trajectory (rz > 0) ---
effective_length:                   435.69532336102145 mm
perpendicular_grid:                 41 points in [-10.000000,+10.000000] mm
max_fitting_error_normal            0.046/6394.311 G/G
max_fitting_error_skew              338.729/338.729 G/G
r0_for_relative_multipoles          12 mm
main_monomial                       n = 0, skew:False
                                       Nn(s=0)      Integ_Nn     Nn/N0(@r0)   |    Sn(s=0)      Integ_Sn     Sn/S0(@r0)  
<multipole_order n>                    [T/m^n]      [T.m/m^n]        []       |    [T/m^n]      [T.m/m^n]        []      
n=00:                                5.5185e-01    -2.4044e-01   +1.0000e+00  |      ---           ---           ---     
n=01:                                7.2055e+00    +3.2189e+00   -1.6065e-01  |      ---           ---           ---     
n=02:                                6.0028e+00    +1.0114e+00   -6.0574e-04  |      ---           ---           ---     
n=03:                                4.4632e+01    -1.2318e+01   +8.8528e-05  |      ---           ---           ---     
n=04:                                1.0991e+04    -3.0151e+03   +2.6003e-04  |      ---           ---           ---     
n=05:                                5.9424e+04    -1.1862e+05   +1.2276e-04  |      ---           ---           ---     
n=06:                                7.9460e+07    +1.9392e+07   -2.4083e-04  |      ---           ---           ---     
