--- multipoles on reference trajectory (rz > 0) ---
effective_length:                   436.11863751045615 mm
perpendicular_grid:                 41 points in [-10.000000,+10.000000] mm
max_fitting_error_normal            0.029/6420.740 G/G
max_fitting_error_skew              330.079/330.079 G/G
r0_for_relative_multipoles          12 mm
main_monomial                       n = 0, skew:False
                                       Nn(s=0)      Integ_Nn     Nn/N0(@r0)   |    Sn(s=0)      Integ_Sn     Sn/S0(@r0)  
<multipole_order n>                    [T/m^n]      [T.m/m^n]        []       |    [T/m^n]      [T.m/m^n]        []      
n=00:                                5.5334e-01    -2.4132e-01   +1.0000e+00  |      ---           ---           ---     
n=01:                                7.2205e+00    +3.2306e+00   -1.6065e-01  |      ---           ---           ---     
n=02:                                6.6736e+00    +1.0791e+00   -6.4392e-04  |      ---           ---           ---     
n=03:                                4.5252e+01    -3.8352e+01   +2.7462e-04  |      ---           ---           ---     
n=04:                                1.5539e+04    -1.7440e+03   +1.4986e-04  |      ---           ---           ---     
n=05:                                1.6954e+05    +2.0790e+04   -2.1437e-05  |      ---           ---           ---     
n=06:                                8.3084e+07    +3.3979e+06   -4.2044e-05  |      ---           ---           ---     
