--- multipoles on reference trajectory (rz > 0) ---
effective_length:                   434.1033638629585 mm
perpendicular_grid:                 41 points in [-10.000000,+10.000000] mm
max_fitting_error_normal            0.043/6064.501 G/G
max_fitting_error_skew              319.537/319.537 G/G
r0_for_relative_multipoles          12 mm
main_monomial                       n = 0, skew:False
                                       Nn(s=0)      Integ_Nn     Nn/N0(@r0)   |    Sn(s=0)      Integ_Sn     Sn/S0(@r0)  
<multipole_order n>                    [T/m^n]      [T.m/m^n]        []       |    [T/m^n]      [T.m/m^n]        []      
n=00:                                5.2466e-01    -2.2775e-01   +1.0000e+00  |      ---           ---           ---     
n=01:                                6.9085e+00    +3.0631e+00   -1.6139e-01  |      ---           ---           ---     
n=02:                                4.3345e+00    +8.8413e-01   -5.5900e-04  |      ---           ---           ---     
n=03:                                4.5576e+01    -2.0749e+01   +1.5742e-04  |      ---           ---           ---     
n=04:                                1.4136e+04    +4.9001e+02   -4.4613e-05  |      ---           ---           ---     
n=05:                                3.9851e+04    -5.0182e+04   +5.4826e-05  |      ---           ---           ---     
n=06:                                7.5130e+07    -3.0911e+06   +4.0526e-05  |      ---           ---           ---     
