--- multipoles on reference trajectory (rz > 0) ---
effective_length:                   434.6384086947726 mm
perpendicular_grid:                 41 points in [-10.000000,+10.000000] mm
max_fitting_error_normal            0.061/6401.685 G/G
max_fitting_error_skew              343.998/343.998 G/G
r0_for_relative_multipoles          12 mm
main_monomial                       n = 0, skew:False
                                       Nn(s=0)      Integ_Nn     Nn/N0(@r0)   |    Sn(s=0)      Integ_Sn     Sn/S0(@r0)  
<multipole_order n>                    [T/m^n]      [T.m/m^n]        []       |    [T/m^n]      [T.m/m^n]        []      
n=00:                                5.5362e-01    -2.4062e-01   +1.0000e+00  |      ---           ---           ---     
n=01:                                7.2600e+00    +3.2237e+00   -1.6077e-01  |      ---           ---           ---     
n=02:                                4.7253e+00    +9.4273e-01   -5.6417e-04  |      ---           ---           ---     
n=03:                                4.7394e+00    -4.2590e+01   +3.0586e-04  |      ---           ---           ---     
n=04:                                1.9108e+04    +2.7505e+03   -2.3703e-04  |      ---           ---           ---     
n=05:                                3.2942e+05    +1.2164e+05   -1.2579e-04  |      ---           ---           ---     
n=06:                                1.3684e+08    -2.2637e+07   +2.8091e-04  |      ---           ---           ---     
