--- multipoles on reference trajectory (rz > 0) ---
effective_length:                   436.5107082105136 mm
perpendicular_grid:                 41 points in [-10.000000,+10.000000] mm
max_fitting_error_normal            0.032/5175.358 G/G
max_fitting_error_skew              339.822/339.822 G/G
r0_for_relative_multipoles          12 mm
main_monomial                       n = 0, skew:False
                                       Nn(s=0)      Integ_Nn     Nn/N0(@r0)   |    Sn(s=0)      Integ_Sn     Sn/S0(@r0)  
<multipole_order n>                    [T/m^n]      [T.m/m^n]        []       |    [T/m^n]      [T.m/m^n]        []      
n=00:                                5.2438e-01    -2.2890e-01   +1.0000e+00  |      ---           ---           ---     
n=01:                                6.8421e+00    +3.0650e+00   -1.6068e-01  |      ---           ---           ---     
n=02:                                5.1794e+00    +7.9742e-01   -5.0166e-04  |      ---           ---           ---     
n=03:                                2.2130e+01    -2.0753e+01   +1.5667e-04  |      ---           ---           ---     
n=04:                                4.2359e+03    +2.9279e+03   -2.6524e-04  |      ---           ---           ---     
n=05:                                4.4513e+05    -1.0573e+04   +1.1494e-05  |      ---           ---           ---     
n=06:                                9.5743e+06    -1.4525e+07   +1.8948e-04  |      ---           ---           ---     
