--- multipoles on reference trajectory (rz > 0) ---
effective_length:                   433.7370081249774 mm
perpendicular_grid:                 41 points in [-10.000000,+10.000000] mm
max_fitting_error_normal            0.031/6692.187 G/G
max_fitting_error_skew              360.413/360.413 G/G
r0_for_relative_multipoles          12 mm
main_monomial                       n = 0, skew:False
                                       Nn(s=0)      Integ_Nn     Nn/N0(@r0)   |    Sn(s=0)      Integ_Sn     Sn/S0(@r0)  
<multipole_order n>                    [T/m^n]      [T.m/m^n]        []       |    [T/m^n]      [T.m/m^n]        []      
n=00:                                5.7898e-01    -2.5113e-01   +1.0000e+00  |      ---           ---           ---     
n=01:                                7.6138e+00    +3.3710e+00   -1.6108e-01  |      ---           ---           ---     
n=02:                                5.9889e+00    +1.2176e+00   -6.9819e-04  |      ---           ---           ---     
n=03:                                3.1075e+01    -2.9815e+01   +2.0516e-04  |      ---           ---           ---     
n=04:                                2.9822e+01    -1.9706e+03   +1.6272e-04  |      ---           ---           ---     
n=05:                                1.9867e+05    +1.6807e+04   -1.6653e-05  |      ---           ---           ---     
n=06:                                8.1923e+06    +7.2405e+06   -8.6092e-05  |      ---           ---           ---     
