--- multipoles on reference trajectory (rz > 0) ---
effective_length:                   435.66121956664074 mm
perpendicular_grid:                 41 points in [-10.000000,+10.000000] mm
max_fitting_error_normal            0.046/4879.852 G/G
max_fitting_error_skew              335.764/335.764 G/G
r0_for_relative_multipoles          12 mm
main_monomial                       n = 0, skew:False
                                       Nn(s=0)      Integ_Nn     Nn/N0(@r0)   |    Sn(s=0)      Integ_Sn     Sn/S0(@r0)  
<multipole_order n>                    [T/m^n]      [T.m/m^n]        []       |    [T/m^n]      [T.m/m^n]        []      
n=00:                                5.5226e-01    -2.4060e-01   +1.0000e+00  |      ---           ---           ---     
n=01:                                7.2402e+00    +3.2235e+00   -1.6077e-01  |      ---           ---           ---     
n=02:                                4.4573e+00    +8.7115e-01   -5.2139e-04  |      ---           ---           ---     
n=03:                                3.4227e+00    -3.7157e+01   +2.6686e-04  |      ---           ---           ---     
n=04:                                2.1645e+04    +2.1573e+03   -1.8593e-04  |      ---           ---           ---     
n=05:                                4.1419e+05    +2.6771e+04   -2.7687e-05  |      ---           ---           ---     
n=06:                                1.2131e+08    -1.0498e+07   +1.3029e-04  |      ---           ---           ---     
