--- multipoles on reference trajectory (rz > 0) ---
effective_length:                   434.19863990043575 mm
perpendicular_grid:                 41 points in [-10.000000,+10.000000] mm
max_fitting_error_normal            0.060/6062.268 G/G
max_fitting_error_skew              310.463/310.463 G/G
r0_for_relative_multipoles          12 mm
main_monomial                       n = 0, skew:False
                                       Nn(s=0)      Integ_Nn     Nn/N0(@r0)   |    Sn(s=0)      Integ_Sn     Sn/S0(@r0)  
<multipole_order n>                    [T/m^n]      [T.m/m^n]        []       |    [T/m^n]      [T.m/m^n]        []      
n=00:                                5.2470e-01    -2.2782e-01   +1.0000e+00  |      ---           ---           ---     
n=01:                                6.8922e+00    +3.0563e+00   -1.6098e-01  |      ---           ---           ---     
n=02:                                4.8814e+00    +6.6418e-01   -4.1980e-04  |      ---           ---           ---     
n=03:                                3.2786e+01    -5.9390e+00   +4.5047e-05  |      ---           ---           ---     
n=04:                                1.4259e+04    -8.6071e+02   +7.8340e-05  |      ---           ---           ---     
n=05:                                6.3774e+04    -2.1930e+05   +2.3953e-04  |      ---           ---           ---     
n=06:                                9.7691e+07    +8.3040e+06   -1.0884e-04  |      ---           ---           ---     
