--- multipoles on reference trajectory (rz > 0) ---
effective_length:                   435.95382558894676 mm
perpendicular_grid:                 41 points in [-10.000000,+10.000000] mm
max_fitting_error_normal            0.032/4857.052 G/G
max_fitting_error_skew              332.922/332.922 G/G
r0_for_relative_multipoles          12 mm
main_monomial                       n = 0, skew:False
                                       Nn(s=0)      Integ_Nn     Nn/N0(@r0)   |    Sn(s=0)      Integ_Sn     Sn/S0(@r0)  
<multipole_order n>                    [T/m^n]      [T.m/m^n]        []       |    [T/m^n]      [T.m/m^n]        []      
n=00:                                5.5222e-01    -2.4074e-01   +1.0000e+00  |      ---           ---           ---     
n=01:                                7.2426e+00    +3.2354e+00   -1.6127e-01  |      ---           ---           ---     
n=02:                                5.8003e+00    +1.1681e+00   -6.9871e-04  |      ---           ---           ---     
n=03:                                1.3677e+02    -5.7990e+01   +4.1624e-04  |      ---           ---           ---     
n=04:                                3.3928e+03    -4.6668e+03   +4.0197e-04  |      ---           ---           ---     
n=05:                                4.0517e+05    +1.4129e+05   -1.4604e-04  |      ---           ---           ---     
n=06:                                3.1394e+07    +2.1367e+07   -2.6502e-04  |      ---           ---           ---     
