--- multipoles on reference trajectory (rz > 0) ---
effective_length:                   435.86396605824774 mm
perpendicular_grid:                 41 points in [-10.000000,+10.000000] mm
max_fitting_error_normal            0.058/3640.574 G/G
max_fitting_error_skew              317.554/317.554 G/G
r0_for_relative_multipoles          12 mm
main_monomial                       n = 0, skew:False
                                       Nn(s=0)      Integ_Nn     Nn/N0(@r0)   |    Sn(s=0)      Integ_Sn     Sn/S0(@r0)  
<multipole_order n>                    [T/m^n]      [T.m/m^n]        []       |    [T/m^n]      [T.m/m^n]        []      
n=00:                                5.2509e-01    -2.2887e-01   +1.0000e+00  |      ---           ---           ---     
n=01:                                6.8807e+00    +3.0650e+00   -1.6070e-01  |      ---           ---           ---     
n=02:                                6.0036e+00    +1.1969e+00   -7.5305e-04  |      ---           ---           ---     
n=03:                                1.1556e+02    -2.9992e+01   +2.2645e-04  |      ---           ---           ---     
n=04:                                1.7655e+04    -6.8126e+03   +6.1724e-04  |      ---           ---           ---     
n=05:                                4.5650e+05    +3.5136e+04   -3.8201e-05  |      ---           ---           ---     
n=06:                                1.0156e+08    +3.6732e+07   -4.7924e-04  |      ---           ---           ---     
