--- multipoles on reference trajectory (rz > 0) ---
effective_length:                   436.2019517908012 mm
perpendicular_grid:                 41 points in [-10.000000,+10.000000] mm
max_fitting_error_normal            0.251/3794.903 G/G
max_fitting_error_skew              8.359/8.359 G/G
r0_for_relative_multipoles          12 mm
main_monomial                       n = 0, skew:False
                                       Nn(s=0)      Integ_Nn     Nn/N0(@r0)   |    Sn(s=0)      Integ_Sn     Sn/S0(@r0)  
<multipole_order n>                    [T/m^n]      [T.m/m^n]        []       |    [T/m^n]      [T.m/m^n]        []      
n=00:                                5.5851e-01    -2.4362e-01   +1.0000e+00  |      ---           ---           ---     
n=01:                                7.3256e+00    +3.2758e+00   -1.6135e-01  |      ---           ---           ---     
n=02:                                5.1624e+00    +7.1057e-01   -4.2000e-04  |      ---           ---           ---     
n=03:                                8.5979e+01    -3.5540e+01   +2.5208e-04  |      ---           ---           ---     
n=04:                                6.6325e+03    -9.1138e+02   +7.7571e-05  |      ---           ---           ---     
n=05:                                8.4037e+04    +1.4299e+04   -1.4604e-05  |      ---           ---           ---     
n=06:                                5.7326e+07    +2.1833e+06   -2.6759e-05  |      ---           ---           ---     
