--- multipoles on reference trajectory (rz > 0) ---
effective_length:                   436.3050875169788 mm
perpendicular_grid:                 41 points in [-10.000000,+10.000000] mm
max_fitting_error_normal            0.041/5120.470 G/G
max_fitting_error_skew              353.381/353.381 G/G
r0_for_relative_multipoles          12 mm
main_monomial                       n = 0, skew:False
                                       Nn(s=0)      Integ_Nn     Nn/N0(@r0)   |    Sn(s=0)      Integ_Sn     Sn/S0(@r0)  
<multipole_order n>                    [T/m^n]      [T.m/m^n]        []       |    [T/m^n]      [T.m/m^n]        []      
n=00:                                5.7766e-01    -2.5203e-01   +1.0000e+00  |      ---           ---           ---     
n=01:                                7.5280e+00    +3.3752e+00   -1.6070e-01  |      ---           ---           ---     
n=02:                                7.1132e+00    +1.1548e+00   -6.5982e-04  |      ---           ---           ---     
n=03:                                1.3546e+01    -2.1263e+01   +1.4578e-04  |      ---           ---           ---     
n=04:                                2.3424e+04    -4.9587e+03   +4.0797e-04  |      ---           ---           ---     
n=05:                                4.6627e+05    -8.7703e+04   +8.6589e-05  |      ---           ---           ---     
n=06:                                1.5278e+08    +3.1630e+07   -3.7474e-04  |      ---           ---           ---     
