--- multipoles on reference trajectory (rz > 0) ---
effective_length:                   434.27227853692483 mm
perpendicular_grid:                 41 points in [-10.000000,+10.000000] mm
max_fitting_error_normal            0.043/5096.174 G/G
max_fitting_error_skew              343.019/343.019 G/G
r0_for_relative_multipoles          12 mm
main_monomial                       n = 0, skew:False
                                       Nn(s=0)      Integ_Nn     Nn/N0(@r0)   |    Sn(s=0)      Integ_Sn     Sn/S0(@r0)  
<multipole_order n>                    [T/m^n]      [T.m/m^n]        []       |    [T/m^n]      [T.m/m^n]        []      
n=00:                                5.7825e-01    -2.5112e-01   +1.0000e+00  |      ---           ---           ---     
n=01:                                7.5878e+00    +3.3679e+00   -1.6094e-01  |      ---           ---           ---     
n=02:                                5.9094e+00    +1.0717e+00   -6.1457e-04  |      ---           ---           ---     
n=03:                                4.1820e+01    -9.9459e+00   +6.8440e-05  |      ---           ---           ---     
n=04:                                4.2314e+03    -2.5444e+03   +2.1010e-04  |      ---           ---           ---     
n=05:                                6.8818e+05    -1.6883e+05   +1.6730e-04  |      ---           ---           ---     
n=06:                                1.0812e+07    +9.5289e+06   -1.1331e-04  |      ---           ---           ---     
