--- multipoles on reference trajectory (rz > 0) ---
effective_length:                   435.873120709712 mm
perpendicular_grid:                 41 points in [-10.000000,+10.000000] mm
max_fitting_error_normal            0.029/6062.105 G/G
max_fitting_error_skew              337.050/337.050 G/G
r0_for_relative_multipoles          12 mm
main_monomial                       n = 0, skew:False
                                       Nn(s=0)      Integ_Nn     Nn/N0(@r0)   |    Sn(s=0)      Integ_Sn     Sn/S0(@r0)  
<multipole_order n>                    [T/m^n]      [T.m/m^n]        []       |    [T/m^n]      [T.m/m^n]        []      
n=00:                                5.2321e-01    -2.2805e-01   +1.0000e+00  |      ---           ---           ---     
n=01:                                6.8610e+00    +3.0595e+00   -1.6099e-01  |      ---           ---           ---     
n=02:                                4.3790e+00    +6.1507e-01   -3.8838e-04  |      ---           ---           ---     
n=03:                                1.3926e+02    -4.1572e+01   +3.1500e-04  |      ---           ---           ---     
n=04:                                6.7056e+03    -5.5650e+02   +5.0600e-05  |      ---           ---           ---     
n=05:                                4.6368e+05    +2.5008e+04   -2.7287e-05  |      ---           ---           ---     
n=06:                                3.2717e+07    +7.8466e+05   -1.0274e-05  |      ---           ---           ---     
