--- multipoles on reference trajectory (rz > 0) ---
effective_length:                   435.569021316869 mm
perpendicular_grid:                 41 points in [-10.000000,+10.000000] mm
max_fitting_error_normal            0.044/4188.583 G/G
max_fitting_error_skew              334.951/334.951 G/G
r0_for_relative_multipoles          12 mm
main_monomial                       n = 0, skew:False
                                       Nn(s=0)      Integ_Nn     Nn/N0(@r0)   |    Sn(s=0)      Integ_Sn     Sn/S0(@r0)  
<multipole_order n>                    [T/m^n]      [T.m/m^n]        []       |    [T/m^n]      [T.m/m^n]        []      
n=00:                                5.5402e-01    -2.4131e-01   +1.0000e+00  |      ---           ---           ---     
n=01:                                7.2586e+00    +3.2369e+00   -1.6096e-01  |      ---           ---           ---     
n=02:                                5.3794e+00    +9.5765e-01   -5.7146e-04  |      ---           ---           ---     
n=03:                                7.7917e+00    -4.1392e+01   +2.9640e-04  |      ---           ---           ---     
n=04:                                1.0194e+03    +2.7944e+01   -2.4012e-06  |      ---           ---           ---     
n=05:                                2.5547e+05    +6.6864e+04   -6.8947e-05  |      ---           ---           ---     
n=06:                                1.5302e+07    +2.9774e+04   -3.6843e-07  |      ---           ---           ---     
