--- multipoles on reference trajectory (rz > 0) ---
effective_length:                   435.68300186748536 mm
perpendicular_grid:                 41 points in [-10.000000,+10.000000] mm
max_fitting_error_normal            0.074/6710.921 G/G
max_fitting_error_skew              352.360/352.360 G/G
r0_for_relative_multipoles          12 mm
main_monomial                       n = 0, skew:False
                                       Nn(s=0)      Integ_Nn     Nn/N0(@r0)   |    Sn(s=0)      Integ_Sn     Sn/S0(@r0)  
<multipole_order n>                    [T/m^n]      [T.m/m^n]        []       |    [T/m^n]      [T.m/m^n]        []      
n=00:                                5.7956e-01    -2.5251e-01   +1.0000e+00  |      ---           ---           ---     
n=01:                                7.5904e+00    +3.3805e+00   -1.6065e-01  |      ---           ---           ---     
n=02:                                6.5564e+00    +1.1734e+00   -6.6920e-04  |      ---           ---           ---     
n=03:                                3.9572e+01    -1.4457e+01   +9.8933e-05  |      ---           ---           ---     
n=04:                                1.6303e+04    -1.2685e+03   +1.0417e-04  |      ---           ---           ---     
n=05:                                4.1765e+04    -1.1829e+05   +1.1657e-04  |      ---           ---           ---     
n=06:                                1.1815e+08    +8.3459e+06   -9.8694e-05  |      ---           ---           ---     
