--- multipoles on reference trajectory (rz > 0) ---
effective_length:                   436.94194147782264 mm
perpendicular_grid:                 41 points in [-10.000000,+10.000000] mm
max_fitting_error_normal            0.067/4127.434 G/G
max_fitting_error_skew              333.687/333.687 G/G
r0_for_relative_multipoles          12 mm
main_monomial                       n = 0, skew:False
                                       Nn(s=0)      Integ_Nn     Nn/N0(@r0)   |    Sn(s=0)      Integ_Sn     Sn/S0(@r0)  
<multipole_order n>                    [T/m^n]      [T.m/m^n]        []       |    [T/m^n]      [T.m/m^n]        []      
n=00:                                5.5126e-01    -2.4087e-01   +1.0000e+00  |      ---           ---           ---     
n=01:                                7.1854e+00    +3.2199e+00   -1.6041e-01  |      ---           ---           ---     
n=02:                                6.2234e+00    +8.9967e-01   -5.3786e-04  |      ---           ---           ---     
n=03:                                7.4205e+01    -2.6013e+01   +1.8662e-04  |      ---           ---           ---     
n=04:                                1.3566e+04    -1.2157e+03   +1.0466e-04  |      ---           ---           ---     
n=05:                                8.4411e+04    -3.8963e+04   +4.0252e-05  |      ---           ---           ---     
n=06:                                8.8766e+07    +7.7254e+06   -9.5770e-05  |      ---           ---           ---     
