--- multipoles on reference trajectory (rz > 0) ---
effective_length:                   435.5368510413393 mm
perpendicular_grid:                 41 points in [-10.000000,+10.000000] mm
max_fitting_error_normal            0.045/3272.633 G/G
max_fitting_error_skew              332.650/332.650 G/G
r0_for_relative_multipoles          12 mm
main_monomial                       n = 0, skew:False
                                       Nn(s=0)      Integ_Nn     Nn/N0(@r0)   |    Sn(s=0)      Integ_Sn     Sn/S0(@r0)  
<multipole_order n>                    [T/m^n]      [T.m/m^n]        []       |    [T/m^n]      [T.m/m^n]        []      
n=00:                                5.5036e-01    -2.3970e-01   +1.0000e+00  |      ---           ---           ---     
n=01:                                7.2274e+00    +3.2222e+00   -1.6131e-01  |      ---           ---           ---     
n=02:                                5.9729e+00    +9.1175e-01   -5.4773e-04  |      ---           ---           ---     
n=03:                                4.1688e+01    -2.3654e+01   +1.7052e-04  |      ---           ---           ---     
n=04:                                2.8295e+03    +2.1518e+03   -1.8615e-04  |      ---           ---           ---     
n=05:                                6.5085e+05    -1.6565e+04   +1.7196e-05  |      ---           ---           ---     
n=06:                                4.2979e+06    -1.5842e+07   +1.9734e-04  |      ---           ---           ---     
