--- multipoles on reference trajectory (rz > 0) ---
effective_length:                   435.0144657874467 mm
perpendicular_grid:                 41 points in [-10.000000,+10.000000] mm
max_fitting_error_normal            0.030/6076.911 G/G
max_fitting_error_skew              326.722/326.722 G/G
r0_for_relative_multipoles          12 mm
main_monomial                       n = 0, skew:False
                                       Nn(s=0)      Integ_Nn     Nn/N0(@r0)   |    Sn(s=0)      Integ_Sn     Sn/S0(@r0)  
<multipole_order n>                    [T/m^n]      [T.m/m^n]        []       |    [T/m^n]      [T.m/m^n]        []      
n=00:                                5.2539e-01    -2.2855e-01   +1.0000e+00  |      ---           ---           ---     
n=01:                                6.8653e+00    +3.0618e+00   -1.6076e-01  |      ---           ---           ---     
n=02:                                5.6253e+00    +9.3392e-01   -5.8842e-04  |      ---           ---           ---     
n=03:                                4.0531e+00    -2.3671e+01   +1.7897e-04  |      ---           ---           ---     
n=04:                                6.6390e+03    -3.9984e+01   +3.6277e-06  |      ---           ---           ---     
n=05:                                3.9998e+05    -4.5136e+04   +4.9141e-05  |      ---           ---           ---     
n=06:                                3.1139e+07    -5.8181e+06   +7.6013e-05  |      ---           ---           ---     
