--- multipoles on reference trajectory (rz > 0) ---
effective_length:                   433.9417249812265 mm
perpendicular_grid:                 41 points in [-10.000000,+10.000000] mm
max_fitting_error_normal            0.033/4902.170 G/G
max_fitting_error_skew              341.128/341.128 G/G
r0_for_relative_multipoles          12 mm
main_monomial                       n = 0, skew:False
                                       Nn(s=0)      Integ_Nn     Nn/N0(@r0)   |    Sn(s=0)      Integ_Sn     Sn/S0(@r0)  
<multipole_order n>                    [T/m^n]      [T.m/m^n]        []       |    [T/m^n]      [T.m/m^n]        []      
n=00:                                5.5615e-01    -2.4134e-01   +1.0000e+00  |      ---           ---           ---     
n=01:                                7.2707e+00    +3.2292e+00   -1.6057e-01  |      ---           ---           ---     
n=02:                                5.2870e+00    +7.9372e-01   -4.7359e-04  |      ---           ---           ---     
n=03:                                4.5874e+00    -2.9025e+01   +2.0782e-04  |      ---           ---           ---     
n=04:                                3.3336e+03    -1.3544e+01   +1.1637e-06  |      ---           ---           ---     
n=05:                                2.8505e+05    -2.7432e+04   +2.8284e-05  |      ---           ---           ---     
n=06:                                3.4028e+07    +1.0305e+06   -1.2750e-05  |      ---           ---           ---     
