--- multipoles on reference trajectory (rz > 0) ---
effective_length:                   435.5469282067592 mm
perpendicular_grid:                 41 points in [-10.000000,+10.000000] mm
max_fitting_error_normal            0.032/4979.944 G/G
max_fitting_error_skew              360.315/360.315 G/G
r0_for_relative_multipoles          12 mm
main_monomial                       n = 0, skew:False
                                       Nn(s=0)      Integ_Nn     Nn/N0(@r0)   |    Sn(s=0)      Integ_Sn     Sn/S0(@r0)  
<multipole_order n>                    [T/m^n]      [T.m/m^n]        []       |    [T/m^n]      [T.m/m^n]        []      
n=00:                                5.7792e-01    -2.5171e-01   +1.0000e+00  |      ---           ---           ---     
n=01:                                7.5761e+00    +3.3747e+00   -1.6088e-01  |      ---           ---           ---     
n=02:                                6.1810e+00    +1.0515e+00   -6.0155e-04  |      ---           ---           ---     
n=03:                                7.2207e+01    -1.7789e+01   +1.2212e-04  |      ---           ---           ---     
n=04:                                3.2960e+03    -2.4141e+02   +1.9887e-05  |      ---           ---           ---     
n=05:                                5.4773e+04    -9.6418e+04   +9.5314e-05  |      ---           ---           ---     
n=06:                                2.1596e+07    -2.3400e+06   +2.7758e-05  |      ---           ---           ---     
