--- multipoles on reference trajectory (rz > 0) ---
effective_length:                   434.3021672508427 mm
perpendicular_grid:                 41 points in [-10.000000,+10.000000] mm
max_fitting_error_normal            0.074/4850.987 G/G
max_fitting_error_skew              342.760/342.760 G/G
r0_for_relative_multipoles          12 mm
main_monomial                       n = 0, skew:False
                                       Nn(s=0)      Integ_Nn     Nn/N0(@r0)   |    Sn(s=0)      Integ_Sn     Sn/S0(@r0)  
<multipole_order n>                    [T/m^n]      [T.m/m^n]        []       |    [T/m^n]      [T.m/m^n]        []      
n=00:                                5.5134e-01    -2.3945e-01   +1.0000e+00  |      ---           ---           ---     
n=01:                                7.2631e+00    +3.2197e+00   -1.6135e-01  |      ---           ---           ---     
n=02:                                4.7735e+00    +8.8394e-01   -5.3158e-04  |      ---           ---           ---     
n=03:                                5.9308e+00    -2.2009e+01   +1.5883e-04  |      ---           ---           ---     
n=04:                                1.6827e+04    +8.6063e+02   -7.4529e-05  |      ---           ---           ---     
n=05:                                4.4831e+05    -2.2284e+04   +2.3157e-05  |      ---           ---           ---     
n=06:                                1.2298e+08    -8.5719e+06   +1.0689e-04  |      ---           ---           ---     
