--- multipoles on reference trajectory (rz > 0) ---
effective_length:                   435.28478261684353 mm
perpendicular_grid:                 41 points in [-10.000000,+10.000000] mm
max_fitting_error_normal            0.052/4870.609 G/G
max_fitting_error_skew              341.847/341.847 G/G
r0_for_relative_multipoles          12 mm
main_monomial                       n = 0, skew:False
                                       Nn(s=0)      Integ_Nn     Nn/N0(@r0)   |    Sn(s=0)      Integ_Sn     Sn/S0(@r0)  
<multipole_order n>                    [T/m^n]      [T.m/m^n]        []       |    [T/m^n]      [T.m/m^n]        []      
n=00:                                5.5351e-01    -2.4094e-01   +1.0000e+00  |      ---           ---           ---     
n=01:                                7.2735e+00    +3.2387e+00   -1.6130e-01  |      ---           ---           ---     
n=02:                                5.4814e+00    +9.2316e-01   -5.5175e-04  |      ---           ---           ---     
n=03:                                5.5986e+01    -2.8817e+01   +2.0667e-04  |      ---           ---           ---     
n=04:                                3.1912e+03    +4.1956e+03   -3.6109e-04  |      ---           ---           ---     
n=05:                                1.1920e+05    -1.7844e+04   +1.8429e-05  |      ---           ---           ---     
n=06:                                1.2211e+07    -2.6602e+07   +3.2969e-04  |      ---           ---           ---     
