--- multipoles on reference trajectory (rz > 0) ---
effective_length:                   436.27744256055377 mm
perpendicular_grid:                 41 points in [-10.000000,+10.000000] mm
max_fitting_error_normal            0.052/4812.483 G/G
max_fitting_error_skew              338.212/338.212 G/G
r0_for_relative_multipoles          12 mm
main_monomial                       n = 0, skew:False
                                       Nn(s=0)      Integ_Nn     Nn/N0(@r0)   |    Sn(s=0)      Integ_Sn     Sn/S0(@r0)  
<multipole_order n>                    [T/m^n]      [T.m/m^n]        []       |    [T/m^n]      [T.m/m^n]        []      
n=00:                                5.5363e-01    -2.4154e-01   +1.0000e+00  |      ---           ---           ---     
n=01:                                7.2157e+00    +3.2324e+00   -1.6059e-01  |      ---           ---           ---     
n=02:                                6.7509e+00    +1.0700e+00   -6.3790e-04  |      ---           ---           ---     
n=03:                                1.3422e+02    -2.4866e+01   +1.7789e-04  |      ---           ---           ---     
n=04:                                2.1844e+04    -3.4388e+03   +2.9522e-04  |      ---           ---           ---     
n=05:                                5.8480e+05    -2.3454e+04   +2.4162e-05  |      ---           ---           ---     
n=06:                                1.4251e+08    +1.8455e+07   -2.2815e-04  |      ---           ---           ---     
