--- multipoles on reference trajectory (rz > 0) ---
effective_length:                   436.65550248267664 mm
perpendicular_grid:                 41 points in [-10.000000,+10.000000] mm
max_fitting_error_normal            0.255/4314.487 G/G
max_fitting_error_skew              4.894/4.894 G/G
r0_for_relative_multipoles          12 mm
main_monomial                       n = 0, skew:False
                                       Nn(s=0)      Integ_Nn     Nn/N0(@r0)   |    Sn(s=0)      Integ_Sn     Sn/S0(@r0)  
<multipole_order n>                    [T/m^n]      [T.m/m^n]        []       |    [T/m^n]      [T.m/m^n]        []      
n=00:                                5.4773e-01    -2.3917e-01   +1.0000e+00  |      ---           ---           ---     
n=01:                                7.1823e+00    +3.2192e+00   -1.6152e-01  |      ---           ---           ---     
n=02:                                4.2398e+00    +3.4660e-01   -2.0868e-04  |      ---           ---           ---     
n=03:                                5.5758e+01    -2.7593e+01   +1.9936e-04  |      ---           ---           ---     
n=04:                                9.7504e+03    +1.3148e+03   -1.1400e-04  |      ---           ---           ---     
n=05:                                8.6152e+05    -1.0452e+05   +1.0875e-04  |      ---           ---           ---     
n=06:                                5.2086e+07    -3.3448e+06   +4.1759e-05  |      ---           ---           ---     
