--- multipoles on reference trajectory (rz > 0) ---
effective_length:                   435.3296022361381 mm
perpendicular_grid:                 41 points in [-10.000000,+10.000000] mm
max_fitting_error_normal            0.039/5489.478 G/G
max_fitting_error_skew              344.014/344.014 G/G
r0_for_relative_multipoles          12 mm
main_monomial                       n = 0, skew:False
                                       Nn(s=0)      Integ_Nn     Nn/N0(@r0)   |    Sn(s=0)      Integ_Sn     Sn/S0(@r0)  
<multipole_order n>                    [T/m^n]      [T.m/m^n]        []       |    [T/m^n]      [T.m/m^n]        []      
n=00:                                5.5320e-01    -2.4082e-01   +1.0000e+00  |      ---           ---           ---     
n=01:                                7.2694e+00    +3.2378e+00   -1.6134e-01  |      ---           ---           ---     
n=02:                                4.8237e+00    +8.7504e-01   -5.2323e-04  |      ---           ---           ---     
n=03:                                6.8588e+01    -3.4268e+01   +2.4589e-04  |      ---           ---           ---     
n=04:                                1.7736e+04    +2.2154e+03   -1.9076e-04  |      ---           ---           ---     
n=05:                                3.8778e+04    +3.8972e+04   -4.0268e-05  |      ---           ---           ---     
n=06:                                1.0784e+08    -1.4120e+07   +1.7507e-04  |      ---           ---           ---     
