--- multipoles on reference trajectory (rz > 0) ---
effective_length:                   435.10857830499015 mm
perpendicular_grid:                 41 points in [-10.000000,+10.000000] mm
max_fitting_error_normal            0.034/6373.040 G/G
max_fitting_error_skew              349.284/349.284 G/G
r0_for_relative_multipoles          12 mm
main_monomial                       n = 0, skew:False
                                       Nn(s=0)      Integ_Nn     Nn/N0(@r0)   |    Sn(s=0)      Integ_Sn     Sn/S0(@r0)  
<multipole_order n>                    [T/m^n]      [T.m/m^n]        []       |    [T/m^n]      [T.m/m^n]        []      
n=00:                                5.5081e-01    -2.3966e-01   +1.0000e+00  |      ---           ---           ---     
n=01:                                7.2257e+00    +3.2179e+00   -1.6112e-01  |      ---           ---           ---     
n=02:                                5.9771e+00    +7.7927e-01   -4.6822e-04  |      ---           ---           ---     
n=03:                                2.1831e+01    -4.4020e-01   +3.1740e-06  |      ---           ---           ---     
n=04:                                1.1959e+04    +9.9307e+02   -8.5923e-05  |      ---           ---           ---     
n=05:                                2.3126e+05    -1.8325e+05   +1.9027e-04  |      ---           ---           ---     
n=06:                                7.6989e+07    -4.7605e+06   +5.9313e-05  |      ---           ---           ---     
