--- multipoles on reference trajectory (rz > 0) ---
effective_length:                   436.11959994183155 mm
perpendicular_grid:                 41 points in [-10.000000,+10.000000] mm
max_fitting_error_normal            0.022/5110.979 G/G
max_fitting_error_skew              350.959/350.959 G/G
r0_for_relative_multipoles          12 mm
main_monomial                       n = 0, skew:False
                                       Nn(s=0)      Integ_Nn     Nn/N0(@r0)   |    Sn(s=0)      Integ_Sn     Sn/S0(@r0)  
<multipole_order n>                    [T/m^n]      [T.m/m^n]        []       |    [T/m^n]      [T.m/m^n]        []      
n=00:                                5.7887e-01    -2.5246e-01   +1.0000e+00  |      ---           ---           ---     
n=01:                                7.5665e+00    +3.3786e+00   -1.6060e-01  |      ---           ---           ---     
n=02:                                5.6364e+00    +8.8226e-01   -5.0323e-04  |      ---           ---           ---     
n=03:                                4.5911e+00    -2.1750e+01   +1.4887e-04  |      ---           ---           ---     
n=04:                                5.0855e+02    +1.4815e+03   -1.2168e-04  |      ---           ---           ---     
n=05:                                5.7855e+05    -1.0268e+05   +1.0121e-04  |      ---           ---           ---     
n=06:                                1.1415e+07    -1.0173e+07   +1.2032e-04  |      ---           ---           ---     
