--- multipoles on reference trajectory (rz > 0) ---
effective_length:                   435.42776293123563 mm
perpendicular_grid:                 41 points in [-10.000000,+10.000000] mm
max_fitting_error_normal            0.049/4800.928 G/G
max_fitting_error_skew              337.781/337.781 G/G
r0_for_relative_multipoles          12 mm
main_monomial                       n = 0, skew:False
                                       Nn(s=0)      Integ_Nn     Nn/N0(@r0)   |    Sn(s=0)      Integ_Sn     Sn/S0(@r0)  
<multipole_order n>                    [T/m^n]      [T.m/m^n]        []       |    [T/m^n]      [T.m/m^n]        []      
n=00:                                5.5301e-01    -2.4079e-01   +1.0000e+00  |      ---           ---           ---     
n=01:                                7.2437e+00    +3.2314e+00   -1.6103e-01  |      ---           ---           ---     
n=02:                                6.2052e+00    +1.1088e+00   -6.6306e-04  |      ---           ---           ---     
n=03:                                1.8296e+02    -4.2241e+01   +3.0313e-04  |      ---           ---           ---     
n=04:                                1.3820e+04    -4.5242e+03   +3.8960e-04  |      ---           ---           ---     
n=05:                                9.1740e+05    +6.5273e+04   -6.7452e-05  |      ---           ---           ---     
n=06:                                1.0158e+08    +2.7654e+07   -3.4293e-04  |      ---           ---           ---     
