--- multipoles on reference trajectory (rz > 0) ---
effective_length:                   434.3849023872977 mm
perpendicular_grid:                 41 points in [-10.000000,+10.000000] mm
max_fitting_error_normal            0.035/2906.376 G/G
max_fitting_error_skew              319.302/319.302 G/G
r0_for_relative_multipoles          12 mm
main_monomial                       n = 0, skew:False
                                       Nn(s=0)      Integ_Nn     Nn/N0(@r0)   |    Sn(s=0)      Integ_Sn     Sn/S0(@r0)  
<multipole_order n>                    [T/m^n]      [T.m/m^n]        []       |    [T/m^n]      [T.m/m^n]        []      
n=00:                                5.2466e-01    -2.2790e-01   +1.0000e+00  |      ---           ---           ---     
n=01:                                6.9085e+00    +3.0640e+00   -1.6133e-01  |      ---           ---           ---     
n=02:                                4.3345e+00    +9.5316e-01   -6.0225e-04  |      ---           ---           ---     
n=03:                                4.5576e+01    -2.2419e+01   +1.6998e-04  |      ---           ---           ---     
n=04:                                1.4136e+04    -1.1550e+03   +1.0509e-04  |      ---           ---           ---     
n=05:                                3.9851e+04    -4.0206e+04   +4.3899e-05  |      ---           ---           ---     
n=06:                                7.5130e+07    +5.9809e+06   -7.8362e-05  |      ---           ---           ---     
