--- multipoles on reference trajectory (rz > 0) ---
effective_length:                   434.4829989399429 mm
perpendicular_grid:                 41 points in [-10.000000,+10.000000] mm
max_fitting_error_normal            0.035/4896.044 G/G
max_fitting_error_skew              340.387/340.387 G/G
r0_for_relative_multipoles          12 mm
main_monomial                       n = 0, skew:False
                                       Nn(s=0)      Integ_Nn     Nn/N0(@r0)   |    Sn(s=0)      Integ_Sn     Sn/S0(@r0)  
<multipole_order n>                    [T/m^n]      [T.m/m^n]        []       |    [T/m^n]      [T.m/m^n]        []      
n=00:                                5.5612e-01    -2.4163e-01   +1.0000e+00  |      ---           ---           ---     
n=01:                                7.3113e+00    +3.2357e+00   -1.6070e-01  |      ---           ---           ---     
n=02:                                4.3724e+00    +1.0374e+00   -6.1827e-04  |      ---           ---           ---     
n=03:                                3.5605e+01    -3.5129e+01   +2.5123e-04  |      ---           ---           ---     
n=04:                                2.7358e+03    -3.1243e+03   +2.6813e-04  |      ---           ---           ---     
n=05:                                2.2369e+05    +9.7345e+03   -1.0025e-05  |      ---           ---           ---     
n=06:                                1.2352e+07    +1.6295e+07   -2.0138e-04  |      ---           ---           ---     
