--- multipoles on reference trajectory (rz > 0) ---
effective_length:                   435.6057978389179 mm
perpendicular_grid:                 41 points in [-10.000000,+10.000000] mm
max_fitting_error_normal            0.042/4545.149 G/G
max_fitting_error_skew              318.760/318.760 G/G
r0_for_relative_multipoles          12 mm
main_monomial                       n = 0, skew:False
                                       Nn(s=0)      Integ_Nn     Nn/N0(@r0)   |    Sn(s=0)      Integ_Sn     Sn/S0(@r0)  
<multipole_order n>                    [T/m^n]      [T.m/m^n]        []       |    [T/m^n]      [T.m/m^n]        []      
n=00:                                5.2248e-01    -2.2759e-01   +1.0000e+00  |      ---           ---           ---     
n=01:                                6.8441e+00    +3.0598e+00   -1.6133e-01  |      ---           ---           ---     
n=02:                                5.2260e+00    +1.0220e+00   -6.4663e-04  |      ---           ---           ---     
n=03:                                1.6772e+02    -5.3562e+01   +4.0667e-04  |      ---           ---           ---     
n=04:                                3.0203e+03    -4.9251e+03   +4.4872e-04  |      ---           ---           ---     
n=05:                                7.7091e+05    +1.4233e+05   -1.5561e-04  |      ---           ---           ---     
n=06:                                2.5045e+07    +2.5094e+07   -3.2923e-04  |      ---           ---           ---     
