--- multipoles on reference trajectory (rz > 0) ---
effective_length:                   436.07801143557987 mm
perpendicular_grid:                 41 points in [-10.000000,+10.000000] mm
max_fitting_error_normal            0.042/4468.136 G/G
max_fitting_error_skew              333.956/333.956 G/G
r0_for_relative_multipoles          12 mm
main_monomial                       n = 0, skew:False
                                       Nn(s=0)      Integ_Nn     Nn/N0(@r0)   |    Sn(s=0)      Integ_Sn     Sn/S0(@r0)  
<multipole_order n>                    [T/m^n]      [T.m/m^n]        []       |    [T/m^n]      [T.m/m^n]        []      
n=00:                                5.5180e-01    -2.4063e-01   +1.0000e+00  |      ---           ---           ---     
n=01:                                7.2217e+00    +3.2230e+00   -1.6073e-01  |      ---           ---           ---     
n=02:                                5.3170e+00    +8.5772e-01   -5.1329e-04  |      ---           ---           ---     
n=03:                                5.5904e+01    -3.0380e+01   +2.1817e-04  |      ---           ---           ---     
n=04:                                5.6758e+02    +3.9693e+02   -3.4206e-05  |      ---           ---           ---     
n=05:                                4.6708e+04    -3.0962e+04   +3.2018e-05  |      ---           ---           ---     
n=06:                                2.8964e+06    -4.9121e+06   +6.0956e-05  |      ---           ---           ---     
