--- multipoles on reference trajectory (rz > 0) ---
effective_length:                   433.7633487812748 mm
perpendicular_grid:                 41 points in [-10.000000,+10.000000] mm
max_fitting_error_normal            0.050/4866.276 G/G
max_fitting_error_skew              339.135/339.135 G/G
r0_for_relative_multipoles          12 mm
main_monomial                       n = 0, skew:False
                                       Nn(s=0)      Integ_Nn     Nn/N0(@r0)   |    Sn(s=0)      Integ_Sn     Sn/S0(@r0)  
<multipole_order n>                    [T/m^n]      [T.m/m^n]        []       |    [T/m^n]      [T.m/m^n]        []      
n=00:                                5.5418e-01    -2.4038e-01   +1.0000e+00  |      ---           ---           ---     
n=01:                                7.2860e+00    +3.2208e+00   -1.6078e-01  |      ---           ---           ---     
n=02:                                3.2802e+00    +8.6059e-01   -5.1553e-04  |      ---           ---           ---     
n=03:                                9.6542e+01    -6.3588e+01   +4.5710e-04  |      ---           ---           ---     
n=04:                                2.4859e+04    +2.5635e+02   -2.2113e-05  |      ---           ---           ---     
n=05:                                1.8394e+05    +1.9769e+05   -2.0463e-04  |      ---           ---           ---     
n=06:                                1.4280e+08    -3.4908e+06   +4.3362e-05  |      ---           ---           ---     
