--- multipoles on reference trajectory (rz > 0) ---
effective_length:                   436.604695056838 mm
perpendicular_grid:                 41 points in [-10.000000,+10.000000] mm
max_fitting_error_normal            0.048/6400.506 G/G
max_fitting_error_skew              357.901/357.901 G/G
r0_for_relative_multipoles          12 mm
main_monomial                       n = 0, skew:False
                                       Nn(s=0)      Integ_Nn     Nn/N0(@r0)   |    Sn(s=0)      Integ_Sn     Sn/S0(@r0)  
<multipole_order n>                    [T/m^n]      [T.m/m^n]        []       |    [T/m^n]      [T.m/m^n]        []      
n=00:                                5.5146e-01    -2.4077e-01   +1.0000e+00  |      ---           ---           ---     
n=01:                                7.1935e+00    +3.2225e+00   -1.6061e-01  |      ---           ---           ---     
n=02:                                5.0887e+00    +1.0348e+00   -6.1888e-04  |      ---           ---           ---     
n=03:                                9.2067e+01    -3.0633e+01   +2.1985e-04  |      ---           ---           ---     
n=04:                                1.9899e+04    +2.0728e+03   -1.7852e-04  |      ---           ---           ---     
n=05:                                2.4804e+05    +4.5183e+04   -4.6696e-05  |      ---           ---           ---     
n=06:                                1.1136e+08    -1.7999e+07   +2.2322e-04  |      ---           ---           ---     
