--- multipoles on reference trajectory (rz > 0) ---
effective_length:                   434.68347881380345 mm
perpendicular_grid:                 41 points in [-10.000000,+10.000000] mm
max_fitting_error_normal            0.033/3701.307 G/G
max_fitting_error_skew              340.367/340.367 G/G
r0_for_relative_multipoles          12 mm
main_monomial                       n = 0, skew:False
                                       Nn(s=0)      Integ_Nn     Nn/N0(@r0)   |    Sn(s=0)      Integ_Sn     Sn/S0(@r0)  
<multipole_order n>                    [T/m^n]      [T.m/m^n]        []       |    [T/m^n]      [T.m/m^n]        []      
n=00:                                5.5403e-01    -2.4083e-01   +1.0000e+00  |      ---           ---           ---     
n=01:                                7.2574e+00    +3.2175e+00   -1.6032e-01  |      ---           ---           ---     
n=02:                                4.9823e+00    +9.1664e-01   -5.4810e-04  |      ---           ---           ---     
n=03:                                6.6377e+01    -3.0205e+01   +2.1673e-04  |      ---           ---           ---     
n=04:                                3.5785e+02    -1.2543e+03   +1.0800e-04  |      ---           ---           ---     
n=05:                                2.1482e+04    -2.2770e+04   +2.3527e-05  |      ---           ---           ---     
n=06:                                6.1795e+06    +5.3689e+06   -6.6569e-05  |      ---           ---           ---     
