--- multipoles on reference trajectory (rz > 0) ---
effective_length:                   435.263779653167 mm
perpendicular_grid:                 41 points in [-10.000000,+10.000000] mm
max_fitting_error_normal            0.054/5089.160 G/G
max_fitting_error_skew              356.494/356.494 G/G
r0_for_relative_multipoles          12 mm
main_monomial                       n = 0, skew:False
                                       Nn(s=0)      Integ_Nn     Nn/N0(@r0)   |    Sn(s=0)      Integ_Sn     Sn/S0(@r0)  
<multipole_order n>                    [T/m^n]      [T.m/m^n]        []       |    [T/m^n]      [T.m/m^n]        []      
n=00:                                5.7697e-01    -2.5114e-01   +1.0000e+00  |      ---           ---           ---     
n=01:                                7.5448e+00    +3.3703e+00   -1.6104e-01  |      ---           ---           ---     
n=02:                                6.7137e+00    +1.0925e+00   -6.2642e-04  |      ---           ---           ---     
n=03:                                6.3035e+01    -3.8150e+01   +2.6250e-04  |      ---           ---           ---     
n=04:                                1.5068e+04    -3.5471e+03   +2.9288e-04  |      ---           ---           ---     
n=05:                                2.3491e+04    +4.1459e+03   -4.1079e-06  |      ---           ---           ---     
n=06:                                1.0760e+08    +2.4735e+07   -2.9410e-04  |      ---           ---           ---     
