--- multipoles on reference trajectory (rz > 0) ---
effective_length:                   434.159089009696 mm
perpendicular_grid:                 41 points in [-10.000000,+10.000000] mm
max_fitting_error_normal            0.047/4144.092 G/G
max_fitting_error_skew              336.602/336.602 G/G
r0_for_relative_multipoles          12 mm
main_monomial                       n = 0, skew:False
                                       Nn(s=0)      Integ_Nn     Nn/N0(@r0)   |    Sn(s=0)      Integ_Sn     Sn/S0(@r0)  
<multipole_order n>                    [T/m^n]      [T.m/m^n]        []       |    [T/m^n]      [T.m/m^n]        []      
n=00:                                5.5174e-01    -2.3954e-01   +1.0000e+00  |      ---           ---           ---     
n=01:                                7.2578e+00    +3.2204e+00   -1.6133e-01  |      ---           ---           ---     
n=02:                                5.0193e+00    +7.9337e-01   -4.7693e-04  |      ---           ---           ---     
n=03:                                2.1211e+01    -2.2912e+01   +1.6528e-04  |      ---           ---           ---     
n=04:                                3.0208e+02    +2.6746e+03   -2.3152e-04  |      ---           ---           ---     
n=05:                                5.0794e+05    -7.7271e+04   +8.0268e-05  |      ---           ---           ---     
n=06:                                1.9333e+07    -1.3905e+07   +1.7333e-04  |      ---           ---           ---     
