--- multipoles on reference trajectory (rz > 0) ---
effective_length:                   435.2203673992365 mm
perpendicular_grid:                 41 points in [-10.000000,+10.000000] mm
max_fitting_error_normal            0.051/4636.218 G/G
max_fitting_error_skew              327.734/327.734 G/G
r0_for_relative_multipoles          12 mm
main_monomial                       n = 0, skew:False
                                       Nn(s=0)      Integ_Nn     Nn/N0(@r0)   |    Sn(s=0)      Integ_Sn     Sn/S0(@r0)  
<multipole_order n>                    [T/m^n]      [T.m/m^n]        []       |    [T/m^n]      [T.m/m^n]        []      
n=00:                                5.2533e-01    -2.2864e-01   +1.0000e+00  |      ---           ---           ---     
n=01:                                6.8782e+00    +3.0660e+00   -1.6092e-01  |      ---           ---           ---     
n=02:                                5.0634e+00    +9.7514e-01   -6.1417e-04  |      ---           ---           ---     
n=03:                                2.9241e+01    -3.0294e+01   +2.2896e-04  |      ---           ---           ---     
n=04:                                6.3526e+03    -1.0119e+03   +9.1771e-05  |      ---           ---           ---     
n=05:                                2.5215e+05    +8.0016e+03   -8.7084e-06  |      ---           ---           ---     
n=06:                                3.9033e+07    +3.0988e+06   -4.0470e-05  |      ---           ---           ---     
