--- multipoles on reference trajectory (rz > 0) ---
effective_length:                   436.76066834216863 mm
perpendicular_grid:                 41 points in [-10.000000,+10.000000] mm
max_fitting_error_normal            0.025/4892.823 G/G
max_fitting_error_skew              338.979/338.979 G/G
r0_for_relative_multipoles          12 mm
main_monomial                       n = 0, skew:False
                                       Nn(s=0)      Integ_Nn     Nn/N0(@r0)   |    Sn(s=0)      Integ_Sn     Sn/S0(@r0)  
<multipole_order n>                    [T/m^n]      [T.m/m^n]        []       |    [T/m^n]      [T.m/m^n]        []      
n=00:                                5.5411e-01    -2.4201e-01   +1.0000e+00  |      ---           ---           ---     
n=01:                                7.2391e+00    +3.2394e+00   -1.6062e-01  |      ---           ---           ---     
n=02:                                4.9257e+00    +7.3550e-01   -4.3763e-04  |      ---           ---           ---     
n=03:                                4.4049e+01    -1.9458e+01   +1.3893e-04  |      ---           ---           ---     
n=04:                                9.4217e+03    +2.9349e+03   -2.5147e-04  |      ---           ---           ---     
n=05:                                2.5809e+04    -6.0604e+04   +6.2312e-05  |      ---           ---           ---     
n=06:                                4.1199e+07    -1.4451e+07   +1.7830e-04  |      ---           ---           ---     
