--- multipoles on reference trajectory (rz > 0) ---
effective_length:                   436.1607980208 mm
perpendicular_grid:                 41 points in [-10.000000,+10.000000] mm
max_fitting_error_normal            0.021/5117.294 G/G
max_fitting_error_skew              351.308/351.308 G/G
r0_for_relative_multipoles          12 mm
main_monomial                       n = 0, skew:False
                                       Nn(s=0)      Integ_Nn     Nn/N0(@r0)   |    Sn(s=0)      Integ_Sn     Sn/S0(@r0)  
<multipole_order n>                    [T/m^n]      [T.m/m^n]        []       |    [T/m^n]      [T.m/m^n]        []      
n=00:                                5.7948e-01    -2.5275e-01   +1.0000e+00  |      ---           ---           ---     
n=01:                                7.5656e+00    +3.3785e+00   -1.6040e-01  |      ---           ---           ---     
n=02:                                5.6277e+00    +8.8609e-01   -5.0484e-04  |      ---           ---           ---     
n=03:                                3.9897e+00    -2.2148e+01   +1.5143e-04  |      ---           ---           ---     
n=04:                                1.0120e+03    +1.5757e+03   -1.2928e-04  |      ---           ---           ---     
n=05:                                5.7970e+05    -9.8856e+04   +9.7325e-05  |      ---           ---           ---     
n=06:                                9.1541e+06    -1.0586e+07   +1.2507e-04  |      ---           ---           ---     
