--- multipoles on reference trajectory (rz > 0) ---
effective_length:                   436.66868192591204 mm
perpendicular_grid:                 41 points in [-10.000000,+10.000000] mm
max_fitting_error_normal            0.031/6415.107 G/G
max_fitting_error_skew              356.971/356.971 G/G
r0_for_relative_multipoles          12 mm
main_monomial                       n = 0, skew:False
                                       Nn(s=0)      Integ_Nn     Nn/N0(@r0)   |    Sn(s=0)      Integ_Sn     Sn/S0(@r0)  
<multipole_order n>                    [T/m^n]      [T.m/m^n]        []       |    [T/m^n]      [T.m/m^n]        []      
n=00:                                5.5064e-01    -2.4045e-01   +1.0000e+00  |      ---           ---           ---     
n=01:                                7.1868e+00    +3.2207e+00   -1.6073e-01  |      ---           ---           ---     
n=02:                                7.1352e+00    +1.0862e+00   -6.5050e-04  |      ---           ---           ---     
n=03:                                7.9211e+01    -5.8496e+00   +4.2038e-05  |      ---           ---           ---     
n=04:                                2.1637e+04    -2.2358e+03   +1.9281e-04  |      ---           ---           ---     
n=05:                                8.4261e+05    -1.2956e+05   +1.3408e-04  |      ---           ---           ---     
n=06:                                1.2369e+08    +1.1605e+07   -1.4411e-04  |      ---           ---           ---     
