--- multipoles on reference trajectory (rz > 0) ---
effective_length:                   434.31705958222494 mm
perpendicular_grid:                 41 points in [-10.000000,+10.000000] mm
max_fitting_error_normal            0.067/6407.015 G/G
max_fitting_error_skew              344.596/344.596 G/G
r0_for_relative_multipoles          12 mm
main_monomial                       n = 0, skew:False
                                       Nn(s=0)      Integ_Nn     Nn/N0(@r0)   |    Sn(s=0)      Integ_Sn     Sn/S0(@r0)  
<multipole_order n>                    [T/m^n]      [T.m/m^n]        []       |    [T/m^n]      [T.m/m^n]        []      
n=00:                                5.5427e-01    -2.4073e-01   +1.0000e+00  |      ---           ---           ---     
n=01:                                7.2939e+00    +3.2341e+00   -1.6121e-01  |      ---           ---           ---     
n=02:                                4.1320e+00    +6.6266e-01   -3.9639e-04  |      ---           ---           ---     
n=03:                                3.6460e+00    -2.9079e+01   +2.0873e-04  |      ---           ---           ---     
n=04:                                2.1805e+04    +4.9769e+03   -4.2871e-04  |      ---           ---           ---     
n=05:                                2.2781e+05    +3.6142e+04   -3.7359e-05  |      ---           ---           ---     
n=06:                                1.1523e+08    -2.8496e+07   +3.5346e-04  |      ---           ---           ---     
