--- multipoles on reference trajectory (rz > 0) ---
effective_length:                   434.7336037433604 mm
perpendicular_grid:                 41 points in [-10.000000,+10.000000] mm
max_fitting_error_normal            0.041/4567.117 G/G
max_fitting_error_skew              338.436/338.436 G/G
r0_for_relative_multipoles          12 mm
main_monomial                       n = 0, skew:False
                                       Nn(s=0)      Integ_Nn     Nn/N0(@r0)   |    Sn(s=0)      Integ_Sn     Sn/S0(@r0)  
<multipole_order n>                    [T/m^n]      [T.m/m^n]        []       |    [T/m^n]      [T.m/m^n]        []      
n=00:                                5.2440e-01    -2.2797e-01   +1.0000e+00  |      ---           ---           ---     
n=01:                                6.9004e+00    +3.0593e+00   -1.6103e-01  |      ---           ---           ---     
n=02:                                4.7248e+00    +7.1277e-01   -4.5022e-04  |      ---           ---           ---     
n=03:                                4.0455e+01    -2.4302e+01   +1.8421e-04  |      ---           ---           ---     
n=04:                                1.1292e+04    -5.8297e+02   +5.3025e-05  |      ---           ---           ---     
n=05:                                1.0170e+05    -4.4694e+04   +4.8783e-05  |      ---           ---           ---     
n=06:                                8.1925e+07    +6.9209e+06   -9.0649e-05  |      ---           ---           ---     
