--- multipoles on reference trajectory (rz > 0) ---
effective_length:                   436.66076403171917 mm
perpendicular_grid:                 41 points in [-10.000000,+10.000000] mm
max_fitting_error_normal            0.057/4060.062 G/G
max_fitting_error_skew              359.989/359.989 G/G
r0_for_relative_multipoles          12 mm
main_monomial                       n = 0, skew:False
                                       Nn(s=0)      Integ_Nn     Nn/N0(@r0)   |    Sn(s=0)      Integ_Sn     Sn/S0(@r0)  
<multipole_order n>                    [T/m^n]      [T.m/m^n]        []       |    [T/m^n]      [T.m/m^n]        []      
n=00:                                5.7880e-01    -2.5274e-01   +1.0000e+00  |      ---           ---           ---     
n=01:                                7.5417e+00    +3.3761e+00   -1.6030e-01  |      ---           ---           ---     
n=02:                                6.7785e+00    +9.8767e-01   -5.6273e-04  |      ---           ---           ---     
n=03:                                5.5172e+01    -4.0249e+01   +2.7519e-04  |      ---           ---           ---     
n=04:                                1.5812e+04    +1.1503e+03   -9.4377e-05  |      ---           ---           ---     
n=05:                                6.2435e+04    +3.5279e+04   -3.4734e-05  |      ---           ---           ---     
n=06:                                1.1397e+08    -5.8652e+06   +6.9295e-05  |      ---           ---           ---     
