--- multipoles on reference trajectory (rz > 0) ---
effective_length:                   435.45187139567355 mm
perpendicular_grid:                 41 points in [-10.000000,+10.000000] mm
max_fitting_error_normal            0.053/3932.475 G/G
max_fitting_error_skew              353.436/353.436 G/G
r0_for_relative_multipoles          12 mm
main_monomial                       n = 0, skew:False
                                       Nn(s=0)      Integ_Nn     Nn/N0(@r0)   |    Sn(s=0)      Integ_Sn     Sn/S0(@r0)  
<multipole_order n>                    [T/m^n]      [T.m/m^n]        []       |    [T/m^n]      [T.m/m^n]        []      
n=00:                                5.7765e-01    -2.5154e-01   +1.0000e+00  |      ---           ---           ---     
n=01:                                7.5503e+00    +3.3710e+00   -1.6082e-01  |      ---           ---           ---     
n=02:                                7.1514e+00    +1.1201e+00   -6.4121e-04  |      ---           ---           ---     
n=03:                                4.4331e+01    -8.9507e+00   +6.1489e-05  |      ---           ---           ---     
n=04:                                1.9772e+04    -2.5815e+03   +2.1281e-04  |      ---           ---           ---     
n=05:                                6.0545e+05    -1.4397e+05   +1.4242e-04  |      ---           ---           ---     
n=06:                                1.1877e+08    +1.6388e+07   -1.9454e-04  |      ---           ---           ---     
