--- multipoles on reference trajectory (rz > 0) ---
effective_length:                   436.3127806088634 mm
perpendicular_grid:                 41 points in [-10.000000,+10.000000] mm
max_fitting_error_normal            0.052/4872.611 G/G
max_fitting_error_skew              356.818/356.818 G/G
r0_for_relative_multipoles          12 mm
main_monomial                       n = 0, skew:False
                                       Nn(s=0)      Integ_Nn     Nn/N0(@r0)   |    Sn(s=0)      Integ_Sn     Sn/S0(@r0)  
<multipole_order n>                    [T/m^n]      [T.m/m^n]        []       |    [T/m^n]      [T.m/m^n]        []      
n=00:                                5.5088e-01    -2.4036e-01   +1.0000e+00  |      ---           ---           ---     
n=01:                                7.1943e+00    +3.2230e+00   -1.6091e-01  |      ---           ---           ---     
n=02:                                5.0626e+00    +9.9695e-01   -5.9728e-04  |      ---           ---           ---     
n=03:                                8.7507e+01    -5.1879e+01   +3.7297e-04  |      ---           ---           ---     
n=04:                                2.0151e+04    -9.2539e+02   +7.9835e-05  |      ---           ---           ---     
n=05:                                2.1383e+05    +1.3488e+05   -1.3963e-04  |      ---           ---           ---     
n=06:                                1.1269e+08    +2.0053e+06   -2.4912e-05  |      ---           ---           ---     
