--- multipoles on reference trajectory (rz > 0) ---
effective_length:                   435.57810527159467 mm
perpendicular_grid:                 41 points in [-10.000000,+10.000000] mm
max_fitting_error_normal            0.046/4191.558 G/G
max_fitting_error_skew              335.285/335.285 G/G
r0_for_relative_multipoles          12 mm
main_monomial                       n = 0, skew:False
                                       Nn(s=0)      Integ_Nn     Nn/N0(@r0)   |    Sn(s=0)      Integ_Sn     Sn/S0(@r0)  
<multipole_order n>                    [T/m^n]      [T.m/m^n]        []       |    [T/m^n]      [T.m/m^n]        []      
n=00:                                5.5460e-01    -2.4157e-01   +1.0000e+00  |      ---           ---           ---     
n=01:                                7.2578e+00    +3.2367e+00   -1.6078e-01  |      ---           ---           ---     
n=02:                                5.3817e+00    +9.6957e-01   -5.7796e-04  |      ---           ---           ---     
n=03:                                8.8121e+00    -4.1395e+01   +2.9610e-04  |      ---           ---           ---     
n=04:                                1.1129e+03    -6.8705e+01   +5.8975e-06  |      ---           ---           ---     
n=05:                                2.5565e+05    +6.6807e+04   -6.8815e-05  |      ---           ---           ---     
n=06:                                1.5373e+07    +6.1019e+05   -7.5423e-06  |      ---           ---           ---     
