--- multipoles on reference trajectory (rz > 0) ---
effective_length:                   435.99267408943496 mm
perpendicular_grid:                 41 points in [-10.000000,+10.000000] mm
max_fitting_error_normal            0.056/3647.976 G/G
max_fitting_error_skew              331.796/331.796 G/G
r0_for_relative_multipoles          12 mm
main_monomial                       n = 0, skew:False
                                       Nn(s=0)      Integ_Nn     Nn/N0(@r0)   |    Sn(s=0)      Integ_Sn     Sn/S0(@r0)  
<multipole_order n>                    [T/m^n]      [T.m/m^n]        []       |    [T/m^n]      [T.m/m^n]        []      
n=00:                                5.5264e-01    -2.4095e-01   +1.0000e+00  |      ---           ---           ---     
n=01:                                7.2419e+00    +3.2352e+00   -1.6112e-01  |      ---           ---           ---     
n=02:                                5.8318e+00    +1.0932e+00   -6.5335e-04  |      ---           ---           ---     
n=03:                                1.3662e+02    -6.4051e+01   +4.5935e-04  |      ---           ---           ---     
n=04:                                3.7685e+03    -3.5528e+03   +3.0575e-04  |      ---           ---           ---     
n=05:                                4.0098e+05    +1.9004e+05   -1.9626e-04  |      ---           ---           ---     
n=06:                                3.3527e+07    +1.6173e+07   -2.0043e-04  |      ---           ---           ---     
