--- multipoles on reference trajectory (rz > 0) ---
effective_length:                   433.4500779897621 mm
perpendicular_grid:                 41 points in [-10.000000,+10.000000] mm
max_fitting_error_normal            0.049/4274.283 G/G
max_fitting_error_skew              349.124/349.124 G/G
r0_for_relative_multipoles          12 mm
main_monomial                       n = 0, skew:False
                                       Nn(s=0)      Integ_Nn     Nn/N0(@r0)   |    Sn(s=0)      Integ_Sn     Sn/S0(@r0)  
<multipole_order n>                    [T/m^n]      [T.m/m^n]        []       |    [T/m^n]      [T.m/m^n]        []      
n=00:                                5.8052e-01    -2.5163e-01   +1.0000e+00  |      ---           ---           ---     
n=01:                                7.6449e+00    +3.3778e+00   -1.6108e-01  |      ---           ---           ---     
n=02:                                5.2649e+00    +1.0783e+00   -6.1709e-04  |      ---           ---           ---     
n=03:                                8.8894e+00    -3.2395e+01   +2.2247e-04  |      ---           ---           ---     
n=04:                                5.9560e+03    -7.5882e+02   +6.2533e-05  |      ---           ---           ---     
n=05:                                3.7591e+05    +4.2192e+03   -4.1723e-06  |      ---           ---           ---     
n=06:                                6.8660e+07    +7.2890e+06   -8.6496e-05  |      ---           ---           ---     
