--- multipoles on reference trajectory (rz > 0) ---
effective_length:                   435.686274502078 mm
perpendicular_grid:                 41 points in [-10.000000,+10.000000] mm
max_fitting_error_normal            0.054/4860.281 G/G
max_fitting_error_skew              356.162/356.162 G/G
r0_for_relative_multipoles          12 mm
main_monomial                       n = 0, skew:False
                                       Nn(s=0)      Integ_Nn     Nn/N0(@r0)   |    Sn(s=0)      Integ_Sn     Sn/S0(@r0)  
<multipole_order n>                    [T/m^n]      [T.m/m^n]        []       |    [T/m^n]      [T.m/m^n]        []      
n=00:                                5.4972e-01    -2.3950e-01   +1.0000e+00  |      ---           ---           ---     
n=01:                                7.1960e+00    +3.2189e+00   -1.6128e-01  |      ---           ---           ---     
n=02:                                5.0167e+00    +9.6165e-01   -5.7818e-04  |      ---           ---           ---     
n=03:                                7.7969e+01    -5.2359e+01   +3.7776e-04  |      ---           ---           ---     
n=04:                                2.0494e+04    -5.4136e+02   +4.6870e-05  |      ---           ---           ---     
n=05:                                1.4192e+05    +1.3632e+05   -1.4163e-04  |      ---           ---           ---     
n=06:                                1.1435e+08    -2.8245e+05   +3.5214e-06  |      ---           ---           ---     
