--- multipoles on reference trajectory (rz > 0) ---
effective_length:                   436.55345724589387 mm
perpendicular_grid:                 41 points in [-10.000000,+10.000000] mm
max_fitting_error_normal            0.055/6075.536 G/G
max_fitting_error_skew              324.172/324.172 G/G
r0_for_relative_multipoles          12 mm
main_monomial                       n = 0, skew:False
                                       Nn(s=0)      Integ_Nn     Nn/N0(@r0)   |    Sn(s=0)      Integ_Sn     Sn/S0(@r0)  
<multipole_order n>                    [T/m^n]      [T.m/m^n]        []       |    [T/m^n]      [T.m/m^n]        []      
n=00:                                5.2384e-01    -2.2868e-01   +1.0000e+00  |      ---           ---           ---     
n=01:                                6.8473e+00    +3.0644e+00   -1.6080e-01  |      ---           ---           ---     
n=02:                                5.6594e+00    +8.3766e-01   -5.2747e-04  |      ---           ---           ---     
n=03:                                5.7779e+01    -1.0171e+01   +7.6854e-05  |      ---           ---           ---     
n=04:                                9.1767e+03    -1.6828e+03   +1.5259e-04  |      ---           ---           ---     
n=05:                                8.7097e+03    -1.4114e+05   +1.5358e-04  |      ---           ---           ---     
n=06:                                6.1039e+07    +9.3831e+06   -1.2252e-04  |      ---           ---           ---     
