--- multipoles on reference trajectory (rz > 0) ---
effective_length:                   435.9838877316162 mm
perpendicular_grid:                 41 points in [-10.000000,+10.000000] mm
max_fitting_error_normal            0.034/3297.261 G/G
max_fitting_error_skew              352.412/352.412 G/G
r0_for_relative_multipoles          12 mm
main_monomial                       n = 0, skew:False
                                       Nn(s=0)      Integ_Nn     Nn/N0(@r0)   |    Sn(s=0)      Integ_Sn     Sn/S0(@r0)  
<multipole_order n>                    [T/m^n]      [T.m/m^n]        []       |    [T/m^n]      [T.m/m^n]        []      
n=00:                                5.5270e-01    -2.4097e-01   +1.0000e+00  |      ---           ---           ---     
n=01:                                7.2528e+00    +3.2352e+00   -1.6111e-01  |      ---           ---           ---     
n=02:                                5.6740e+00    +7.0582e-01   -4.2179e-04  |      ---           ---           ---     
n=03:                                1.1723e+02    -3.3885e+01   +2.4300e-04  |      ---           ---           ---     
n=04:                                5.8184e+03    +2.3644e+03   -2.0346e-04  |      ---           ---           ---     
n=05:                                2.9601e+05    -4.2081e+04   +4.3455e-05  |      ---           ---           ---     
n=06:                                4.6582e+07    -1.2231e+07   +1.5156e-04  |      ---           ---           ---     
