--- multipoles on reference trajectory (rz > 0) ---
effective_length:                   434.3111782159181 mm
perpendicular_grid:                 41 points in [-10.000000,+10.000000] mm
max_fitting_error_normal            0.067/6401.529 G/G
max_fitting_error_skew              344.291/344.291 G/G
r0_for_relative_multipoles          12 mm
main_monomial                       n = 0, skew:False
                                       Nn(s=0)      Integ_Nn     Nn/N0(@r0)   |    Sn(s=0)      Integ_Sn     Sn/S0(@r0)  
<multipole_order n>                    [T/m^n]      [T.m/m^n]        []       |    [T/m^n]      [T.m/m^n]        []      
n=00:                                5.5375e-01    -2.4050e-01   +1.0000e+00  |      ---           ---           ---     
n=01:                                7.2946e+00    +3.2342e+00   -1.6137e-01  |      ---           ---           ---     
n=02:                                4.1354e+00    +6.5362e-01   -3.9136e-04  |      ---           ---           ---     
n=03:                                8.3306e+00    -2.8117e+01   +2.0202e-04  |      ---           ---           ---     
n=04:                                2.1644e+04    +5.0869e+03   -4.3860e-04  |      ---           ---           ---     
n=05:                                2.6106e+05    +2.8747e+04   -2.9743e-05  |      ---           ---           ---     
n=06:                                1.1462e+08    -2.9314e+07   +3.6396e-04  |      ---           ---           ---     
