--- multipoles on reference trajectory (rz > 0) ---
effective_length:                   436.01380024590327 mm
perpendicular_grid:                 41 points in [-10.000000,+10.000000] mm
max_fitting_error_normal            0.062/3659.818 G/G
max_fitting_error_skew              332.542/332.542 G/G
r0_for_relative_multipoles          12 mm
main_monomial                       n = 0, skew:False
                                       Nn(s=0)      Integ_Nn     Nn/N0(@r0)   |    Sn(s=0)      Integ_Sn     Sn/S0(@r0)  
<multipole_order n>                    [T/m^n]      [T.m/m^n]        []       |    [T/m^n]      [T.m/m^n]        []      
n=00:                                5.5390e-01    -2.4151e-01   +1.0000e+00  |      ---           ---           ---     
n=01:                                7.2399e+00    +3.2348e+00   -1.6073e-01  |      ---           ---           ---     
n=02:                                5.9229e+00    +1.1348e+00   -6.7665e-04  |      ---           ---           ---     
n=03:                                1.3576e+02    -6.1787e+01   +4.4208e-04  |      ---           ---           ---     
n=04:                                4.8120e+03    -4.0204e+03   +3.4519e-04  |      ---           ---           ---     
n=05:                                3.8541e+05    +1.7577e+05   -1.8110e-04  |      ---           ---           ---     
n=06:                                3.9354e+07    +1.8736e+07   -2.3165e-04  |      ---           ---           ---     
