--- multipoles on reference trajectory (rz > 0) ---
effective_length:                   435.0610706554869 mm
perpendicular_grid:                 41 points in [-10.000000,+10.000000] mm
max_fitting_error_normal            0.039/6716.196 G/G
max_fitting_error_skew              352.481/352.481 G/G
r0_for_relative_multipoles          12 mm
main_monomial                       n = 0, skew:False
                                       Nn(s=0)      Integ_Nn     Nn/N0(@r0)   |    Sn(s=0)      Integ_Sn     Sn/S0(@r0)  
<multipole_order n>                    [T/m^n]      [T.m/m^n]        []       |    [T/m^n]      [T.m/m^n]        []      
n=00:                                5.7948e-01    -2.5211e-01   +1.0000e+00  |      ---           ---           ---     
n=01:                                7.5656e+00    +3.3674e+00   -1.6028e-01  |      ---           ---           ---     
n=02:                                5.6277e+00    +8.8345e-01   -5.0461e-04  |      ---           ---           ---     
n=03:                                3.9897e+00    -3.1313e+01   +2.1463e-04  |      ---           ---           ---     
n=04:                                1.0120e+03    +1.5612e+03   -1.2841e-04  |      ---           ---           ---     
n=05:                                5.7970e+05    -3.6156e+04   +3.5686e-05  |      ---           ---           ---     
n=06:                                9.1541e+06    -9.6214e+06   +1.1396e-04  |      ---           ---           ---     
