--- multipoles on reference trajectory (rz > 0) ---
effective_length:                   434.64825666345894 mm
perpendicular_grid:                 41 points in [-10.000000,+10.000000] mm
max_fitting_error_normal            0.044/3422.173 G/G
max_fitting_error_skew              335.375/335.375 G/G
r0_for_relative_multipoles          12 mm
main_monomial                       n = 0, skew:False
                                       Nn(s=0)      Integ_Nn     Nn/N0(@r0)   |    Sn(s=0)      Integ_Sn     Sn/S0(@r0)  
<multipole_order n>                    [T/m^n]      [T.m/m^n]        []       |    [T/m^n]      [T.m/m^n]        []      
n=00:                                5.5285e-01    -2.4030e-01   +1.0000e+00  |      ---           ---           ---     
n=01:                                7.2751e+00    +3.2262e+00   -1.6111e-01  |      ---           ---           ---     
n=02:                                6.3765e+00    +9.3927e-01   -5.6287e-04  |      ---           ---           ---     
n=03:                                3.3362e+01    -1.9273e+01   +1.3859e-04  |      ---           ---           ---     
n=04:                                2.6991e+04    -1.7387e+03   +1.5003e-04  |      ---           ---           ---     
n=05:                                5.4431e+04    -6.8871e+04   +7.1317e-05  |      ---           ---           ---     
n=06:                                1.5492e+08    +6.7075e+06   -8.3349e-05  |      ---           ---           ---     
