--- multipoles on reference trajectory (rz > 0) ---
effective_length:                   436.5335401976632 mm
perpendicular_grid:                 41 points in [-10.000000,+10.000000] mm
max_fitting_error_normal            0.040/3750.788 G/G
max_fitting_error_skew              324.398/324.398 G/G
r0_for_relative_multipoles          12 mm
main_monomial                       n = 0, skew:False
                                       Nn(s=0)      Integ_Nn     Nn/N0(@r0)   |    Sn(s=0)      Integ_Sn     Sn/S0(@r0)  
<multipole_order n>                    [T/m^n]      [T.m/m^n]        []       |    [T/m^n]      [T.m/m^n]        []      
n=00:                                5.2299e-01    -2.2830e-01   +1.0000e+00  |      ---           ---           ---     
n=01:                                6.8509e+00    +3.0629e+00   -1.6099e-01  |      ---           ---           ---     
n=02:                                5.8578e+00    +9.1349e-01   -5.7618e-04  |      ---           ---           ---     
n=03:                                1.9782e+01    -7.9295e+00   +6.0017e-05  |      ---           ---           ---     
n=04:                                1.3900e+04    -7.0049e+02   +6.3623e-05  |      ---           ---           ---     
n=05:                                2.5522e+05    -1.5737e+05   +1.7152e-04  |      ---           ---           ---     
n=06:                                8.3894e+07    -9.2977e+05   +1.2160e-05  |      ---           ---           ---     
