--- multipoles on reference trajectory (rz > 0) ---
effective_length:                   435.54817080574117 mm
perpendicular_grid:                 41 points in [-10.000000,+10.000000] mm
max_fitting_error_normal            0.032/4980.928 G/G
max_fitting_error_skew              360.365/360.365 G/G
r0_for_relative_multipoles          12 mm
main_monomial                       n = 0, skew:False
                                       Nn(s=0)      Integ_Nn     Nn/N0(@r0)   |    Sn(s=0)      Integ_Sn     Sn/S0(@r0)  
<multipole_order n>                    [T/m^n]      [T.m/m^n]        []       |    [T/m^n]      [T.m/m^n]        []      
n=00:                                5.7801e-01    -2.5175e-01   +1.0000e+00  |      ---           ---           ---     
n=01:                                7.5759e+00    +3.3747e+00   -1.6086e-01  |      ---           ---           ---     
n=02:                                6.1842e+00    +1.0520e+00   -6.0172e-04  |      ---           ---           ---     
n=03:                                7.2107e+01    -1.7773e+01   +1.2199e-04  |      ---           ---           ---     
n=04:                                3.3216e+03    -2.2908e+02   +1.8869e-05  |      ---           ---           ---     
n=05:                                5.3838e+04    -9.6302e+04   +9.5185e-05  |      ---           ---           ---     
n=06:                                2.1781e+07    -2.3943e+06   +2.8398e-05  |      ---           ---           ---     
