--- multipoles on reference trajectory (rz > 0) ---
effective_length:                   435.8366946481793 mm
perpendicular_grid:                 41 points in [-10.000000,+10.000000] mm
max_fitting_error_normal            0.039/4879.414 G/G
max_fitting_error_skew              340.930/340.930 G/G
r0_for_relative_multipoles          12 mm
main_monomial                       n = 0, skew:False
                                       Nn(s=0)      Integ_Nn     Nn/N0(@r0)   |    Sn(s=0)      Integ_Sn     Sn/S0(@r0)  
<multipole_order n>                    [T/m^n]      [T.m/m^n]        []       |    [T/m^n]      [T.m/m^n]        []      
n=00:                                5.5240e-01    -2.4076e-01   +1.0000e+00  |      ---           ---           ---     
n=01:                                7.2317e+00    +3.2333e+00   -1.6116e-01  |      ---           ---           ---     
n=02:                                5.5695e+00    +8.2646e-01   -4.9432e-04  |      ---           ---           ---     
n=03:                                4.5967e+01    -2.0375e+01   +1.4624e-04  |      ---           ---           ---     
n=04:                                4.2290e+03    +1.3741e+03   -1.1835e-04  |      ---           ---           ---     
n=05:                                1.4639e+05    -1.0002e+05   +1.0338e-04  |      ---           ---           ---     
n=06:                                2.4583e+07    -9.6115e+06   +1.1921e-04  |      ---           ---           ---     
