--- multipoles on reference trajectory (rz > 0) ---
effective_length:                   435.2330465248765 mm
perpendicular_grid:                 41 points in [-10.000000,+10.000000] mm
max_fitting_error_normal            0.025/5091.854 G/G
max_fitting_error_skew              350.853/350.853 G/G
r0_for_relative_multipoles          12 mm
main_monomial                       n = 0, skew:False
                                       Nn(s=0)      Integ_Nn     Nn/N0(@r0)   |    Sn(s=0)      Integ_Sn     Sn/S0(@r0)  
<multipole_order n>                    [T/m^n]      [T.m/m^n]        []       |    [T/m^n]      [T.m/m^n]        []      
n=00:                                5.7896e-01    -2.5198e-01   +1.0000e+00  |      ---           ---           ---     
n=01:                                7.6055e+00    +3.3814e+00   -1.6103e-01  |      ---           ---           ---     
n=02:                                6.1503e+00    +1.1397e+00   -6.5132e-04  |      ---           ---           ---     
n=03:                                2.7321e+00    -2.9525e+01   +2.0247e-04  |      ---           ---           ---     
n=04:                                1.1313e+03    +8.8763e+02   -7.3044e-05  |      ---           ---           ---     
n=05:                                4.1284e+05    +1.8485e+04   -1.8254e-05  |      ---           ---           ---     
n=06:                                9.6311e+06    -5.7200e+06   +6.7783e-05  |      ---           ---           ---     
