--- multipoles on reference trajectory (rz > 0) ---
effective_length:                   435.46303395840914 mm
perpendicular_grid:                 41 points in [-10.000000,+10.000000] mm
max_fitting_error_normal            0.058/5783.120 G/G
max_fitting_error_skew              329.432/329.432 G/G
r0_for_relative_multipoles          12 mm
main_monomial                       n = 0, skew:False
                                       Nn(s=0)      Integ_Nn     Nn/N0(@r0)   |    Sn(s=0)      Integ_Sn     Sn/S0(@r0)  
<multipole_order n>                    [T/m^n]      [T.m/m^n]        []       |    [T/m^n]      [T.m/m^n]        []      
n=00:                                5.5286e-01    -2.4075e-01   +1.0000e+00  |      ---           ---           ---     
n=01:                                7.2433e+00    +3.2217e+00   -1.6058e-01  |      ---           ---           ---     
n=02:                                5.2984e+00    +7.4282e-01   -4.4430e-04  |      ---           ---           ---     
n=03:                                1.2422e+01    -7.3293e+00   +5.2606e-05  |      ---           ---           ---     
n=04:                                6.2448e+03    +1.2587e+03   -1.0842e-04  |      ---           ---           ---     
n=05:                                6.0549e+05    -2.1947e+05   +2.2684e-04  |      ---           ---           ---     
n=06:                                2.4950e+07    -5.6976e+06   +7.0666e-05  |      ---           ---           ---     
