--- multipoles on reference trajectory (rz > 0) ---
effective_length:                   435.12160000286406 mm
perpendicular_grid:                 41 points in [-10.000000,+10.000000] mm
max_fitting_error_normal            0.039/3942.617 G/G
max_fitting_error_skew              320.549/320.549 G/G
r0_for_relative_multipoles          12 mm
main_monomial                       n = 0, skew:False
                                       Nn(s=0)      Integ_Nn     Nn/N0(@r0)   |    Sn(s=0)      Integ_Sn     Sn/S0(@r0)  
<multipole_order n>                    [T/m^n]      [T.m/m^n]        []       |    [T/m^n]      [T.m/m^n]        []      
n=00:                                5.2420e-01    -2.2809e-01   +1.0000e+00  |      ---           ---           ---     
n=01:                                6.8830e+00    +3.0599e+00   -1.6098e-01  |      ---           ---           ---     
n=02:                                4.5792e+00    +9.3216e-01   -5.8850e-04  |      ---           ---           ---     
n=03:                                9.6997e+01    -3.8164e+01   +2.8913e-04  |      ---           ---           ---     
n=04:                                6.8731e+03    -4.5697e+03   +4.1544e-04  |      ---           ---           ---     
n=05:                                2.2654e+05    +3.0851e+04   -3.3656e-05  |      ---           ---           ---     
n=06:                                5.0763e+07    +2.4700e+07   -3.2335e-04  |      ---           ---           ---     
