--- multipoles on reference trajectory (rz > 0) ---
effective_length:                   434.63164444339805 mm
perpendicular_grid:                 41 points in [-10.000000,+10.000000] mm
max_fitting_error_normal            0.047/3032.140 G/G
max_fitting_error_skew              322.759/322.759 G/G
r0_for_relative_multipoles          12 mm
main_monomial                       n = 0, skew:False
                                       Nn(s=0)      Integ_Nn     Nn/N0(@r0)   |    Sn(s=0)      Integ_Sn     Sn/S0(@r0)  
<multipole_order n>                    [T/m^n]      [T.m/m^n]        []       |    [T/m^n]      [T.m/m^n]        []      
n=00:                                5.2625e-01    -2.2872e-01   +1.0000e+00  |      ---           ---           ---     
n=01:                                6.9061e+00    +3.0603e+00   -1.6056e-01  |      ---           ---           ---     
n=02:                                5.0442e+00    +7.8792e-01   -4.9606e-04  |      ---           ---           ---     
n=03:                                3.2036e+01    -1.4084e+01   +1.0640e-04  |      ---           ---           ---     
n=04:                                1.1041e+04    +9.2101e+02   -8.3499e-05  |      ---           ---           ---     
n=05:                                2.0797e+05    -1.4440e+05   +1.5710e-04  |      ---           ---           ---     
n=06:                                7.0225e+07    -9.3258e+06   +1.2175e-04  |      ---           ---           ---     
