--- multipoles on reference trajectory (rz > 0) ---
effective_length:                   437.06010072280407 mm
perpendicular_grid:                 41 points in [-10.000000,+10.000000] mm
max_fitting_error_normal            0.027/4884.881 G/G
max_fitting_error_skew              323.160/323.160 G/G
r0_for_relative_multipoles          12 mm
main_monomial                       n = 0, skew:False
                                       Nn(s=0)      Integ_Nn     Nn/N0(@r0)   |    Sn(s=0)      Integ_Sn     Sn/S0(@r0)  
<multipole_order n>                    [T/m^n]      [T.m/m^n]        []       |    [T/m^n]      [T.m/m^n]        []      
n=00:                                5.2415e-01    -2.2908e-01   +1.0000e+00  |      ---           ---           ---     
n=01:                                6.8361e+00    +3.0649e+00   -1.6055e-01  |      ---           ---           ---     
n=02:                                5.9037e+00    +7.6462e-01   -4.8063e-04  |      ---           ---           ---     
n=03:                                9.8402e+00    -1.5860e+01   +1.1964e-04  |      ---           ---           ---     
n=04:                                1.5918e+03    -3.1815e+02   +2.8798e-05  |      ---           ---           ---     
n=05:                                1.7864e+05    -7.8702e+04   +8.5486e-05  |      ---           ---           ---     
n=06:                                6.9596e+06    +5.2864e+06   -6.8906e-05  |      ---           ---           ---     
