--- multipoles on reference trajectory (rz > 0) ---
effective_length:                   436.0643938151102 mm
perpendicular_grid:                 41 points in [-10.000000,+10.000000] mm
max_fitting_error_normal            0.048/6694.435 G/G
max_fitting_error_skew              371.862/371.862 G/G
r0_for_relative_multipoles          12 mm
main_monomial                       n = 0, skew:False
                                       Nn(s=0)      Integ_Nn     Nn/N0(@r0)   |    Sn(s=0)      Integ_Sn     Sn/S0(@r0)  
<multipole_order n>                    [T/m^n]      [T.m/m^n]        []       |    [T/m^n]      [T.m/m^n]        []      
n=00:                                5.7728e-01    -2.5173e-01   +1.0000e+00  |      ---           ---           ---     
n=01:                                7.5521e+00    +3.3759e+00   -1.6093e-01  |      ---           ---           ---     
n=02:                                6.5389e+00    +1.0859e+00   -6.2120e-04  |      ---           ---           ---     
n=03:                                4.7086e+01    -1.2779e+01   +8.7718e-05  |      ---           ---           ---     
n=04:                                1.4454e+04    -4.5573e+03   +3.7540e-04  |      ---           ---           ---     
n=05:                                3.0363e+05    -1.8310e+05   +1.8099e-04  |      ---           ---           ---     
n=06:                                6.6783e+07    +2.2879e+07   -2.7139e-04  |      ---           ---           ---     
