--- multipoles on reference trajectory (rz > 0) ---
effective_length:                   436.60530360430795 mm
perpendicular_grid:                 41 points in [-10.000000,+10.000000] mm
max_fitting_error_normal            0.028/3903.044 G/G
max_fitting_error_skew              318.389/318.389 G/G
r0_for_relative_multipoles          12 mm
main_monomial                       n = 0, skew:False
                                       Nn(s=0)      Integ_Nn     Nn/N0(@r0)   |    Sn(s=0)      Integ_Sn     Sn/S0(@r0)  
<multipole_order n>                    [T/m^n]      [T.m/m^n]        []       |    [T/m^n]      [T.m/m^n]        []      
n=00:                                5.2225e-01    -2.2802e-01   +1.0000e+00  |      ---           ---           ---     
n=01:                                6.8553e+00    +3.0657e+00   -1.6134e-01  |      ---           ---           ---     
n=02:                                5.5675e+00    +9.9355e-01   -6.2746e-04  |      ---           ---           ---     
n=03:                                2.1362e+01    -2.5658e+01   +1.9444e-04  |      ---           ---           ---     
n=04:                                7.3443e+03    -2.9193e+03   +2.6548e-04  |      ---           ---           ---     
n=05:                                5.7526e+05    -3.2567e+04   +3.5540e-05  |      ---           ---           ---     
n=06:                                3.5664e+07    +1.1133e+07   -1.4579e-04  |      ---           ---           ---     
