--- multipoles on reference trajectory (rz > 0) ---
effective_length:                   436.7292423017572 mm
perpendicular_grid:                 41 points in [-10.000000,+10.000000] mm
max_fitting_error_normal            0.027/5113.406 G/G
max_fitting_error_skew              352.852/352.852 G/G
r0_for_relative_multipoles          12 mm
main_monomial                       n = 0, skew:False
                                       Nn(s=0)      Integ_Nn     Nn/N0(@r0)   |    Sn(s=0)      Integ_Sn     Sn/S0(@r0)  
<multipole_order n>                    [T/m^n]      [T.m/m^n]        []       |    [T/m^n]      [T.m/m^n]        []      
n=00:                                5.7655e-01    -2.5180e-01   +1.0000e+00  |      ---           ---           ---     
n=01:                                7.5458e+00    +3.3772e+00   -1.6095e-01  |      ---           ---           ---     
n=02:                                6.3679e+00    +9.4400e-01   -5.3987e-04  |      ---           ---           ---     
n=03:                                4.4235e+01    -1.9484e+01   +1.3371e-04  |      ---           ---           ---     
n=04:                                7.3679e+03    -1.0729e+03   +8.8357e-05  |      ---           ---           ---     
n=05:                                5.0293e+04    -6.4343e+04   +6.3585e-05  |      ---           ---           ---     
n=06:                                5.1241e+07    +9.2562e+06   -1.0977e-04  |      ---           ---           ---     
