--- multipoles on reference trajectory (rz > 0) ---
effective_length:                   435.0000353755679 mm
perpendicular_grid:                 41 points in [-10.000000,+10.000000] mm
max_fitting_error_normal            0.043/5494.997 G/G
max_fitting_error_skew              323.802/323.802 G/G
r0_for_relative_multipoles          12 mm
main_monomial                       n = 0, skew:False
                                       Nn(s=0)      Integ_Nn     Nn/N0(@r0)   |    Sn(s=0)      Integ_Sn     Sn/S0(@r0)  
<multipole_order n>                    [T/m^n]      [T.m/m^n]        []       |    [T/m^n]      [T.m/m^n]        []      
n=00:                                5.2405e-01    -2.2796e-01   +1.0000e+00  |      ---           ---           ---     
n=01:                                6.8930e+00    +3.0630e+00   -1.6124e-01  |      ---           ---           ---     
n=02:                                4.4773e+00    +8.5070e-01   -5.3738e-04  |      ---           ---           ---     
n=03:                                1.1633e+02    -4.8776e+01   +3.6973e-04  |      ---           ---           ---     
n=04:                                1.7751e+04    +4.7516e+02   -4.3222e-05  |      ---           ---           ---     
n=05:                                2.6617e+05    +7.9658e+04   -8.6951e-05  |      ---           ---           ---     
n=06:                                1.0761e+08    -7.6514e+06   +1.0022e-04  |      ---           ---           ---     
