--- multipoles on reference trajectory (rz > 0) ---
effective_length:                   435.1899809500276 mm
perpendicular_grid:                 41 points in [-10.000000,+10.000000] mm
max_fitting_error_normal            0.041/6419.205 G/G
max_fitting_error_skew              339.757/339.757 G/G
r0_for_relative_multipoles          12 mm
main_monomial                       n = 0, skew:False
                                       Nn(s=0)      Integ_Nn     Nn/N0(@r0)   |    Sn(s=0)      Integ_Sn     Sn/S0(@r0)  
<multipole_order n>                    [T/m^n]      [T.m/m^n]        []       |    [T/m^n]      [T.m/m^n]        []      
n=00:                                5.5502e-01    -2.4154e-01   +1.0000e+00  |      ---           ---           ---     
n=01:                                7.2651e+00    +3.2314e+00   -1.6054e-01  |      ---           ---           ---     
n=02:                                5.6764e+00    +1.0410e+00   -6.2063e-04  |      ---           ---           ---     
n=03:                                8.1396e+01    -2.9820e+01   +2.1334e-04  |      ---           ---           ---     
n=04:                                8.8076e+03    -2.9162e+03   +2.5036e-04  |      ---           ---           ---     
n=05:                                7.5339e+04    -5.7444e+04   +5.9179e-05  |      ---           ---           ---     
n=06:                                5.5614e+07    +1.3564e+07   -1.6769e-04  |      ---           ---           ---     
