--- multipoles on reference trajectory (rz > 0) ---
effective_length:                   434.78221412994213 mm
perpendicular_grid:                 41 points in [-10.000000,+10.000000] mm
max_fitting_error_normal            0.043/6391.202 G/G
max_fitting_error_skew              356.384/356.384 G/G
r0_for_relative_multipoles          12 mm
main_monomial                       n = 0, skew:False
                                       Nn(s=0)      Integ_Nn     Nn/N0(@r0)   |    Sn(s=0)      Integ_Sn     Sn/S0(@r0)  
<multipole_order n>                    [T/m^n]      [T.m/m^n]        []       |    [T/m^n]      [T.m/m^n]        []      
n=00:                                5.5138e-01    -2.3973e-01   +1.0000e+00  |      ---           ---           ---     
n=01:                                7.2498e+00    +3.2165e+00   -1.6101e-01  |      ---           ---           ---     
n=02:                                4.1829e+00    +5.4231e-01   -3.2575e-04  |      ---           ---           ---     
n=03:                                3.7322e+01    -4.2252e+01   +3.0456e-04  |      ---           ---           ---     
n=04:                                1.5385e+04    +6.6098e+03   -5.7173e-04  |      ---           ---           ---     
n=05:                                5.7455e+05    +8.3349e+04   -8.6513e-05  |      ---           ---           ---     
n=06:                                8.4675e+07    -3.7303e+07   +4.6464e-04  |      ---           ---           ---     
