--- multipoles on reference trajectory (rz > 0) ---
effective_length:                   436.6886266744383 mm
perpendicular_grid:                 41 points in [-10.000000,+10.000000] mm
max_fitting_error_normal            0.024/4877.007 G/G
max_fitting_error_skew              337.252/337.252 G/G
r0_for_relative_multipoles          12 mm
main_monomial                       n = 0, skew:False
                                       Nn(s=0)      Integ_Nn     Nn/N0(@r0)   |    Sn(s=0)      Integ_Sn     Sn/S0(@r0)  
<multipole_order n>                    [T/m^n]      [T.m/m^n]        []       |    [T/m^n]      [T.m/m^n]        []      
n=00:                                5.5206e-01    -2.4108e-01   +1.0000e+00  |      ---           ---           ---     
n=01:                                7.2299e+00    +3.2364e+00   -1.6110e-01  |      ---           ---           ---     
n=02:                                5.0725e+00    +7.1979e-01   -4.2994e-04  |      ---           ---           ---     
n=03:                                1.4338e+01    -4.2936e+01   +3.0776e-04  |      ---           ---           ---     
n=04:                                4.5434e+03    +1.6964e+03   -1.4591e-04  |      ---           ---           ---     
n=05:                                2.6608e+05    +3.8653e+04   -3.9896e-05  |      ---           ---           ---     
n=06:                                4.6123e+06    -7.0028e+06   +8.6736e-05  |      ---           ---           ---     
