--- multipoles on reference trajectory (rz > 0) ---
effective_length:                   435.218586348966 mm
perpendicular_grid:                 41 points in [-10.000000,+10.000000] mm
max_fitting_error_normal            0.025/6429.517 G/G
max_fitting_error_skew              336.347/336.347 G/G
r0_for_relative_multipoles          12 mm
main_monomial                       n = 0, skew:False
                                       Nn(s=0)      Integ_Nn     Nn/N0(@r0)   |    Sn(s=0)      Integ_Sn     Sn/S0(@r0)  
<multipole_order n>                    [T/m^n]      [T.m/m^n]        []       |    [T/m^n]      [T.m/m^n]        []      
n=00:                                5.5609e-01    -2.4202e-01   +1.0000e+00  |      ---           ---           ---     
n=01:                                7.2859e+00    +3.2391e+00   -1.6060e-01  |      ---           ---           ---     
n=02:                                6.0424e+00    +1.0441e+00   -6.2121e-04  |      ---           ---           ---     
n=03:                                2.6670e+01    -1.0819e+01   +7.7245e-05  |      ---           ---           ---     
n=04:                                1.1683e+04    -3.5197e+01   +3.0156e-06  |      ---           ---           ---     
n=05:                                5.0102e+05    -1.2211e+05   +1.2554e-04  |      ---           ---           ---     
n=06:                                7.0304e+07    -3.5867e+04   +4.4252e-07  |      ---           ---           ---     
