--- multipoles on reference trajectory (rz > 0) ---
effective_length:                   434.25400267513567 mm
perpendicular_grid:                 41 points in [-10.000000,+10.000000] mm
max_fitting_error_normal            0.050/4622.341 G/G
max_fitting_error_skew              338.396/338.396 G/G
r0_for_relative_multipoles          12 mm
main_monomial                       n = 0, skew:False
                                       Nn(s=0)      Integ_Nn     Nn/N0(@r0)   |    Sn(s=0)      Integ_Sn     Sn/S0(@r0)  
<multipole_order n>                    [T/m^n]      [T.m/m^n]        []       |    [T/m^n]      [T.m/m^n]        []      
n=00:                                5.2440e-01    -2.2772e-01   +1.0000e+00  |      ---           ---           ---     
n=01:                                6.9004e+00    +3.0581e+00   -1.6115e-01  |      ---           ---           ---     
n=02:                                4.7248e+00    +7.9855e-01   -5.0496e-04  |      ---           ---           ---     
n=03:                                4.0455e+01    -4.3872e+01   +3.3291e-04  |      ---           ---           ---     
n=04:                                1.1292e+04    -2.2512e+03   +2.0499e-04  |      ---           ---           ---     
n=05:                                1.0170e+05    +1.2083e+05   -1.3204e-04  |      ---           ---           ---     
n=06:                                8.1925e+07    +1.7016e+07   -2.2312e-04  |      ---           ---           ---     
