--- multipoles on reference trajectory (rz > 0) ---
effective_length:                   436.7493982554389 mm
perpendicular_grid:                 41 points in [-10.000000,+10.000000] mm
max_fitting_error_normal            0.023/6373.281 G/G
max_fitting_error_skew              336.461/336.461 G/G
r0_for_relative_multipoles          12 mm
main_monomial                       n = 0, skew:False
                                       Nn(s=0)      Integ_Nn     Nn/N0(@r0)   |    Sn(s=0)      Integ_Sn     Sn/S0(@r0)  
<multipole_order n>                    [T/m^n]      [T.m/m^n]        []       |    [T/m^n]      [T.m/m^n]        []      
n=00:                                5.4996e-01    -2.4019e-01   +1.0000e+00  |      ---           ---           ---     
n=01:                                7.2187e+00    +3.2282e+00   -1.6128e-01  |      ---           ---           ---     
n=02:                                5.2416e+00    +1.0368e+00   -6.2156e-04  |      ---           ---           ---     
n=03:                                1.0817e+02    -4.0025e+01   +2.8795e-04  |      ---           ---           ---     
n=04:                                4.0643e+03    -1.1287e+03   +9.7444e-05  |      ---           ---           ---     
n=05:                                1.5290e+05    +1.6037e+04   -1.6614e-05  |      ---           ---           ---     
n=06:                                1.3451e+07    +3.6291e+06   -4.5115e-05  |      ---           ---           ---     
