--- multipoles on reference trajectory (rz > 0) ---
effective_length:                   433.75662619375834 mm
perpendicular_grid:                 41 points in [-10.000000,+10.000000] mm
max_fitting_error_normal            0.022/4794.537 G/G
max_fitting_error_skew              340.685/340.685 G/G
r0_for_relative_multipoles          12 mm
main_monomial                       n = 0, skew:False
                                       Nn(s=0)      Integ_Nn     Nn/N0(@r0)   |    Sn(s=0)      Integ_Sn     Sn/S0(@r0)  
<multipole_order n>                    [T/m^n]      [T.m/m^n]        []       |    [T/m^n]      [T.m/m^n]        []      
n=00:                                5.5662e-01    -2.4144e-01   +1.0000e+00  |      ---           ---           ---     
n=01:                                7.3166e+00    +3.2329e+00   -1.6068e-01  |      ---           ---           ---     
n=02:                                4.5421e+00    +9.2371e-01   -5.5092e-04  |      ---           ---           ---     
n=03:                                1.2533e+02    -2.9892e+01   +2.1394e-04  |      ---           ---           ---     
n=04:                                4.2517e+02    -3.5247e+02   +3.0272e-05  |      ---           ---           ---     
n=05:                                4.5667e+05    +1.2485e+02   -1.2867e-07  |      ---           ---           ---     
n=06:                                8.6923e+06    -1.6580e+06   +2.0506e-05  |      ---           ---           ---     
