--- multipoles on reference trajectory (rz > 0) ---
effective_length:                   436.2258063646834 mm
perpendicular_grid:                 41 points in [-10.000000,+10.000000] mm
max_fitting_error_normal            0.045/3952.628 G/G
max_fitting_error_skew              319.397/319.397 G/G
r0_for_relative_multipoles          12 mm
main_monomial                       n = 0, skew:False
                                       Nn(s=0)      Integ_Nn     Nn/N0(@r0)   |    Sn(s=0)      Integ_Sn     Sn/S0(@r0)  
<multipole_order n>                    [T/m^n]      [T.m/m^n]        []       |    [T/m^n]      [T.m/m^n]        []      
n=00:                                5.2359e-01    -2.2840e-01   +1.0000e+00  |      ---           ---           ---     
n=01:                                6.8425e+00    +3.0637e+00   -1.6096e-01  |      ---           ---           ---     
n=02:                                5.3413e+00    +1.0527e+00   -6.6370e-04  |      ---           ---           ---     
n=03:                                1.6698e+02    -5.1202e+01   +3.8737e-04  |      ---           ---           ---     
n=04:                                4.8353e+03    -5.1508e+03   +4.6763e-04  |      ---           ---           ---     
n=05:                                7.6075e+05    +1.2631e+05   -1.3761e-04  |      ---           ---           ---     
n=06:                                3.4974e+07    +2.6054e+07   -3.4061e-04  |      ---           ---           ---     
