--- multipoles on reference trajectory (rz > 0) ---
effective_length:                   435.5212662649169 mm
perpendicular_grid:                 41 points in [-10.000000,+10.000000] mm
max_fitting_error_normal            0.048/5114.786 G/G
max_fitting_error_skew              346.028/346.028 G/G
r0_for_relative_multipoles          12 mm
main_monomial                       n = 0, skew:False
                                       Nn(s=0)      Integ_Nn     Nn/N0(@r0)   |    Sn(s=0)      Integ_Sn     Sn/S0(@r0)  
<multipole_order n>                    [T/m^n]      [T.m/m^n]        []       |    [T/m^n]      [T.m/m^n]        []      
n=00:                                5.8002e-01    -2.5261e-01   +1.0000e+00  |      ---           ---           ---     
n=01:                                7.5850e+00    +3.3758e+00   -1.6036e-01  |      ---           ---           ---     
n=02:                                5.8543e+00    +1.2409e+00   -7.0736e-04  |      ---           ---           ---     
n=03:                                4.5780e+01    -7.2807e+00   +4.9804e-05  |      ---           ---           ---     
n=04:                                2.5574e+03    -4.4350e+03   +3.6405e-04  |      ---           ---           ---     
n=05:                                7.0667e+05    -1.6815e+05   +1.6564e-04  |      ---           ---           ---     
n=06:                                3.6578e+06    +2.1955e+07   -2.5952e-04  |      ---           ---           ---     
