--- multipoles on reference trajectory (rz > 0) ---
effective_length:                   435.09952682641045 mm
perpendicular_grid:                 41 points in [-10.000000,+10.000000] mm
max_fitting_error_normal            0.033/3148.750 G/G
max_fitting_error_skew              361.029/361.029 G/G
r0_for_relative_multipoles          12 mm
main_monomial                       n = 0, skew:False
                                       Nn(s=0)      Integ_Nn     Nn/N0(@r0)   |    Sn(s=0)      Integ_Sn     Sn/S0(@r0)  
<multipole_order n>                    [T/m^n]      [T.m/m^n]        []       |    [T/m^n]      [T.m/m^n]        []      
n=00:                                5.7900e-01    -2.5192e-01   +1.0000e+00  |      ---           ---           ---     
n=01:                                7.5604e+00    +3.3746e+00   -1.6074e-01  |      ---           ---           ---     
n=02:                                5.7308e+00    +9.0402e-01   -5.1674e-04  |      ---           ---           ---     
n=03:                                1.3346e+01    -2.9925e+01   +2.0526e-04  |      ---           ---           ---     
n=04:                                2.7244e+03    +3.2176e+02   -2.6484e-05  |      ---           ---           ---     
n=05:                                5.3449e+05    -3.4291e+02   +3.3870e-07  |      ---           ---           ---     
n=06:                                2.0122e+06    -1.3402e+06   +1.5885e-05  |      ---           ---           ---     
