--- multipoles on reference trajectory (rz > 0) ---
effective_length:                   435.274020800467 mm
perpendicular_grid:                 41 points in [-10.000000,+10.000000] mm
max_fitting_error_normal            0.046/5094.410 G/G
max_fitting_error_skew              361.536/361.536 G/G
r0_for_relative_multipoles          12 mm
main_monomial                       n = 0, skew:False
                                       Nn(s=0)      Integ_Nn     Nn/N0(@r0)   |    Sn(s=0)      Integ_Sn     Sn/S0(@r0)  
<multipole_order n>                    [T/m^n]      [T.m/m^n]        []       |    [T/m^n]      [T.m/m^n]        []      
n=00:                                5.7765e-01    -2.5144e-01   +1.0000e+00  |      ---           ---           ---     
n=01:                                7.5795e+00    +3.3795e+00   -1.6129e-01  |      ---           ---           ---     
n=02:                                6.6446e+00    +1.0641e+00   -6.0942e-04  |      ---           ---           ---     
n=03:                                7.4001e+01    -2.0787e+01   +1.4286e-04  |      ---           ---           ---     
n=04:                                1.2831e+04    -4.1127e+00   +3.3917e-07  |      ---           ---           ---     
n=05:                                5.8504e+04    -1.0151e+05   +1.0046e-04  |      ---           ---           ---     
n=06:                                8.5170e+07    -4.6643e+05   +5.5392e-06  |      ---           ---           ---     
