--- multipoles on reference trajectory (rz > 0) ---
effective_length:                   436.6666676496412 mm
perpendicular_grid:                 41 points in [-10.000000,+10.000000] mm
max_fitting_error_normal            0.034/4618.475 G/G
max_fitting_error_skew              319.396/319.396 G/G
r0_for_relative_multipoles          12 mm
main_monomial                       n = 0, skew:False
                                       Nn(s=0)      Integ_Nn     Nn/N0(@r0)   |    Sn(s=0)      Integ_Sn     Sn/S0(@r0)  
<multipole_order n>                    [T/m^n]      [T.m/m^n]        []       |    [T/m^n]      [T.m/m^n]        []      
n=00:                                5.2290e-01    -2.2833e-01   +1.0000e+00  |      ---           ---           ---     
n=01:                                6.8612e+00    +3.0681e+00   -1.6124e-01  |      ---           ---           ---     
n=02:                                5.1602e+00    +8.1740e-01   -5.1550e-04  |      ---           ---           ---     
n=03:                                3.7604e+01    -1.5470e+01   +1.1708e-04  |      ---           ---           ---     
n=04:                                2.0333e+03    +4.6021e+02   -4.1794e-05  |      ---           ---           ---     
n=05:                                6.2487e+05    -5.6591e+04   +6.1671e-05  |      ---           ---           ---     
n=06:                                1.8504e+07    -1.6448e+06   +2.1510e-05  |      ---           ---           ---     
