--- multipoles on reference trajectory (rz > 0) ---
effective_length:                   435.37840146322884 mm
perpendicular_grid:                 41 points in [-10.000000,+10.000000] mm
max_fitting_error_normal            0.045/4027.849 G/G
max_fitting_error_skew              319.071/319.071 G/G
r0_for_relative_multipoles          12 mm
main_monomial                       n = 0, skew:False
                                       Nn(s=0)      Integ_Nn     Nn/N0(@r0)   |    Sn(s=0)      Integ_Sn     Sn/S0(@r0)  
<multipole_order n>                    [T/m^n]      [T.m/m^n]        []       |    [T/m^n]      [T.m/m^n]        []      
n=00:                                5.2316e-01    -2.2777e-01   +1.0000e+00  |      ---           ---           ---     
n=01:                                6.8631e+00    +3.0610e+00   -1.6127e-01  |      ---           ---           ---     
n=02:                                5.1585e+00    +9.6222e-01   -6.0832e-04  |      ---           ---           ---     
n=03:                                7.5450e+01    -3.6911e+01   +2.8002e-04  |      ---           ---           ---     
n=04:                                1.8155e+03    -2.6051e+03   +2.3716e-04  |      ---           ---           ---     
n=05:                                2.0420e+05    +6.6614e+04   -7.2772e-05  |      ---           ---           ---     
n=06:                                2.9731e+06    +1.3520e+07   -1.7723e-04  |      ---           ---           ---     
