--- multipoles on reference trajectory (rz > 0) ---
effective_length:                   435.86287269886236 mm
perpendicular_grid:                 41 points in [-10.000000,+10.000000] mm
max_fitting_error_normal            0.067/4113.574 G/G
max_fitting_error_skew              338.820/338.820 G/G
r0_for_relative_multipoles          12 mm
main_monomial                       n = 0, skew:False
                                       Nn(s=0)      Integ_Nn     Nn/N0(@r0)   |    Sn(s=0)      Integ_Sn     Sn/S0(@r0)  
<multipole_order n>                    [T/m^n]      [T.m/m^n]        []       |    [T/m^n]      [T.m/m^n]        []      
n=00:                                5.5240e-01    -2.4077e-01   +1.0000e+00  |      ---           ---           ---     
n=01:                                7.2019e+00    +3.2189e+00   -1.6043e-01  |      ---           ---           ---     
n=02:                                5.8485e+00    +9.3471e-01   -5.5903e-04  |      ---           ---           ---     
n=03:                                5.7096e+01    -1.0360e+01   +7.4352e-05  |      ---           ---           ---     
n=04:                                2.0156e+02    +2.3598e+03   -2.0323e-04  |      ---           ---           ---     
n=05:                                7.9440e+05    -1.1447e+05   +1.1830e-04  |      ---           ---           ---     
n=06:                                3.2610e+06    -1.6439e+07   +2.0388e-04  |      ---           ---           ---     
