--- multipoles on reference trajectory (rz > 0) ---
effective_length:                   435.0342944111033 mm
perpendicular_grid:                 41 points in [-10.000000,+10.000000] mm
max_fitting_error_normal            0.046/4877.341 G/G
max_fitting_error_skew              344.177/344.177 G/G
r0_for_relative_multipoles          12 mm
main_monomial                       n = 0, skew:False
                                       Nn(s=0)      Integ_Nn     Nn/N0(@r0)   |    Sn(s=0)      Integ_Sn     Sn/S0(@r0)  
<multipole_order n>                    [T/m^n]      [T.m/m^n]        []       |    [T/m^n]      [T.m/m^n]        []      
n=00:                                5.5270e-01    -2.4044e-01   +1.0000e+00  |      ---           ---           ---     
n=01:                                7.2528e+00    +3.2340e+00   -1.6140e-01  |      ---           ---           ---     
n=02:                                5.6740e+00    +7.7852e-01   -4.6625e-04  |      ---           ---           ---     
n=03:                                1.1723e+02    -3.5236e+01   +2.5324e-04  |      ---           ---           ---     
n=04:                                5.8184e+03    +8.2440e+02   -7.1097e-05  |      ---           ---           ---     
n=05:                                2.9601e+05    -1.3865e+04   +1.4349e-05  |      ---           ---           ---     
n=06:                                4.6582e+07    -6.7856e+05   +8.4268e-06  |      ---           ---           ---     
