--- multipoles on reference trajectory (rz > 0) ---
effective_length:                   435.68501610686167 mm
perpendicular_grid:                 41 points in [-10.000000,+10.000000] mm
max_fitting_error_normal            0.054/6711.412 G/G
max_fitting_error_skew              352.786/352.786 G/G
r0_for_relative_multipoles          12 mm
main_monomial                       n = 0, skew:False
                                       Nn(s=0)      Integ_Nn     Nn/N0(@r0)   |    Sn(s=0)      Integ_Sn     Sn/S0(@r0)  
<multipole_order n>                    [T/m^n]      [T.m/m^n]        []       |    [T/m^n]      [T.m/m^n]        []      
n=00:                                5.7930e-01    -2.5239e-01   +1.0000e+00  |      ---           ---           ---     
n=01:                                7.5852e+00    +3.3782e+00   -1.6062e-01  |      ---           ---           ---     
n=02:                                4.9651e+00    +8.7106e-01   -4.9698e-04  |      ---           ---           ---     
n=03:                                1.4701e+01    -3.9406e+01   +2.6979e-04  |      ---           ---           ---     
n=04:                                2.6155e+04    +6.5324e+03   -5.3669e-04  |      ---           ---           ---     
n=05:                                2.7165e+05    +7.9226e+04   -7.8109e-05  |      ---           ---           ---     
n=06:                                1.6147e+08    -4.4073e+07   +5.2142e-04  |      ---           ---           ---     
