--- multipoles on reference trajectory (rz > 0) ---
effective_length:                   435.0437173624186 mm
perpendicular_grid:                 41 points in [-10.000000,+10.000000] mm
max_fitting_error_normal            0.032/6375.596 G/G
max_fitting_error_skew              337.628/337.628 G/G
r0_for_relative_multipoles          12 mm
main_monomial                       n = 0, skew:False
                                       Nn(s=0)      Integ_Nn     Nn/N0(@r0)   |    Sn(s=0)      Integ_Sn     Sn/S0(@r0)  
<multipole_order n>                    [T/m^n]      [T.m/m^n]        []       |    [T/m^n]      [T.m/m^n]        []      
n=00:                                5.5085e-01    -2.3964e-01   +1.0000e+00  |      ---           ---           ---     
n=01:                                7.2344e+00    +3.2191e+00   -1.6119e-01  |      ---           ---           ---     
n=02:                                5.1665e+00    +9.7527e-01   -5.8603e-04  |      ---           ---           ---     
n=03:                                5.5504e+01    -1.4235e+01   +1.0264e-04  |      ---           ---           ---     
n=04:                                4.5241e+03    -2.4643e+03   +2.1323e-04  |      ---           ---           ---     
n=05:                                1.3459e+05    -8.6756e+04   +9.0083e-05  |      ---           ---           ---     
n=06:                                3.3974e+07    +1.3038e+07   -1.6245e-04  |      ---           ---           ---     
