--- multipoles on reference trajectory (rz > 0) ---
effective_length:                   435.6057381344848 mm
perpendicular_grid:                 41 points in [-10.000000,+10.000000] mm
max_fitting_error_normal            0.049/4613.639 G/G
max_fitting_error_skew              318.010/318.010 G/G
r0_for_relative_multipoles          12 mm
main_monomial                       n = 0, skew:False
                                       Nn(s=0)      Integ_Nn     Nn/N0(@r0)   |    Sn(s=0)      Integ_Sn     Sn/S0(@r0)  
<multipole_order n>                    [T/m^n]      [T.m/m^n]        []       |    [T/m^n]      [T.m/m^n]        []      
n=00:                                5.2385e-01    -2.2819e-01   +1.0000e+00  |      ---           ---           ---     
n=01:                                6.8909e+00    +3.0661e+00   -1.6124e-01  |      ---           ---           ---     
n=02:                                3.8485e+00    +6.6657e-01   -4.2064e-04  |      ---           ---           ---     
n=03:                                2.5197e+00    -2.9044e+01   +2.1994e-04  |      ---           ---           ---     
n=04:                                2.8210e+04    +4.6209e+03   -4.1990e-04  |      ---           ---           ---     
n=05:                                4.8758e+05    -9.5485e+03   +1.0412e-05  |      ---           ---           ---     
n=06:                                1.7284e+08    -2.7332e+07   +3.5765e-04  |      ---           ---           ---     
