--- multipoles on reference trajectory (rz > 0) ---
effective_length:                   434.5964432725461 mm
perpendicular_grid:                 41 points in [-10.000000,+10.000000] mm
max_fitting_error_normal            0.055/6063.023 G/G
max_fitting_error_skew              330.101/330.101 G/G
r0_for_relative_multipoles          12 mm
main_monomial                       n = 0, skew:False
                                       Nn(s=0)      Integ_Nn     Nn/N0(@r0)   |    Sn(s=0)      Integ_Sn     Sn/S0(@r0)  
<multipole_order n>                    [T/m^n]      [T.m/m^n]        []       |    [T/m^n]      [T.m/m^n]        []      
n=00:                                5.2336e-01    -2.2745e-01   +1.0000e+00  |      ---           ---           ---     
n=01:                                6.8652e+00    +3.0590e+00   -1.6139e-01  |      ---           ---           ---     
n=02:                                5.6719e+00    +1.0260e+00   -6.4958e-04  |      ---           ---           ---     
n=03:                                8.8891e+01    -4.1727e+01   +3.1702e-04  |      ---           ---           ---     
n=04:                                2.0697e+03    -1.8656e+03   +1.7008e-04  |      ---           ---           ---     
n=05:                                3.6843e+05    +1.3407e+05   -1.4667e-04  |      ---           ---           ---     
n=06:                                1.4437e+07    +6.6241e+06   -8.6962e-05  |      ---           ---           ---     
