--- multipoles on reference trajectory (rz > 0) ---
effective_length:                   436.9423860832046 mm
perpendicular_grid:                 41 points in [-10.000000,+10.000000] mm
max_fitting_error_normal            0.055/6415.852 G/G
max_fitting_error_skew              349.001/349.001 G/G
r0_for_relative_multipoles          12 mm
main_monomial                       n = 0, skew:False
                                       Nn(s=0)      Integ_Nn     Nn/N0(@r0)   |    Sn(s=0)      Integ_Sn     Sn/S0(@r0)  
<multipole_order n>                    [T/m^n]      [T.m/m^n]        []       |    [T/m^n]      [T.m/m^n]        []      
n=00:                                5.5395e-01    -2.4204e-01   +1.0000e+00  |      ---           ---           ---     
n=01:                                7.2420e+00    +3.2443e+00   -1.6085e-01  |      ---           ---           ---     
n=02:                                6.1801e+00    +8.5669e-01   -5.0967e-04  |      ---           ---           ---     
n=03:                                2.7939e+01    -2.7413e+01   +1.9571e-04  |      ---           ---           ---     
n=04:                                3.1230e+03    +3.4191e+03   -2.9292e-04  |      ---           ---           ---     
n=05:                                2.0178e+05    +9.1045e+03   -9.3599e-06  |      ---           ---           ---     
n=06:                                3.4300e+07    -2.2741e+07   +2.8055e-04  |      ---           ---           ---     
