--- multipoles on reference trajectory (rz > 0) ---
effective_length:                   435.48167383534985 mm
perpendicular_grid:                 41 points in [-10.000000,+10.000000] mm
max_fitting_error_normal            0.074/4903.793 G/G
max_fitting_error_skew              331.260/331.260 G/G
r0_for_relative_multipoles          12 mm
main_monomial                       n = 0, skew:False
                                       Nn(s=0)      Integ_Nn     Nn/N0(@r0)   |    Sn(s=0)      Integ_Sn     Sn/S0(@r0)  
<multipole_order n>                    [T/m^n]      [T.m/m^n]        []       |    [T/m^n]      [T.m/m^n]        []      
n=00:                                5.5592e-01    -2.4209e-01   +1.0000e+00  |      ---           ---           ---     
n=01:                                7.2723e+00    +3.2358e+00   -1.6039e-01  |      ---           ---           ---     
n=02:                                4.8615e+00    +6.7997e-01   -4.0445e-04  |      ---           ---           ---     
n=03:                                1.7499e+01    -1.7734e+01   +1.2658e-04  |      ---           ---           ---     
n=04:                                3.1589e+03    +3.4050e+03   -2.9165e-04  |      ---           ---           ---     
n=05:                                5.6693e+05    -1.3884e+05   +1.4271e-04  |      ---           ---           ---     
n=06:                                4.1387e+07    -1.7309e+07   +2.1349e-04  |      ---           ---           ---     
