--- multipoles on reference trajectory (rz > 0) ---
effective_length:                   435.7021953016999 mm
perpendicular_grid:                 41 points in [-10.000000,+10.000000] mm
max_fitting_error_normal            0.045/4886.940 G/G
max_fitting_error_skew              336.094/336.094 G/G
r0_for_relative_multipoles          12 mm
main_monomial                       n = 0, skew:False
                                       Nn(s=0)      Integ_Nn     Nn/N0(@r0)   |    Sn(s=0)      Integ_Sn     Sn/S0(@r0)  
<multipole_order n>                    [T/m^n]      [T.m/m^n]        []       |    [T/m^n]      [T.m/m^n]        []      
n=00:                                5.5284e-01    -2.4087e-01   +1.0000e+00  |      ---           ---           ---     
n=01:                                7.2394e+00    +3.2234e+00   -1.6058e-01  |      ---           ---           ---     
n=02:                                4.4512e+00    +8.8254e-01   -5.2760e-04  |      ---           ---           ---     
n=03:                                8.1083e+00    -3.7775e+01   +2.7099e-04  |      ---           ---           ---     
n=04:                                2.2070e+04    +2.0739e+03   -1.7854e-04  |      ---           ---           ---     
n=05:                                3.7985e+05    +3.0829e+04   -3.1848e-05  |      ---           ---           ---     
n=06:                                1.2351e+08    -9.9149e+06   +1.2291e-04  |      ---           ---           ---     
