--- multipoles on reference trajectory (rz > 0) ---
effective_length:                   435.6070344165899 mm
perpendicular_grid:                 41 points in [-10.000000,+10.000000] mm
max_fitting_error_normal            0.041/6057.077 G/G
max_fitting_error_skew              322.888/322.888 G/G
r0_for_relative_multipoles          12 mm
main_monomial                       n = 0, skew:False
                                       Nn(s=0)      Integ_Nn     Nn/N0(@r0)   |    Sn(s=0)      Integ_Sn     Sn/S0(@r0)  
<multipole_order n>                    [T/m^n]      [T.m/m^n]        []       |    [T/m^n]      [T.m/m^n]        []      
n=00:                                5.2273e-01    -2.2770e-01   +1.0000e+00  |      ---           ---           ---     
n=01:                                6.8491e+00    +3.0618e+00   -1.6136e-01  |      ---           ---           ---     
n=02:                                5.6241e+00    +8.7872e-01   -5.5570e-04  |      ---           ---           ---     
n=03:                                6.1440e+01    -3.9625e+01   +3.0071e-04  |      ---           ---           ---     
n=04:                                8.9464e+03    -2.3135e+03   +2.1068e-04  |      ---           ---           ---     
n=05:                                2.6329e+04    +3.2401e+04   -3.5407e-05  |      ---           ---           ---     
n=06:                                5.9188e+07    +1.2250e+07   -1.6064e-04  |      ---           ---           ---     
