--- multipoles on reference trajectory (rz > 0) ---
effective_length:                   435.6615619180923 mm
perpendicular_grid:                 41 points in [-10.000000,+10.000000] mm
max_fitting_error_normal            0.026/5813.478 G/G
max_fitting_error_skew              337.173/337.173 G/G
r0_for_relative_multipoles          12 mm
main_monomial                       n = 0, skew:False
                                       Nn(s=0)      Integ_Nn     Nn/N0(@r0)   |    Sn(s=0)      Integ_Sn     Sn/S0(@r0)  
<multipole_order n>                    [T/m^n]      [T.m/m^n]        []       |    [T/m^n]      [T.m/m^n]        []      
n=00:                                5.5464e-01    -2.4164e-01   +1.0000e+00  |      ---           ---           ---     
n=01:                                7.2711e+00    +3.2361e+00   -1.6071e-01  |      ---           ---           ---     
n=02:                                5.8416e+00    +1.1410e+00   -6.7996e-04  |      ---           ---           ---     
n=03:                                1.1917e+02    -3.4286e+01   +2.4519e-04  |      ---           ---           ---     
n=04:                                3.8663e+03    -1.8666e+03   +1.6019e-04  |      ---           ---           ---     
n=05:                                4.4615e+05    +1.7562e+04   -1.8085e-05  |      ---           ---           ---     
n=06:                                2.0112e+07    +8.4631e+06   -1.0458e-04  |      ---           ---           ---     
