--- multipoles on reference trajectory (rz > 0) ---
effective_length:                   437.21709548973826 mm
perpendicular_grid:                 41 points in [-10.000000,+10.000000] mm
max_fitting_error_normal            0.027/6379.343 G/G
max_fitting_error_skew              340.694/340.694 G/G
r0_for_relative_multipoles          12 mm
main_monomial                       n = 0, skew:False
                                       Nn(s=0)      Integ_Nn     Nn/N0(@r0)   |    Sn(s=0)      Integ_Sn     Sn/S0(@r0)  
<multipole_order n>                    [T/m^n]      [T.m/m^n]        []       |    [T/m^n]      [T.m/m^n]        []      
n=00:                                5.5007e-01    -2.4050e-01   +1.0000e+00  |      ---           ---           ---     
n=01:                                7.2075e+00    +3.2255e+00   -1.6094e-01  |      ---           ---           ---     
n=02:                                5.1929e+00    +9.4808e-01   -5.6766e-04  |      ---           ---           ---     
n=03:                                1.0166e+02    -3.6287e+01   +2.6072e-04  |      ---           ---           ---     
n=04:                                3.3129e+03    -2.3136e+03   +1.9948e-04  |      ---           ---           ---     
n=05:                                1.6889e+05    +2.2562e+04   -2.3344e-05  |      ---           ---           ---     
n=06:                                1.7986e+07    +8.1970e+06   -1.0177e-04  |      ---           ---           ---     
