--- multipoles on reference trajectory (rz > 0) ---
effective_length:                   434.19226832300654 mm
perpendicular_grid:                 41 points in [-10.000000,+10.000000] mm
max_fitting_error_normal            0.028/3798.833 G/G
max_fitting_error_skew              353.610/353.610 G/G
r0_for_relative_multipoles          12 mm
main_monomial                       n = 0, skew:False
                                       Nn(s=0)      Integ_Nn     Nn/N0(@r0)   |    Sn(s=0)      Integ_Sn     Sn/S0(@r0)  
<multipole_order n>                    [T/m^n]      [T.m/m^n]        []       |    [T/m^n]      [T.m/m^n]        []      
n=00:                                5.7884e-01    -2.5133e-01   +1.0000e+00  |      ---           ---           ---     
n=01:                                7.6073e+00    +3.3746e+00   -1.6113e-01  |      ---           ---           ---     
n=02:                                5.8984e+00    +1.2070e+00   -6.9154e-04  |      ---           ---           ---     
n=03:                                3.3375e+01    -1.6613e+01   +1.1423e-04  |      ---           ---           ---     
n=04:                                6.7954e+03    -2.0589e+02   +1.6987e-05  |      ---           ---           ---     
n=05:                                2.2154e+05    -6.2428e+04   +6.1809e-05  |      ---           ---           ---     
n=06:                                5.0248e+07    -5.7036e+06   +6.7764e-05  |      ---           ---           ---     
