--- multipoles on reference trajectory (rz > 0) ---
effective_length:                   435.17285698257183 mm
perpendicular_grid:                 41 points in [-10.000000,+10.000000] mm
max_fitting_error_normal            0.040/4882.354 G/G
max_fitting_error_skew              339.105/339.105 G/G
r0_for_relative_multipoles          12 mm
main_monomial                       n = 0, skew:False
                                       Nn(s=0)      Integ_Nn     Nn/N0(@r0)   |    Sn(s=0)      Integ_Sn     Sn/S0(@r0)  
<multipole_order n>                    [T/m^n]      [T.m/m^n]        []       |    [T/m^n]      [T.m/m^n]        []      
n=00:                                5.5384e-01    -2.4102e-01   +1.0000e+00  |      ---           ---           ---     
n=01:                                7.2669e+00    +3.2317e+00   -1.6091e-01  |      ---           ---           ---     
n=02:                                5.6244e+00    +1.0304e+00   -6.1565e-04  |      ---           ---           ---     
n=03:                                8.4726e+01    -3.1294e+01   +2.2437e-04  |      ---           ---           ---     
n=04:                                8.3250e+03    -3.1095e+03   +2.6753e-04  |      ---           ---           ---     
n=05:                                1.0426e+05    -4.8728e+04   +5.0308e-05  |      ---           ---           ---     
n=06:                                5.2210e+07    +1.4809e+07   -1.8347e-04  |      ---           ---           ---     
