--- multipoles on reference trajectory (rz > 0) ---
effective_length:                   436.2881097479616 mm
perpendicular_grid:                 41 points in [-10.000000,+10.000000] mm
max_fitting_error_normal            0.045/6707.171 G/G
max_fitting_error_skew              356.589/356.589 G/G
r0_for_relative_multipoles          12 mm
main_monomial                       n = 0, skew:False
                                       Nn(s=0)      Integ_Nn     Nn/N0(@r0)   |    Sn(s=0)      Integ_Sn     Sn/S0(@r0)  
<multipole_order n>                    [T/m^n]      [T.m/m^n]        []       |    [T/m^n]      [T.m/m^n]        []      
n=00:                                5.7824e-01    -2.5228e-01   +1.0000e+00  |      ---           ---           ---     
n=01:                                7.5262e+00    +3.3770e+00   -1.6063e-01  |      ---           ---           ---     
n=02:                                7.2862e+00    +1.1626e+00   -6.6363e-04  |      ---           ---           ---     
n=03:                                2.6176e+01    -5.2671e+00   +3.6077e-05  |      ---           ---           ---     
n=04:                                7.6460e+03    -3.4100e+01   +2.8029e-06  |      ---           ---           ---     
n=05:                                2.9857e+05    -1.6120e+05   +1.5900e-04  |      ---           ---           ---     
n=06:                                4.3192e+07    -3.8994e+05   +4.6154e-06  |      ---           ---           ---     
