--- multipoles on reference trajectory (rz > 0) ---
effective_length:                   436.2701170159354 mm
perpendicular_grid:                 41 points in [-10.000000,+10.000000] mm
max_fitting_error_normal            0.047/3956.179 G/G
max_fitting_error_skew              319.767/319.767 G/G
r0_for_relative_multipoles          12 mm
main_monomial                       n = 0, skew:False
                                       Nn(s=0)      Integ_Nn     Nn/N0(@r0)   |    Sn(s=0)      Integ_Sn     Sn/S0(@r0)  
<multipole_order n>                    [T/m^n]      [T.m/m^n]        []       |    [T/m^n]      [T.m/m^n]        []      
n=00:                                5.2413e-01    -2.2866e-01   +1.0000e+00  |      ---           ---           ---     
n=01:                                6.8416e+00    +3.0635e+00   -1.6077e-01  |      ---           ---           ---     
n=02:                                5.3975e+00    +1.0660e+00   -6.7131e-04  |      ---           ---           ---     
n=03:                                1.6622e+02    -4.9802e+01   +3.7635e-04  |      ---           ---           ---     
n=04:                                5.7069e+03    -5.2322e+03   +4.7447e-04  |      ---           ---           ---     
n=05:                                7.5260e+05    +1.1693e+05   -1.2725e-04  |      ---           ---           ---     
n=06:                                3.9705e+07    +2.6337e+07   -3.4392e-04  |      ---           ---           ---     
