--- multipoles on reference trajectory (rz > 0) ---
effective_length:                   436.4397856163894 mm
perpendicular_grid:                 41 points in [-10.000000,+10.000000] mm
max_fitting_error_normal            0.038/6383.558 G/G
max_fitting_error_skew              339.444/339.444 G/G
r0_for_relative_multipoles          12 mm
main_monomial                       n = 0, skew:False
                                       Nn(s=0)      Integ_Nn     Nn/N0(@r0)   |    Sn(s=0)      Integ_Sn     Sn/S0(@r0)  
<multipole_order n>                    [T/m^n]      [T.m/m^n]        []       |    [T/m^n]      [T.m/m^n]        []      
n=00:                                5.4950e-01    -2.3982e-01   +1.0000e+00  |      ---           ---           ---     
n=01:                                7.1853e+00    +3.2179e+00   -1.6101e-01  |      ---           ---           ---     
n=02:                                6.0416e+00    +8.3640e-01   -5.0221e-04  |      ---           ---           ---     
n=03:                                2.3990e+01    -2.9991e+01   +2.1609e-04  |      ---           ---           ---     
n=04:                                2.2720e+03    +1.1453e+03   -9.9025e-05  |      ---           ---           ---     
n=05:                                1.6088e+05    +3.0947e+03   -3.2110e-06  |      ---           ---           ---     
n=06:                                5.7149e+06    -7.3266e+06   +9.1222e-05  |      ---           ---           ---     
