--- multipoles on reference trajectory (rz > 0) ---
effective_length:                   436.630414057568 mm
perpendicular_grid:                 41 points in [-10.000000,+10.000000] mm
max_fitting_error_normal            0.060/5034.161 G/G
max_fitting_error_skew              343.272/343.272 G/G
r0_for_relative_multipoles          12 mm
main_monomial                       n = 0, skew:False
                                       Nn(s=0)      Integ_Nn     Nn/N0(@r0)   |    Sn(s=0)      Integ_Sn     Sn/S0(@r0)  
<multipole_order n>                    [T/m^n]      [T.m/m^n]        []       |    [T/m^n]      [T.m/m^n]        []      
n=00:                                5.5389e-01    -2.4184e-01   +1.0000e+00  |      ---           ---           ---     
n=01:                                7.2210e+00    +3.2342e+00   -1.6048e-01  |      ---           ---           ---     
n=02:                                6.6784e+00    +1.0942e+00   -6.5149e-04  |      ---           ---           ---     
n=03:                                4.5734e+01    -2.3321e+01   +1.6663e-04  |      ---           ---           ---     
n=04:                                1.1511e+04    -1.3641e+03   +1.1696e-04  |      ---           ---           ---     
n=05:                                8.5931e+04    -3.8590e+04   +3.9705e-05  |      ---           ---           ---     
n=06:                                6.3374e+07    +2.7560e+06   -3.4028e-05  |      ---           ---           ---     
