--- multipoles on reference trajectory (rz > 0) ---
effective_length:                   435.663993956595 mm
perpendicular_grid:                 41 points in [-10.000000,+10.000000] mm
max_fitting_error_normal            0.074/6696.821 G/G
max_fitting_error_skew              351.600/351.600 G/G
r0_for_relative_multipoles          12 mm
main_monomial                       n = 0, skew:False
                                       Nn(s=0)      Integ_Nn     Nn/N0(@r0)   |    Sn(s=0)      Integ_Sn     Sn/S0(@r0)  
<multipole_order n>                    [T/m^n]      [T.m/m^n]        []       |    [T/m^n]      [T.m/m^n]        []      
n=00:                                5.7824e-01    -2.5192e-01   +1.0000e+00  |      ---           ---           ---     
n=01:                                7.5926e+00    +3.3809e+00   -1.6105e-01  |      ---           ---           ---     
n=02:                                6.5151e+00    +1.1738e+00   -6.7095e-04  |      ---           ---           ---     
n=03:                                4.5084e+01    -1.4858e+01   +1.0192e-04  |      ---           ---           ---     
n=04:                                1.5637e+04    -1.6505e+03   +1.3586e-04  |      ---           ---           ---     
n=05:                                1.9394e+04    -1.1486e+05   +1.1345e-04  |      ---           ---           ---     
n=06:                                1.1255e+08    +1.0673e+07   -1.2651e-04  |      ---           ---           ---     
