--- multipoles on reference trajectory (rz > 0) ---
effective_length:                   434.73251069497866 mm
perpendicular_grid:                 41 points in [-10.000000,+10.000000] mm
max_fitting_error_normal            0.041/4566.268 G/G
max_fitting_error_skew              338.390/338.390 G/G
r0_for_relative_multipoles          12 mm
main_monomial                       n = 0, skew:False
                                       Nn(s=0)      Integ_Nn     Nn/N0(@r0)   |    Sn(s=0)      Integ_Sn     Sn/S0(@r0)  
<multipole_order n>                    [T/m^n]      [T.m/m^n]        []       |    [T/m^n]      [T.m/m^n]        []      
n=00:                                5.2432e-01    -2.2794e-01   +1.0000e+00  |      ---           ---           ---     
n=01:                                6.9005e+00    +3.0593e+00   -1.6106e-01  |      ---           ---           ---     
n=02:                                4.7216e+00    +7.1191e-01   -4.4975e-04  |      ---           ---           ---     
n=03:                                4.0713e+01    -2.4295e+01   +1.8418e-04  |      ---           ---           ---     
n=04:                                1.1226e+04    -5.8648e+02   +5.3354e-05  |      ---           ---           ---     
n=05:                                1.0459e+05    -4.4565e+04   +4.8650e-05  |      ---           ---           ---     
n=06:                                8.1433e+07    +6.9278e+06   -9.0755e-05  |      ---           ---           ---     
