--- multipoles on reference trajectory (rz > 0) ---
effective_length:                   436.52430139699 mm
perpendicular_grid:                 41 points in [-10.000000,+10.000000] mm
max_fitting_error_normal            0.039/5197.918 G/G
max_fitting_error_skew              324.123/324.123 G/G
r0_for_relative_multipoles          12 mm
main_monomial                       n = 0, skew:False
                                       Nn(s=0)      Integ_Nn     Nn/N0(@r0)   |    Sn(s=0)      Integ_Sn     Sn/S0(@r0)  
<multipole_order n>                    [T/m^n]      [T.m/m^n]        []       |    [T/m^n]      [T.m/m^n]        []      
n=00:                                5.2250e-01    -2.2809e-01   +1.0000e+00  |      ---           ---           ---     
n=01:                                6.8517e+00    +3.0630e+00   -1.6115e-01  |      ---           ---           ---     
n=02:                                5.8524e+00    +9.1418e-01   -5.7716e-04  |      ---           ---           ---     
n=03:                                2.2553e+01    -8.2346e+00   +6.2386e-05  |      ---           ---           ---     
n=04:                                1.3955e+04    -8.4081e+02   +7.6440e-05  |      ---           ---           ---     
n=05:                                2.3207e+05    -1.5671e+05   +1.7096e-04  |      ---           ---           ---     
n=06:                                8.3637e+07    -2.2862e+05   +2.9930e-06  |      ---           ---           ---     
