--- multipoles on reference trajectory (rz > 0) ---
effective_length:                   436.7067832782209 mm
perpendicular_grid:                 41 points in [-10.000000,+10.000000] mm
max_fitting_error_normal            0.039/4870.702 G/G
max_fitting_error_skew              336.472/336.472 G/G
r0_for_relative_multipoles          12 mm
main_monomial                       n = 0, skew:False
                                       Nn(s=0)      Integ_Nn     Nn/N0(@r0)   |    Sn(s=0)      Integ_Sn     Sn/S0(@r0)  
<multipole_order n>                    [T/m^n]      [T.m/m^n]        []       |    [T/m^n]      [T.m/m^n]        []      
n=00:                                5.5089e-01    -2.4058e-01   +1.0000e+00  |      ---           ---           ---     
n=01:                                7.2031e+00    +3.2223e+00   -1.6073e-01  |      ---           ---           ---     
n=02:                                5.9151e+00    +1.0801e+00   -6.4650e-04  |      ---           ---           ---     
n=03:                                7.9591e+01    -3.4635e+01   +2.4877e-04  |      ---           ---           ---     
n=04:                                9.9145e+03    -1.7903e+03   +1.5431e-04  |      ---           ---           ---     
n=05:                                4.8014e+03    -1.8571e+04   +1.9208e-05  |      ---           ---           ---     
n=06:                                7.0750e+07    +4.2748e+06   -5.3058e-05  |      ---           ---           ---     
