--- multipoles on reference trajectory (rz > 0) ---
effective_length:                   435.0047008038537 mm
perpendicular_grid:                 41 points in [-10.000000,+10.000000] mm
max_fitting_error_normal            0.029/6071.038 G/G
max_fitting_error_skew              326.401/326.401 G/G
r0_for_relative_multipoles          12 mm
main_monomial                       n = 0, skew:False
                                       Nn(s=0)      Integ_Nn     Nn/N0(@r0)   |    Sn(s=0)      Integ_Sn     Sn/S0(@r0)  
<multipole_order n>                    [T/m^n]      [T.m/m^n]        []       |    [T/m^n]      [T.m/m^n]        []      
n=00:                                5.2484e-01    -2.2831e-01   +1.0000e+00  |      ---           ---           ---     
n=01:                                6.8662e+00    +3.0620e+00   -1.6094e-01  |      ---           ---           ---     
n=02:                                5.6301e+00    +9.2808e-01   -5.8537e-04  |      ---           ---           ---     
n=03:                                2.1384e+00    -2.3815e+01   +1.8025e-04  |      ---           ---           ---     
n=04:                                6.9408e+03    -5.3568e+01   +4.8653e-06  |      ---           ---           ---     
n=05:                                3.8748e+05    -4.6579e+04   +5.0766e-05  |      ---           ---           ---     
n=06:                                3.2340e+07    -5.8571e+06   +7.6604e-05  |      ---           ---           ---     
