--- multipoles on reference trajectory (rz > 0) ---
effective_length:                   434.82070003198015 mm
perpendicular_grid:                 41 points in [-10.000000,+10.000000] mm
max_fitting_error_normal            0.033/5121.301 G/G
max_fitting_error_skew              360.422/360.422 G/G
r0_for_relative_multipoles          12 mm
main_monomial                       n = 0, skew:False
                                       Nn(s=0)      Integ_Nn     Nn/N0(@r0)   |    Sn(s=0)      Integ_Sn     Sn/S0(@r0)  
<multipole_order n>                    [T/m^n]      [T.m/m^n]        []       |    [T/m^n]      [T.m/m^n]        []      
n=00:                                5.7829e-01    -2.5145e-01   +1.0000e+00  |      ---           ---           ---     
n=01:                                7.5521e+00    +3.3658e+00   -1.6062e-01  |      ---           ---           ---     
n=02:                                5.5614e+00    +9.7522e-01   -5.5848e-04  |      ---           ---           ---     
n=03:                                1.1339e+02    -5.0368e+01   +3.4614e-04  |      ---           ---           ---     
n=04:                                1.1452e+03    -3.2964e+03   +2.7184e-04  |      ---           ---           ---     
n=05:                                2.9242e+05    +8.0587e+04   -7.9748e-05  |      ---           ---           ---     
n=06:                                8.1734e+06    +1.8569e+07   -2.2050e-04  |      ---           ---           ---     
