--- multipoles on reference trajectory (rz > 0) ---
effective_length:                   436.1899479144711 mm
perpendicular_grid:                 41 points in [-10.000000,+10.000000] mm
max_fitting_error_normal            0.037/6371.179 G/G
max_fitting_error_skew              355.024/355.024 G/G
r0_for_relative_multipoles          12 mm
main_monomial                       n = 0, skew:False
                                       Nn(s=0)      Integ_Nn     Nn/N0(@r0)   |    Sn(s=0)      Integ_Sn     Sn/S0(@r0)  
<multipole_order n>                    [T/m^n]      [T.m/m^n]        []       |    [T/m^n]      [T.m/m^n]        []      
n=00:                                5.4948e-01    -2.3968e-01   +1.0000e+00  |      ---           ---           ---     
n=01:                                7.1890e+00    +3.2207e+00   -1.6125e-01  |      ---           ---           ---     
n=02:                                7.1809e+00    +1.0823e+00   -6.5027e-04  |      ---           ---           ---     
n=03:                                6.8834e+01    +1.6225e+01   -1.1698e-04  |      ---           ---           ---     
n=04:                                2.2633e+04    -3.0087e+03   +2.6031e-04  |      ---           ---           ---     
n=05:                                7.6296e+05    -2.9524e+05   +3.0652e-04  |      ---           ---           ---     
n=06:                                1.2657e+08    +1.5345e+07   -1.9117e-04  |      ---           ---           ---     
