--- multipoles on reference trajectory (rz > 0) ---
effective_length:                   435.21318319494986 mm
perpendicular_grid:                 41 points in [-10.000000,+10.000000] mm
max_fitting_error_normal            0.052/6401.755 G/G
max_fitting_error_skew              334.885/334.885 G/G
r0_for_relative_multipoles          12 mm
main_monomial                       n = 0, skew:False
                                       Nn(s=0)      Integ_Nn     Nn/N0(@r0)   |    Sn(s=0)      Integ_Sn     Sn/S0(@r0)  
<multipole_order n>                    [T/m^n]      [T.m/m^n]        []       |    [T/m^n]      [T.m/m^n]        []      
n=00:                                5.5368e-01    -2.4097e-01   +1.0000e+00  |      ---           ---           ---     
n=01:                                7.2548e+00    +3.2250e+00   -1.6060e-01  |      ---           ---           ---     
n=02:                                6.7168e+00    +1.0632e+00   -6.3536e-04  |      ---           ---           ---     
n=03:                                1.1707e+01    -5.1192e+00   +3.6710e-05  |      ---           ---           ---     
n=04:                                3.2411e+04    -2.3125e+03   +1.9900e-04  |      ---           ---           ---     
n=05:                                4.3158e+05    -1.8368e+05   +1.8967e-04  |      ---           ---           ---     
n=06:                                2.0367e+08    +1.7179e+07   -2.1287e-04  |      ---           ---           ---     
