--- multipoles on reference trajectory (rz > 0) ---
effective_length:                   434.8750086869159 mm
perpendicular_grid:                 41 points in [-10.000000,+10.000000] mm
max_fitting_error_normal            0.033/6692.616 G/G
max_fitting_error_skew              360.039/360.039 G/G
r0_for_relative_multipoles          12 mm
main_monomial                       n = 0, skew:False
                                       Nn(s=0)      Integ_Nn     Nn/N0(@r0)   |    Sn(s=0)      Integ_Sn     Sn/S0(@r0)  
<multipole_order n>                    [T/m^n]      [T.m/m^n]        []       |    [T/m^n]      [T.m/m^n]        []      
n=00:                                5.7742e-01    -2.5110e-01   +1.0000e+00  |      ---           ---           ---     
n=01:                                7.6037e+00    +3.3767e+00   -1.6137e-01  |      ---           ---           ---     
n=02:                                5.8615e+00    +1.2212e+00   -7.0033e-04  |      ---           ---           ---     
n=03:                                5.0020e+01    -3.2275e+01   +2.2210e-04  |      ---           ---           ---     
n=04:                                8.8796e+03    -1.2962e+03   +1.0704e-04  |      ---           ---           ---     
n=05:                                8.8810e+04    +4.8785e+04   -4.8343e-05  |      ---           ---           ---     
n=06:                                5.6894e+07    +3.7200e+06   -4.4236e-05  |      ---           ---           ---     
