--- multipoles on reference trajectory (rz > 0) ---
effective_length:                   435.9301608418923 mm
perpendicular_grid:                 41 points in [-10.000000,+10.000000] mm
max_fitting_error_normal            0.050/6381.306 G/G
max_fitting_error_skew              356.923/356.923 G/G
r0_for_relative_multipoles          12 mm
main_monomial                       n = 0, skew:False
                                       Nn(s=0)      Integ_Nn     Nn/N0(@r0)   |    Sn(s=0)      Integ_Sn     Sn/S0(@r0)  
<multipole_order n>                    [T/m^n]      [T.m/m^n]        []       |    [T/m^n]      [T.m/m^n]        []      
n=00:                                5.4972e-01    -2.3964e-01   +1.0000e+00  |      ---           ---           ---     
n=01:                                7.1960e+00    +3.2186e+00   -1.6117e-01  |      ---           ---           ---     
n=02:                                5.0167e+00    +9.9961e-01   -6.0067e-04  |      ---           ---           ---     
n=03:                                7.7969e+01    -2.9919e+01   +2.1574e-04  |      ---           ---           ---     
n=04:                                2.0494e+04    +2.5028e+03   -2.1656e-04  |      ---           ---           ---     
n=05:                                1.4192e+05    +3.2869e+04   -3.4130e-05  |      ---           ---           ---     
n=06:                                1.1435e+08    -2.1203e+07   +2.6420e-04  |      ---           ---           ---     
