--- multipoles on reference trajectory (rz > 0) ---
effective_length:                   435.77964668826684 mm
perpendicular_grid:                 41 points in [-10.000000,+10.000000] mm
max_fitting_error_normal            0.043/4620.690 G/G
max_fitting_error_skew              322.322/322.322 G/G
r0_for_relative_multipoles          12 mm
main_monomial                       n = 0, skew:False
                                       Nn(s=0)      Integ_Nn     Nn/N0(@r0)   |    Sn(s=0)      Integ_Sn     Sn/S0(@r0)  
<multipole_order n>                    [T/m^n]      [T.m/m^n]        []       |    [T/m^n]      [T.m/m^n]        []      
n=00:                                5.2291e-01    -2.2787e-01   +1.0000e+00  |      ---           ---           ---     
n=01:                                6.8510e+00    +3.0617e+00   -1.6123e-01  |      ---           ---           ---     
n=02:                                5.8570e+00    +8.8197e-01   -5.5735e-04  |      ---           ---           ---     
n=03:                                2.0247e+01    -1.1742e+01   +8.9043e-05  |      ---           ---           ---     
n=04:                                1.3912e+04    -2.0429e+03   +1.8590e-04  |      ---           ---           ---     
n=05:                                2.5132e+05    -1.2620e+05   +1.3780e-04  |      ---           ---           ---     
n=06:                                8.3864e+07    +1.1261e+07   -1.4756e-04  |      ---           ---           ---     
