--- multipoles on reference trajectory (rz > 0) ---
effective_length:                   434.8278892703778 mm
perpendicular_grid:                 41 points in [-10.000000,+10.000000] mm
max_fitting_error_normal            0.035/6699.666 G/G
max_fitting_error_skew              362.366/362.366 G/G
r0_for_relative_multipoles          12 mm
main_monomial                       n = 0, skew:False
                                       Nn(s=0)      Integ_Nn     Nn/N0(@r0)   |    Sn(s=0)      Integ_Sn     Sn/S0(@r0)  
<multipole_order n>                    [T/m^n]      [T.m/m^n]        []       |    [T/m^n]      [T.m/m^n]        []      
n=00:                                5.7899e-01    -2.5176e-01   +1.0000e+00  |      ---           ---           ---     
n=01:                                7.6010e+00    +3.3764e+00   -1.6093e-01  |      ---           ---           ---     
n=02:                                6.6817e+00    +1.1990e+00   -6.8579e-04  |      ---           ---           ---     
n=03:                                8.0412e+01    -1.1067e+01   +7.5958e-05  |      ---           ---           ---     
n=04:                                1.6606e+04    -1.0088e+03   +8.3092e-05  |      ---           ---           ---     
n=05:                                9.4769e+05    -1.2172e+05   +1.2030e-04  |      ---           ---           ---     
n=06:                                8.7335e+07    +2.0465e+06   -2.4273e-05  |      ---           ---           ---     
