--- multipoles on reference trajectory (rz > 0) ---
effective_length:                   435.24674099843634 mm
perpendicular_grid:                 41 points in [-10.000000,+10.000000] mm
max_fitting_error_normal            0.022/6379.079 G/G
max_fitting_error_skew              344.141/344.141 G/G
r0_for_relative_multipoles          12 mm
main_monomial                       n = 0, skew:False
                                       Nn(s=0)      Integ_Nn     Nn/N0(@r0)   |    Sn(s=0)      Integ_Sn     Sn/S0(@r0)  
<multipole_order n>                    [T/m^n]      [T.m/m^n]        []       |    [T/m^n]      [T.m/m^n]        []      
n=00:                                5.5057e-01    -2.3963e-01   +1.0000e+00  |      ---           ---           ---     
n=01:                                7.2296e+00    +3.2238e+00   -1.6143e-01  |      ---           ---           ---     
n=02:                                5.1607e+00    +1.0458e+00   -6.2844e-04  |      ---           ---           ---     
n=03:                                4.7860e+00    -2.8875e+01   +2.0822e-04  |      ---           ---           ---     
n=04:                                4.0845e+03    -2.3106e+03   +1.9994e-04  |      ---           ---           ---     
n=05:                                4.7135e+05    -5.7264e+04   +5.9462e-05  |      ---           ---           ---     
n=06:                                1.1778e+07    +1.1151e+07   -1.3894e-04  |      ---           ---           ---     
