--- multipoles on reference trajectory (rz > 0) ---
effective_length:                   433.98825841191336 mm
perpendicular_grid:                 41 points in [-10.000000,+10.000000] mm
max_fitting_error_normal            0.026/6057.551 G/G
max_fitting_error_skew              317.422/317.422 G/G
r0_for_relative_multipoles          12 mm
main_monomial                       n = 0, skew:False
                                       Nn(s=0)      Integ_Nn     Nn/N0(@r0)   |    Sn(s=0)      Integ_Sn     Sn/S0(@r0)  
<multipole_order n>                    [T/m^n]      [T.m/m^n]        []       |    [T/m^n]      [T.m/m^n]        []      
n=00:                                5.2434e-01    -2.2756e-01   +1.0000e+00  |      ---           ---           ---     
n=01:                                6.9106e+00    +3.0619e+00   -1.6147e-01  |      ---           ---           ---     
n=02:                                4.0605e+00    +7.5932e-01   -4.8050e-04  |      ---           ---           ---     
n=03:                                3.9430e+01    -3.8924e+01   +2.9558e-04  |      ---           ---           ---     
n=04:                                1.6073e+04    +3.7441e+02   -3.4118e-05  |      ---           ---           ---     
n=05:                                3.5187e+04    +4.7265e+04   -5.1685e-05  |      ---           ---           ---     
n=06:                                8.2225e+07    -2.6926e+06   +3.5332e-05  |      ---           ---           ---     
