--- multipoles on reference trajectory (rz > 0) ---
effective_length:                   433.3078200142135 mm
perpendicular_grid:                 41 points in [-10.000000,+10.000000] mm
max_fitting_error_normal            0.049/4636.361 G/G
max_fitting_error_skew              315.743/315.743 G/G
r0_for_relative_multipoles          12 mm
main_monomial                       n = 0, skew:False
                                       Nn(s=0)      Integ_Nn     Nn/N0(@r0)   |    Sn(s=0)      Integ_Sn     Sn/S0(@r0)  
<multipole_order n>                    [T/m^n]      [T.m/m^n]        []       |    [T/m^n]      [T.m/m^n]        []      
n=00:                                5.2793e-01    -2.2875e-01   +1.0000e+00  |      ---           ---           ---     
n=01:                                6.9397e+00    +3.0620e+00   -1.6063e-01  |      ---           ---           ---     
n=02:                                4.5811e+00    +1.1474e+00   -7.2230e-04  |      ---           ---           ---     
n=03:                                3.4847e+01    -2.7981e+01   +2.1137e-04  |      ---           ---           ---     
n=04:                                5.7616e+02    -5.1060e+03   +4.6285e-04  |      ---           ---           ---     
n=05:                                9.0016e+04    -3.8865e+04   +4.2276e-05  |      ---           ---           ---     
n=06:                                5.1008e+06    +2.8067e+07   -3.6636e-04  |      ---           ---           ---     
