--- multipoles on reference trajectory (rz > 0) ---
effective_length:                   435.1131640973623 mm
perpendicular_grid:                 41 points in [-10.000000,+10.000000] mm
max_fitting_error_normal            0.034/6373.976 G/G
max_fitting_error_skew              349.340/349.340 G/G
r0_for_relative_multipoles          12 mm
main_monomial                       n = 0, skew:False
                                       Nn(s=0)      Integ_Nn     Nn/N0(@r0)   |    Sn(s=0)      Integ_Sn     Sn/S0(@r0)  
<multipole_order n>                    [T/m^n]      [T.m/m^n]        []       |    [T/m^n]      [T.m/m^n]        []      
n=00:                                5.5089e-01    -2.3970e-01   +1.0000e+00  |      ---           ---           ---     
n=01:                                7.2255e+00    +3.2179e+00   -1.6109e-01  |      ---           ---           ---     
n=02:                                5.9782e+00    +7.7924e-01   -4.6813e-04  |      ---           ---           ---     
n=03:                                2.1471e+01    -5.0400e-01   +3.6333e-06  |      ---           ---           ---     
n=04:                                1.1956e+04    +1.0135e+03   -8.7677e-05  |      ---           ---           ---     
n=05:                                2.3455e+05    -1.8277e+05   +1.8974e-04  |      ---           ---           ---     
n=06:                                7.7080e+07    -4.8389e+06   +6.0279e-05  |      ---           ---           ---     
