--- multipoles on reference trajectory (rz > 0) ---
effective_length:                   432.22608862744374 mm
perpendicular_grid:                 41 points in [-10.000000,+10.000000] mm
max_fitting_error_normal            0.048/4503.438 G/G
max_fitting_error_skew              358.039/358.039 G/G
r0_for_relative_multipoles          12 mm
main_monomial                       n = 0, skew:False
                                       Nn(s=0)      Integ_Nn     Nn/N0(@r0)   |    Sn(s=0)      Integ_Sn     Sn/S0(@r0)  
<multipole_order n>                    [T/m^n]      [T.m/m^n]        []       |    [T/m^n]      [T.m/m^n]        []      
n=00:                                5.8093e-01    -2.5109e-01   +1.0000e+00  |      ---           ---           ---     
n=01:                                7.6630e+00    +3.3657e+00   -1.6085e-01  |      ---           ---           ---     
n=02:                                3.5495e+00    +5.9519e-01   -3.4134e-04  |      ---           ---           ---     
n=03:                                2.8519e+01    -3.0745e+01   +2.1158e-04  |      ---           ---           ---     
n=04:                                1.7347e+04    +5.3307e+03   -4.4022e-04  |      ---           ---           ---     
n=05:                                5.0598e+05    -2.8479e+04   +2.8223e-05  |      ---           ---           ---     
n=06:                                8.8621e+07    -2.8854e+07   +3.4313e-04  |      ---           ---           ---     
