--- multipoles on reference trajectory (rz > 0) ---
effective_length:                   434.2398066738739 mm
perpendicular_grid:                 41 points in [-10.000000,+10.000000] mm
max_fitting_error_normal            0.042/4858.341 G/G
max_fitting_error_skew              343.148/343.148 G/G
r0_for_relative_multipoles          12 mm
main_monomial                       n = 0, skew:False
                                       Nn(s=0)      Integ_Nn     Nn/N0(@r0)   |    Sn(s=0)      Integ_Sn     Sn/S0(@r0)  
<multipole_order n>                    [T/m^n]      [T.m/m^n]        []       |    [T/m^n]      [T.m/m^n]        []      
n=00:                                5.5100e-01    -2.3927e-01   +1.0000e+00  |      ---           ---           ---     
n=01:                                7.2508e+00    +3.2165e+00   -1.6132e-01  |      ---           ---           ---     
n=02:                                5.7049e+00    +8.8975e-01   -5.3548e-04  |      ---           ---           ---     
n=03:                                1.2251e+02    -2.4513e+01   +1.7703e-04  |      ---           ---           ---     
n=04:                                2.4128e+03    +3.6303e+03   -3.1462e-04  |      ---           ---           ---     
n=05:                                1.1193e+06    -1.7050e+04   +1.7732e-05  |      ---           ---           ---     
n=06:                                1.8167e+07    -2.0799e+07   +2.5956e-04  |      ---           ---           ---     
