--- multipoles on reference trajectory (rz > 0) ---
effective_length:                   434.12501487781793 mm
perpendicular_grid:                 41 points in [-10.000000,+10.000000] mm
max_fitting_error_normal            0.041/4566.998 G/G
max_fitting_error_skew              338.436/338.436 G/G
r0_for_relative_multipoles          12 mm
main_monomial                       n = 0, skew:False
                                       Nn(s=0)      Integ_Nn     Nn/N0(@r0)   |    Sn(s=0)      Integ_Sn     Sn/S0(@r0)  
<multipole_order n>                    [T/m^n]      [T.m/m^n]        []       |    [T/m^n]      [T.m/m^n]        []      
n=00:                                5.2440e-01    -2.2765e-01   +1.0000e+00  |      ---           ---           ---     
n=01:                                6.9004e+00    +3.0550e+00   -1.6104e-01  |      ---           ---           ---     
n=02:                                4.7248e+00    +7.1088e-01   -4.4966e-04  |      ---           ---           ---     
n=03:                                4.0455e+01    -2.4251e+01   +1.8408e-04  |      ---           ---           ---     
n=04:                                1.1292e+04    -5.8091e+02   +5.2912e-05  |      ---           ---           ---     
n=05:                                1.0170e+05    -4.4786e+04   +4.8952e-05  |      ---           ---           ---     
n=06:                                8.1925e+07    +6.9015e+06   -9.0522e-05  |      ---           ---           ---     
