--- multipoles on reference trajectory (rz > 0) ---
effective_length:                   435.8778818909416 mm
perpendicular_grid:                 41 points in [-10.000000,+10.000000] mm
max_fitting_error_normal            0.028/6687.412 G/G
max_fitting_error_skew              353.647/353.647 G/G
r0_for_relative_multipoles          12 mm
main_monomial                       n = 0, skew:False
                                       Nn(s=0)      Integ_Nn     Nn/N0(@r0)   |    Sn(s=0)      Integ_Sn     Sn/S0(@r0)  
<multipole_order n>                    [T/m^n]      [T.m/m^n]        []       |    [T/m^n]      [T.m/m^n]        []      
n=00:                                5.7655e-01    -2.5130e-01   +1.0000e+00  |      ---           ---           ---     
n=01:                                7.5458e+00    +3.3723e+00   -1.6103e-01  |      ---           ---           ---     
n=02:                                6.3679e+00    +1.0793e+00   -6.1847e-04  |      ---           ---           ---     
n=03:                                4.4235e+01    -1.0447e+01   +7.1835e-05  |      ---           ---           ---     
n=04:                                7.3679e+03    -2.7683e+03   +2.2843e-04  |      ---           ---           ---     
n=05:                                5.0293e+04    -1.4341e+05   +1.4200e-04  |      ---           ---           ---     
n=06:                                5.1241e+07    +1.2394e+07   -1.4727e-04  |      ---           ---           ---     
