--- multipoles on reference trajectory (rz > 0) ---
effective_length:                   433.8602102479813 mm
perpendicular_grid:                 41 points in [-10.000000,+10.000000] mm
max_fitting_error_normal            0.043/4590.823 G/G
max_fitting_error_skew              321.302/321.302 G/G
r0_for_relative_multipoles          12 mm
main_monomial                       n = 0, skew:False
                                       Nn(s=0)      Integ_Nn     Nn/N0(@r0)   |    Sn(s=0)      Integ_Sn     Sn/S0(@r0)  
<multipole_order n>                    [T/m^n]      [T.m/m^n]        []       |    [T/m^n]      [T.m/m^n]        []      
n=00:                                5.2443e-01    -2.2753e-01   +1.0000e+00  |      ---           ---           ---     
n=01:                                6.8976e+00    +3.0592e+00   -1.6134e-01  |      ---           ---           ---     
n=02:                                5.3173e+00    +9.7823e-01   -6.1911e-04  |      ---           ---           ---     
n=03:                                7.1738e+01    -1.3062e+01   +9.9198e-05  |      ---           ---           ---     
n=04:                                1.1766e+04    -5.0296e+03   +4.5837e-04  |      ---           ---           ---     
n=05:                                1.5192e+05    -1.2952e+05   +1.4164e-04  |      ---           ---           ---     
n=06:                                6.9152e+07    +2.7245e+07   -3.5755e-04  |      ---           ---           ---     
