--- multipoles on reference trajectory (rz > 0) ---
effective_length:                   435.15787542580614 mm
perpendicular_grid:                 41 points in [-10.000000,+10.000000] mm
max_fitting_error_normal            0.044/6687.517 G/G
max_fitting_error_skew              366.813/366.813 G/G
r0_for_relative_multipoles          12 mm
main_monomial                       n = 0, skew:False
                                       Nn(s=0)      Integ_Nn     Nn/N0(@r0)   |    Sn(s=0)      Integ_Sn     Sn/S0(@r0)  
<multipole_order n>                    [T/m^n]      [T.m/m^n]        []       |    [T/m^n]      [T.m/m^n]        []      
n=00:                                5.7745e-01    -2.5128e-01   +1.0000e+00  |      ---           ---           ---     
n=01:                                7.5742e+00    +3.3751e+00   -1.6118e-01  |      ---           ---           ---     
n=02:                                6.3839e+00    +1.0202e+00   -5.8467e-04  |      ---           ---           ---     
n=03:                                4.1162e+01    -3.3692e+01   +2.3170e-04  |      ---           ---           ---     
n=04:                                7.9866e+03    -6.4610e+02   +5.3317e-05  |      ---           ---           ---     
n=05:                                1.5926e+05    +1.1456e+04   -1.1345e-05  |      ---           ---           ---     
n=06:                                5.0527e+07    -1.1229e+06   +1.3343e-05  |      ---           ---           ---     
