--- multipoles on reference trajectory (rz > 0) ---
effective_length:                   433.77620121931 mm
perpendicular_grid:                 41 points in [-10.000000,+10.000000] mm
max_fitting_error_normal            0.037/2919.446 G/G
max_fitting_error_skew              319.585/319.585 G/G
r0_for_relative_multipoles          12 mm
main_monomial                       n = 0, skew:False
                                       Nn(s=0)      Integ_Nn     Nn/N0(@r0)   |    Sn(s=0)      Integ_Sn     Sn/S0(@r0)  
<multipole_order n>                    [T/m^n]      [T.m/m^n]        []       |    [T/m^n]      [T.m/m^n]        []      
n=00:                                5.2515e-01    -2.2780e-01   +1.0000e+00  |      ---           ---           ---     
n=01:                                6.9079e+00    +3.0596e+00   -1.6117e-01  |      ---           ---           ---     
n=02:                                4.3466e+00    +9.5497e-01   -6.0368e-04  |      ---           ---           ---     
n=03:                                4.8752e+01    -2.2226e+01   +1.6860e-04  |      ---           ---           ---     
n=04:                                1.4044e+04    -1.1144e+03   +1.0144e-04  |      ---           ---           ---     
n=05:                                6.2983e+04    -4.0983e+04   +4.4767e-05  |      ---           ---           ---     
n=06:                                7.4506e+07    +5.7554e+06   -7.5443e-05  |      ---           ---           ---     
