--- multipoles on reference trajectory (rz > 0) ---
effective_length:                   433.3544799197967 mm
perpendicular_grid:                 41 points in [-10.000000,+10.000000] mm
max_fitting_error_normal            0.043/4572.873 G/G
max_fitting_error_skew              315.134/315.134 G/G
r0_for_relative_multipoles          12 mm
main_monomial                       n = 0, skew:False
                                       Nn(s=0)      Integ_Nn     Nn/N0(@r0)   |    Sn(s=0)      Integ_Sn     Sn/S0(@r0)  
<multipole_order n>                    [T/m^n]      [T.m/m^n]        []       |    [T/m^n]      [T.m/m^n]        []      
n=00:                                5.2575e-01    -2.2784e-01   +1.0000e+00  |      ---           ---           ---     
n=01:                                6.9425e+00    +3.0645e+00   -1.6140e-01  |      ---           ---           ---     
n=02:                                4.5456e+00    +8.2416e-01   -5.2089e-04  |      ---           ---           ---     
n=03:                                3.2917e+01    -2.6272e+01   +1.9925e-04  |      ---           ---           ---     
n=04:                                5.6179e+02    +2.7710e+03   -2.5219e-04  |      ---           ---           ---     
n=05:                                9.4293e+04    -3.3320e+04   +3.6390e-05  |      ---           ---           ---     
n=06:                                4.0246e+06    -1.7489e+07   +2.2920e-04  |      ---           ---           ---     
