--- multipoles on reference trajectory (rz > 0) ---
effective_length:                   435.05916660938414 mm
perpendicular_grid:                 41 points in [-10.000000,+10.000000] mm
max_fitting_error_normal            0.044/4887.018 G/G
max_fitting_error_skew              342.408/342.408 G/G
r0_for_relative_multipoles          12 mm
main_monomial                       n = 0, skew:False
                                       Nn(s=0)      Integ_Nn     Nn/N0(@r0)   |    Sn(s=0)      Integ_Sn     Sn/S0(@r0)  
<multipole_order n>                    [T/m^n]      [T.m/m^n]        []       |    [T/m^n]      [T.m/m^n]        []      
n=00:                                5.5343e-01    -2.4077e-01   +1.0000e+00  |      ---           ---           ---     
n=01:                                7.2736e+00    +3.2340e+00   -1.6118e-01  |      ---           ---           ---     
n=02:                                5.4796e+00    +7.6822e-01   -4.5945e-04  |      ---           ---           ---     
n=03:                                5.5856e+01    -3.6841e+01   +2.6440e-04  |      ---           ---           ---     
n=04:                                3.1747e+03    +3.2814e+03   -2.8260e-04  |      ---           ---           ---     
n=05:                                1.1983e+05    +1.0666e+04   -1.1023e-05  |      ---           ---           ---     
n=06:                                1.2133e+07    -2.1760e+07   +2.6985e-04  |      ---           ---           ---     
