--- multipoles on reference trajectory (rz > 0) ---
effective_length:                   436.91083058764156 mm
perpendicular_grid:                 41 points in [-10.000000,+10.000000] mm
max_fitting_error_normal            0.029/4627.596 G/G
max_fitting_error_skew              330.321/330.321 G/G
r0_for_relative_multipoles          12 mm
main_monomial                       n = 0, skew:False
                                       Nn(s=0)      Integ_Nn     Nn/N0(@r0)   |    Sn(s=0)      Integ_Sn     Sn/S0(@r0)  
<multipole_order n>                    [T/m^n]      [T.m/m^n]        []       |    [T/m^n]      [T.m/m^n]        []      
n=00:                                5.2502e-01    -2.2939e-01   +1.0000e+00  |      ---           ---           ---     
n=01:                                6.8625e+00    +3.0723e+00   -1.6072e-01  |      ---           ---           ---     
n=02:                                5.7653e+00    +1.0798e+00   -6.7789e-04  |      ---           ---           ---     
n=03:                                8.7621e+01    -2.3549e+01   +1.7740e-04  |      ---           ---           ---     
n=04:                                3.5406e+03    -2.4476e+03   +2.2126e-04  |      ---           ---           ---     
n=05:                                3.5652e+05    +1.6193e+03   -1.7565e-06  |      ---           ---           ---     
n=06:                                2.3012e+07    +9.2667e+06   -1.2063e-04  |      ---           ---           ---     
