--- multipoles on reference trajectory (rz > 0) ---
effective_length:                   435.95307894390425 mm
perpendicular_grid:                 41 points in [-10.000000,+10.000000] mm
max_fitting_error_normal            0.067/5143.399 G/G
max_fitting_error_skew              373.070/373.070 G/G
r0_for_relative_multipoles          12 mm
main_monomial                       n = 0, skew:False
                                       Nn(s=0)      Integ_Nn     Nn/N0(@r0)   |    Sn(s=0)      Integ_Sn     Sn/S0(@r0)  
<multipole_order n>                    [T/m^n]      [T.m/m^n]        []       |    [T/m^n]      [T.m/m^n]        []      
n=00:                                5.7728e-01    -2.5167e-01   +1.0000e+00  |      ---           ---           ---     
n=01:                                7.5521e+00    +3.3712e+00   -1.6074e-01  |      ---           ---           ---     
n=02:                                6.5389e+00    +1.0156e+00   -5.8112e-04  |      ---           ---           ---     
n=03:                                4.7086e+01    -2.6946e+01   +1.8502e-04  |      ---           ---           ---     
n=04:                                1.4454e+04    -3.3772e+03   +2.7826e-04  |      ---           ---           ---     
n=05:                                3.0363e+05    -1.1423e+05   +1.1294e-04  |      ---           ---           ---     
n=06:                                6.6783e+07    +1.1629e+07   -1.3798e-04  |      ---           ---           ---     
