--- multipoles on reference trajectory (rz > 0) ---
effective_length:                   435.47105893387203 mm
perpendicular_grid:                 41 points in [-10.000000,+10.000000] mm
max_fitting_error_normal            0.057/5789.294 G/G
max_fitting_error_skew              329.753/329.753 G/G
r0_for_relative_multipoles          12 mm
main_monomial                       n = 0, skew:False
                                       Nn(s=0)      Integ_Nn     Nn/N0(@r0)   |    Sn(s=0)      Integ_Sn     Sn/S0(@r0)  
<multipole_order n>                    [T/m^n]      [T.m/m^n]        []       |    [T/m^n]      [T.m/m^n]        []      
n=00:                                5.5344e-01    -2.4101e-01   +1.0000e+00  |      ---           ---           ---     
n=01:                                7.2424e+00    +3.2216e+00   -1.6041e-01  |      ---           ---           ---     
n=02:                                5.2852e+00    +7.3927e-01   -4.4171e-04  |      ---           ---           ---     
n=03:                                1.4519e+01    -7.8132e+00   +5.6020e-05  |      ---           ---           ---     
n=04:                                5.6502e+03    +1.5345e+03   -1.3202e-04  |      ---           ---           ---     
n=05:                                6.1881e+05    -2.1597e+05   +2.2298e-04  |      ---           ---           ---     
n=06:                                2.2043e+07    -7.2642e+06   +9.0000e-05  |      ---           ---           ---     
