--- multipoles on reference trajectory (rz > 0) ---
effective_length:                   435.053255458821 mm
perpendicular_grid:                 41 points in [-10.000000,+10.000000] mm
max_fitting_error_normal            0.044/4882.485 G/G
max_fitting_error_skew              342.160/342.160 G/G
r0_for_relative_multipoles          12 mm
main_monomial                       n = 0, skew:False
                                       Nn(s=0)      Integ_Nn     Nn/N0(@r0)   |    Sn(s=0)      Integ_Sn     Sn/S0(@r0)  
<multipole_order n>                    [T/m^n]      [T.m/m^n]        []       |    [T/m^n]      [T.m/m^n]        []      
n=00:                                5.5300e-01    -2.4058e-01   +1.0000e+00  |      ---           ---           ---     
n=01:                                7.2743e+00    +3.2341e+00   -1.6131e-01  |      ---           ---           ---     
n=02:                                5.4711e+00    +7.6071e-01   -4.5532e-04  |      ---           ---           ---     
n=03:                                5.5229e+01    -3.6339e+01   +2.6101e-04  |      ---           ---           ---     
n=04:                                3.0921e+03    +3.3201e+03   -2.8616e-04  |      ---           ---           ---     
n=05:                                1.2287e+05    +5.8417e+03   -6.0420e-06  |      ---           ---           ---     
n=06:                                1.1744e+07    -2.2060e+07   +2.7380e-04  |      ---           ---           ---     
