--- multipoles on reference trajectory (rz > 0) ---
effective_length:                   435.7149714363663 mm
perpendicular_grid:                 41 points in [-10.000000,+10.000000] mm
max_fitting_error_normal            0.047/3740.359 G/G
max_fitting_error_skew              357.064/357.064 G/G
r0_for_relative_multipoles          12 mm
main_monomial                       n = 0, skew:False
                                       Nn(s=0)      Integ_Nn     Nn/N0(@r0)   |    Sn(s=0)      Integ_Sn     Sn/S0(@r0)  
<multipole_order n>                    [T/m^n]      [T.m/m^n]        []       |    [T/m^n]      [T.m/m^n]        []      
n=00:                                5.7662e-01    -2.5124e-01   +1.0000e+00  |      ---           ---           ---     
n=01:                                7.5348e+00    +3.3718e+00   -1.6105e-01  |      ---           ---           ---     
n=02:                                6.0694e+00    +8.6538e-01   -4.9600e-04  |      ---           ---           ---     
n=03:                                4.6199e+00    -1.1228e+01   +7.7228e-05  |      ---           ---           ---     
n=04:                                9.8664e+03    +1.3625e+03   -1.1245e-04  |      ---           ---           ---     
n=05:                                3.7495e+05    -1.2259e+05   +1.2141e-04  |      ---           ---           ---     
n=06:                                5.6450e+07    -5.0720e+06   +6.0281e-05  |      ---           ---           ---     
