--- multipoles on reference trajectory (rz > 0) ---
effective_length:                   435.1022139029614 mm
perpendicular_grid:                 41 points in [-10.000000,+10.000000] mm
max_fitting_error_normal            0.034/6368.487 G/G
max_fitting_error_skew              349.047/349.047 G/G
r0_for_relative_multipoles          12 mm
main_monomial                       n = 0, skew:False
                                       Nn(s=0)      Integ_Nn     Nn/N0(@r0)   |    Sn(s=0)      Integ_Sn     Sn/S0(@r0)  
<multipole_order n>                    [T/m^n]      [T.m/m^n]        []       |    [T/m^n]      [T.m/m^n]        []      
n=00:                                5.5038e-01    -2.3947e-01   +1.0000e+00  |      ---           ---           ---     
n=01:                                7.2264e+00    +3.2180e+00   -1.6125e-01  |      ---           ---           ---     
n=02:                                5.9713e+00    +7.8055e-01   -4.6936e-04  |      ---           ---           ---     
n=03:                                2.3618e+01    -1.9412e-01   +1.4008e-06  |      ---           ---           ---     
n=04:                                1.1961e+04    +8.9185e+02   -7.7226e-05  |      ---           ---           ---     
n=05:                                2.1505e+05    -1.8512e+05   +1.9236e-04  |      ---           ---           ---     
n=06:                                7.6462e+07    -4.3704e+06   +5.4495e-05  |      ---           ---           ---     
