--- multipoles on reference trajectory (rz > 0) ---
effective_length:                   434.67261621953463 mm
perpendicular_grid:                 41 points in [-10.000000,+10.000000] mm
max_fitting_error_normal            0.049/3034.013 G/G
max_fitting_error_skew              323.069/323.069 G/G
r0_for_relative_multipoles          12 mm
main_monomial                       n = 0, skew:False
                                       Nn(s=0)      Integ_Nn     Nn/N0(@r0)   |    Sn(s=0)      Integ_Sn     Sn/S0(@r0)  
<multipole_order n>                    [T/m^n]      [T.m/m^n]        []       |    [T/m^n]      [T.m/m^n]        []      
n=00:                                5.2680e-01    -2.2899e-01   +1.0000e+00  |      ---           ---           ---     
n=01:                                6.9053e+00    +3.0602e+00   -1.6037e-01  |      ---           ---           ---     
n=02:                                5.0512e+00    +7.8824e-01   -4.9570e-04  |      ---           ---           ---     
n=03:                                2.9806e+01    -1.4291e+01   +1.0784e-04  |      ---           ---           ---     
n=04:                                1.0940e+04    +1.0914e+03   -9.8837e-05  |      ---           ---           ---     
n=05:                                2.2804e+05    -1.4087e+05   +1.5308e-04  |      ---           ---           ---     
n=06:                                7.0112e+07    -1.0251e+07   +1.3367e-04  |      ---           ---           ---     
