--- multipoles on reference trajectory (rz > 0) ---
effective_length:                   435.3054293292539 mm
perpendicular_grid:                 41 points in [-10.000000,+10.000000] mm
max_fitting_error_normal            0.033/6693.805 G/G
max_fitting_error_skew              354.676/354.676 G/G
r0_for_relative_multipoles          12 mm
main_monomial                       n = 0, skew:False
                                       Nn(s=0)      Integ_Nn     Nn/N0(@r0)   |    Sn(s=0)      Integ_Sn     Sn/S0(@r0)  
<multipole_order n>                    [T/m^n]      [T.m/m^n]        []       |    [T/m^n]      [T.m/m^n]        []      
n=00:                                5.7682e-01    -2.5109e-01   +1.0000e+00  |      ---           ---           ---     
n=01:                                7.5556e+00    +3.3657e+00   -1.6085e-01  |      ---           ---           ---     
n=02:                                5.4161e+00    +8.8062e-01   -5.0503e-04  |      ---           ---           ---     
n=03:                                3.1696e+01    -3.3365e+01   +2.2961e-04  |      ---           ---           ---     
n=04:                                1.3002e+04    -6.9969e+02   +5.7782e-05  |      ---           ---           ---     
n=05:                                1.4137e+05    +1.5131e+03   -1.4995e-06  |      ---           ---           ---     
n=06:                                7.8800e+07    +2.7195e+05   -3.2340e-06  |      ---           ---           ---     
