--- multipoles on reference trajectory (rz > 0) ---
effective_length:                   434.5996977856844 mm
perpendicular_grid:                 41 points in [-10.000000,+10.000000] mm
max_fitting_error_normal            0.030/6700.767 G/G
max_fitting_error_skew              360.044/360.044 G/G
r0_for_relative_multipoles          12 mm
main_monomial                       n = 0, skew:False
                                       Nn(s=0)      Integ_Nn     Nn/N0(@r0)   |    Sn(s=0)      Integ_Sn     Sn/S0(@r0)  
<multipole_order n>                    [T/m^n]      [T.m/m^n]        []       |    [T/m^n]      [T.m/m^n]        []      
n=00:                                5.7898e-01    -2.5163e-01   +1.0000e+00  |      ---           ---           ---     
n=01:                                7.6138e+00    +3.3792e+00   -1.6115e-01  |      ---           ---           ---     
n=02:                                5.9889e+00    +1.3153e+00   -7.5272e-04  |      ---           ---           ---     
n=03:                                3.1075e+01    -1.2145e+01   +8.3404e-05  |      ---           ---           ---     
n=04:                                2.9822e+01    -1.6251e+03   +1.3392e-04  |      ---           ---           ---     
n=05:                                1.9867e+05    -8.1145e+04   +8.0244e-05  |      ---           ---           ---     
n=06:                                8.1923e+06    +3.1728e+05   -3.7651e-06  |      ---           ---           ---     
