--- multipoles on reference trajectory (rz > 0) ---
effective_length:                   435.4279738771384 mm
perpendicular_grid:                 41 points in [-10.000000,+10.000000] mm
max_fitting_error_normal            0.038/5082.663 G/G
max_fitting_error_skew              361.331/361.331 G/G
r0_for_relative_multipoles          12 mm
main_monomial                       n = 0, skew:False
                                       Nn(s=0)      Integ_Nn     Nn/N0(@r0)   |    Sn(s=0)      Integ_Sn     Sn/S0(@r0)  
<multipole_order n>                    [T/m^n]      [T.m/m^n]        []       |    [T/m^n]      [T.m/m^n]        []      
n=00:                                5.7748e-01    -2.5145e-01   +1.0000e+00  |      ---           ---           ---     
n=01:                                7.5768e+00    +3.3775e+00   -1.6118e-01  |      ---           ---           ---     
n=02:                                6.1650e+00    +1.2647e+00   -7.2425e-04  |      ---           ---           ---     
n=03:                                7.2681e+01    -2.0326e+01   +1.3969e-04  |      ---           ---           ---     
n=04:                                3.1676e+03    -1.9080e+03   +1.5734e-04  |      ---           ---           ---     
n=05:                                5.9205e+04    -3.9361e+04   +3.8951e-05  |      ---           ---           ---     
n=06:                                2.0668e+07    +5.5640e+06   -6.6074e-05  |      ---           ---           ---     
