--- multipoles on reference trajectory (rz > 0) ---
effective_length:                   434.5985513845179 mm
perpendicular_grid:                 41 points in [-10.000000,+10.000000] mm
max_fitting_error_normal            0.030/6699.792 G/G
max_fitting_error_skew              359.993/359.993 G/G
r0_for_relative_multipoles          12 mm
main_monomial                       n = 0, skew:False
                                       Nn(s=0)      Integ_Nn     Nn/N0(@r0)   |    Sn(s=0)      Integ_Sn     Sn/S0(@r0)  
<multipole_order n>                    [T/m^n]      [T.m/m^n]        []       |    [T/m^n]      [T.m/m^n]        []      
n=00:                                5.7889e-01    -2.5159e-01   +1.0000e+00  |      ---           ---           ---     
n=01:                                7.6139e+00    +3.3792e+00   -1.6118e-01  |      ---           ---           ---     
n=02:                                5.9882e+00    +1.3150e+00   -7.5266e-04  |      ---           ---           ---     
n=03:                                3.1125e+01    -1.2243e+01   +8.4092e-05  |      ---           ---           ---     
n=04:                                5.7884e+01    -1.6342e+03   +1.3469e-04  |      ---           ---           ---     
n=05:                                1.9875e+05    -8.0909e+04   +8.0024e-05  |      ---           ---           ---     
n=06:                                8.0582e+06    +3.5271e+05   -4.1862e-06  |      ---           ---           ---     
