--- multipoles on reference trajectory (rz > 0) ---
effective_length:                   435.73746129528416 mm
perpendicular_grid:                 41 points in [-10.000000,+10.000000] mm
max_fitting_error_normal            0.032/4878.302 G/G
max_fitting_error_skew              346.897/346.897 G/G
r0_for_relative_multipoles          12 mm
main_monomial                       n = 0, skew:False
                                       Nn(s=0)      Integ_Nn     Nn/N0(@r0)   |    Sn(s=0)      Integ_Sn     Sn/S0(@r0)  
<multipole_order n>                    [T/m^n]      [T.m/m^n]        []       |    [T/m^n]      [T.m/m^n]        []      
n=00:                                5.5089e-01    -2.4004e-01   +1.0000e+00  |      ---           ---           ---     
n=01:                                7.2255e+00    +3.2222e+00   -1.6108e-01  |      ---           ---           ---     
n=02:                                5.9782e+00    +9.3193e-01   -5.5905e-04  |      ---           ---           ---     
n=03:                                2.1471e+01    -1.4826e+01   +1.0673e-04  |      ---           ---           ---     
n=04:                                1.1956e+04    -7.9904e+02   +6.9024e-05  |      ---           ---           ---     
n=05:                                2.3455e+05    -9.3965e+04   +9.7405e-05  |      ---           ---           ---     
n=06:                                7.7080e+07    +7.6027e+06   -9.4572e-05  |      ---           ---           ---     
