--- multipoles on reference trajectory (rz > 0) ---
effective_length:                   434.60603256294905 mm
perpendicular_grid:                 41 points in [-10.000000,+10.000000] mm
max_fitting_error_normal            0.024/4039.904 G/G
max_fitting_error_skew              320.429/320.429 G/G
r0_for_relative_multipoles          12 mm
main_monomial                       n = 0, skew:False
                                       Nn(s=0)      Integ_Nn     Nn/N0(@r0)   |    Sn(s=0)      Integ_Sn     Sn/S0(@r0)  
<multipole_order n>                    [T/m^n]      [T.m/m^n]        []       |    [T/m^n]      [T.m/m^n]        []      
n=00:                                5.2298e-01    -2.2729e-01   +1.0000e+00  |      ---           ---           ---     
n=01:                                6.8611e+00    +3.0494e+00   -1.6099e-01  |      ---           ---           ---     
n=02:                                5.1577e+00    +7.5075e-01   -4.7564e-04  |      ---           ---           ---     
n=03:                                3.7657e+01    -1.6632e+01   +1.2644e-04  |      ---           ---           ---     
n=04:                                1.9558e+03    +1.0740e+02   -9.7985e-06  |      ---           ---           ---     
n=05:                                6.2574e+05    -1.0689e+05   +1.1701e-04  |      ---           ---           ---     
n=06:                                1.8172e+07    -1.9387e+06   +2.5469e-05  |      ---           ---           ---     
