--- multipoles on reference trajectory (rz > 0) ---
effective_length:                   434.3342567111522 mm
perpendicular_grid:                 41 points in [-10.000000,+10.000000] mm
max_fitting_error_normal            0.067/6419.626 G/G
max_fitting_error_skew              345.290/345.290 G/G
r0_for_relative_multipoles          12 mm
main_monomial                       n = 0, skew:False
                                       Nn(s=0)      Integ_Nn     Nn/N0(@r0)   |    Sn(s=0)      Integ_Sn     Sn/S0(@r0)  
<multipole_order n>                    [T/m^n]      [T.m/m^n]        []       |    [T/m^n]      [T.m/m^n]        []      
n=00:                                5.5545e-01    -2.4125e-01   +1.0000e+00  |      ---           ---           ---     
n=01:                                7.2925e+00    +3.2338e+00   -1.6085e-01  |      ---           ---           ---     
n=02:                                4.1312e+00    +6.8445e-01   -4.0854e-04  |      ---           ---           ---     
n=03:                                7.0429e+00    -3.1219e+01   +2.2361e-04  |      ---           ---           ---     
n=04:                                2.2013e+04    +4.6854e+03   -4.0272e-04  |      ---           ---           ---     
n=05:                                1.5272e+05    +5.2305e+04   -5.3949e-05  |      ---           ---           ---     
n=06:                                1.1567e+08    -2.6375e+07   +3.2645e-04  |      ---           ---           ---     
