--- multipoles on reference trajectory (rz > 0) ---
effective_length:                   437.1864059580048 mm
perpendicular_grid:                 41 points in [-10.000000,+10.000000] mm
max_fitting_error_normal            0.028/4721.489 G/G
max_fitting_error_skew              324.123/324.123 G/G
r0_for_relative_multipoles          12 mm
main_monomial                       n = 0, skew:False
                                       Nn(s=0)      Integ_Nn     Nn/N0(@r0)   |    Sn(s=0)      Integ_Sn     Sn/S0(@r0)  
<multipole_order n>                    [T/m^n]      [T.m/m^n]        []       |    [T/m^n]      [T.m/m^n]        []      
n=00:                                5.2412e-01    -2.2914e-01   +1.0000e+00  |      ---           ---           ---     
n=01:                                6.8544e+00    +3.0678e+00   -1.6066e-01  |      ---           ---           ---     
n=02:                                5.0007e+00    +6.5909e-01   -4.1420e-04  |      ---           ---           ---     
n=03:                                2.8721e+00    -1.6296e+01   +1.2289e-04  |      ---           ---           ---     
n=04:                                2.7451e+03    -1.5224e+01   +1.3777e-06  |      ---           ---           ---     
n=05:                                3.2786e+05    -7.8994e+04   +8.5784e-05  |      ---           ---           ---     
n=06:                                1.3213e+07    +4.1888e+05   -5.4585e-06  |      ---           ---           ---     
