--- multipoles on reference trajectory (rz > 0) ---
effective_length:                   436.03383626870226 mm
perpendicular_grid:                 41 points in [-10.000000,+10.000000] mm
max_fitting_error_normal            0.033/4671.267 G/G
max_fitting_error_skew              368.780/368.780 G/G
r0_for_relative_multipoles          12 mm
main_monomial                       n = 0, skew:False
                                       Nn(s=0)      Integ_Nn     Nn/N0(@r0)   |    Sn(s=0)      Integ_Sn     Sn/S0(@r0)  
<multipole_order n>                    [T/m^n]      [T.m/m^n]        []       |    [T/m^n]      [T.m/m^n]        []      
n=00:                                5.7769e-01    -2.5189e-01   +1.0000e+00  |      ---           ---           ---     
n=01:                                7.5624e+00    +3.3757e+00   -1.6081e-01  |      ---           ---           ---     
n=02:                                5.7482e+00    +7.9181e-01   -4.5266e-04  |      ---           ---           ---     
n=03:                                1.5356e+01    -1.1888e+01   +8.1550e-05  |      ---           ---           ---     
n=04:                                1.9066e+03    +2.0988e+03   -1.7278e-04  |      ---           ---           ---     
n=05:                                5.3928e+05    -1.2872e+05   +1.2715e-04  |      ---           ---           ---     
n=06:                                9.0393e+05    -1.3019e+07   +1.5434e-04  |      ---           ---           ---     
