--- multipoles on reference trajectory (rz > 0) ---
effective_length:                   433.9375821318022 mm
perpendicular_grid:                 41 points in [-10.000000,+10.000000] mm
max_fitting_error_normal            0.040/3211.369 G/G
max_fitting_error_skew              339.612/339.612 G/G
r0_for_relative_multipoles          12 mm
main_monomial                       n = 0, skew:False
                                       Nn(s=0)      Integ_Nn     Nn/N0(@r0)   |    Sn(s=0)      Integ_Sn     Sn/S0(@r0)  
<multipole_order n>                    [T/m^n]      [T.m/m^n]        []       |    [T/m^n]      [T.m/m^n]        []      
n=00:                                5.5376e-01    -2.4030e-01   +1.0000e+00  |      ---           ---           ---     
n=01:                                7.2456e+00    +3.2162e+00   -1.6061e-01  |      ---           ---           ---     
n=02:                                5.5540e+00    +9.2218e-01   -5.5262e-04  |      ---           ---           ---     
n=03:                                1.1565e+02    -4.8094e+01   +3.4585e-04  |      ---           ---           ---     
n=04:                                4.4828e+03    -2.0748e+02   +1.7904e-05  |      ---           ---           ---     
n=05:                                3.3717e+05    +7.0724e+04   -7.3236e-05  |      ---           ---           ---     
n=06:                                2.3670e+07    -3.5171e+06   +4.3704e-05  |      ---           ---           ---     
