--- multipoles on reference trajectory (rz > 0) ---
effective_length:                   435.30481403307925 mm
perpendicular_grid:                 41 points in [-10.000000,+10.000000] mm
max_fitting_error_normal            0.047/6084.638 G/G
max_fitting_error_skew              326.086/326.086 G/G
r0_for_relative_multipoles          12 mm
main_monomial                       n = 0, skew:False
                                       Nn(s=0)      Integ_Nn     Nn/N0(@r0)   |    Sn(s=0)      Integ_Sn     Sn/S0(@r0)  
<multipole_order n>                    [T/m^n]      [T.m/m^n]        []       |    [T/m^n]      [T.m/m^n]        []      
n=00:                                5.2548e-01    -2.2874e-01   +1.0000e+00  |      ---           ---           ---     
n=01:                                6.8813e+00    +3.0645e+00   -1.6076e-01  |      ---           ---           ---     
n=02:                                3.8966e+00    +8.2070e-01   -5.1665e-04  |      ---           ---           ---     
n=03:                                4.8285e+01    -3.6644e+01   +2.7682e-04  |      ---           ---           ---     
n=04:                                2.8048e+04    +2.3725e+03   -2.1507e-04  |      ---           ---           ---     
n=05:                                1.1265e+03    +1.0193e+05   -1.1088e-04  |      ---           ---           ---     
n=06:                                1.5855e+08    -1.5886e+07   +2.0737e-04  |      ---           ---           ---     
