--- multipoles on reference trajectory (rz > 0) ---
effective_length:                   435.5683991985862 mm
perpendicular_grid:                 41 points in [-10.000000,+10.000000] mm
max_fitting_error_normal            0.066/3751.440 G/G
max_fitting_error_skew              317.347/317.347 G/G
r0_for_relative_multipoles          12 mm
main_monomial                       n = 0, skew:False
                                       Nn(s=0)      Integ_Nn     Nn/N0(@r0)   |    Sn(s=0)      Integ_Sn     Sn/S0(@r0)  
<multipole_order n>                    [T/m^n]      [T.m/m^n]        []       |    [T/m^n]      [T.m/m^n]        []      
n=00:                                5.2370e-01    -2.2811e-01   +1.0000e+00  |      ---           ---           ---     
n=01:                                6.8978e+00    +3.0688e+00   -1.6144e-01  |      ---           ---           ---     
n=02:                                4.6806e+00    +6.5766e-01   -4.1517e-04  |      ---           ---           ---     
n=03:                                7.4881e+01    -3.2785e+01   +2.4836e-04  |      ---           ---           ---     
n=04:                                9.3786e+02    +5.1279e+03   -4.6614e-04  |      ---           ---           ---     
n=05:                                1.6975e+05    -1.2892e+04   +1.4064e-05  |      ---           ---           ---     
n=06:                                1.3163e+07    -3.0690e+07   +4.0174e-04  |      ---           ---           ---     
