--- multipoles on reference trajectory (rz > 0) ---
effective_length:                   436.1356862886037 mm
perpendicular_grid:                 41 points in [-10.000000,+10.000000] mm
max_fitting_error_normal            0.043/4636.003 G/G
max_fitting_error_skew              337.697/337.697 G/G
r0_for_relative_multipoles          12 mm
main_monomial                       n = 0, skew:False
                                       Nn(s=0)      Integ_Nn     Nn/N0(@r0)   |    Sn(s=0)      Integ_Sn     Sn/S0(@r0)  
<multipole_order n>                    [T/m^n]      [T.m/m^n]        []       |    [T/m^n]      [T.m/m^n]        []      
n=00:                                5.2370e-01    -2.2840e-01   +1.0000e+00  |      ---           ---           ---     
n=01:                                6.8476e+00    +3.0653e+00   -1.6105e-01  |      ---           ---           ---     
n=02:                                6.1891e+00    +1.0811e+00   -6.8156e-04  |      ---           ---           ---     
n=03:                                1.9706e+02    -3.7548e+01   +2.8407e-04  |      ---           ---           ---     
n=04:                                5.9874e+03    -4.1049e+03   +3.7267e-04  |      ---           ---           ---     
n=05:                                1.0791e+06    +7.1100e+04   -7.7459e-05  |      ---           ---           ---     
n=06:                                1.7567e+07    +2.0186e+07   -2.6390e-04  |      ---           ---           ---     
