--- multipoles on reference trajectory (rz > 0) ---
effective_length:                   435.20579656099585 mm
perpendicular_grid:                 41 points in [-10.000000,+10.000000] mm
max_fitting_error_normal            0.034/3604.578 G/G
max_fitting_error_skew              341.344/341.344 G/G
r0_for_relative_multipoles          12 mm
main_monomial                       n = 0, skew:False
                                       Nn(s=0)      Integ_Nn     Nn/N0(@r0)   |    Sn(s=0)      Integ_Sn     Sn/S0(@r0)  
<multipole_order n>                    [T/m^n]      [T.m/m^n]        []       |    [T/m^n]      [T.m/m^n]        []      
n=00:                                5.5318e-01    -2.4075e-01   +1.0000e+00  |      ---           ---           ---     
n=01:                                7.2465e+00    +3.2202e+00   -1.6051e-01  |      ---           ---           ---     
n=02:                                5.5186e+00    +1.0917e+00   -6.5298e-04  |      ---           ---           ---     
n=03:                                1.1675e+02    -3.6646e+01   +2.6303e-04  |      ---           ---           ---     
n=04:                                4.0807e+03    -1.6850e+03   +1.4513e-04  |      ---           ---           ---     
n=05:                                3.4507e+05    +4.1476e+04   -4.2869e-05  |      ---           ---           ---     
n=06:                                2.1460e+07    +3.5026e+06   -4.3443e-05  |      ---           ---           ---     
