--- multipoles on reference trajectory (rz > 0) ---
effective_length:                   435.39817916944816 mm
perpendicular_grid:                 41 points in [-10.000000,+10.000000] mm
max_fitting_error_normal            0.046/4617.003 G/G
max_fitting_error_skew              312.239/312.239 G/G
r0_for_relative_multipoles          12 mm
main_monomial                       n = 0, skew:False
                                       Nn(s=0)      Integ_Nn     Nn/N0(@r0)   |    Sn(s=0)      Integ_Sn     Sn/S0(@r0)  
<multipole_order n>                    [T/m^n]      [T.m/m^n]        []       |    [T/m^n]      [T.m/m^n]        []      
n=00:                                5.2470e-01    -2.2845e-01   +1.0000e+00  |      ---           ---           ---     
n=01:                                6.8922e+00    +3.0647e+00   -1.6098e-01  |      ---           ---           ---     
n=02:                                4.8814e+00    +7.5514e-01   -4.7599e-04  |      ---           ---           ---     
n=03:                                3.2786e+01    -2.8217e+01   +2.1343e-04  |      ---           ---           ---     
n=04:                                1.4259e+04    -7.7173e+02   +7.0047e-05  |      ---           ---           ---     
n=05:                                6.3774e+04    -5.0695e+04   +5.5217e-05  |      ---           ---           ---     
n=06:                                9.7691e+07    +5.1329e+06   -6.7090e-05  |      ---           ---           ---     
