--- multipoles on reference trajectory (rz > 0) ---
effective_length:                   435.82123866937013 mm
perpendicular_grid:                 41 points in [-10.000000,+10.000000] mm
max_fitting_error_normal            0.031/4807.314 G/G
max_fitting_error_skew              339.118/339.118 G/G
r0_for_relative_multipoles          12 mm
main_monomial                       n = 0, skew:False
                                       Nn(s=0)      Integ_Nn     Nn/N0(@r0)   |    Sn(s=0)      Integ_Sn     Sn/S0(@r0)  
<multipole_order n>                    [T/m^n]      [T.m/m^n]        []       |    [T/m^n]      [T.m/m^n]        []      
n=00:                                5.4945e-01    -2.3946e-01   +1.0000e+00  |      ---           ---           ---     
n=01:                                7.2009e+00    +3.2199e+00   -1.6136e-01  |      ---           ---           ---     
n=02:                                5.5460e+00    +8.2296e-01   -4.9488e-04  |      ---           ---           ---     
n=03:                                5.7938e+01    -3.6093e+01   +2.6045e-04  |      ---           ---           ---     
n=04:                                2.4722e+03    -3.6075e+02   +3.1239e-05  |      ---           ---           ---     
n=05:                                5.1312e+03    -1.7844e+04   +1.8543e-05  |      ---           ---           ---     
n=06:                                3.3965e+07    +5.7353e+06   -7.1516e-05  |      ---           ---           ---     
