--- multipoles on reference trajectory (rz > 0) ---
effective_length:                   436.2445539461504 mm
perpendicular_grid:                 41 points in [-10.000000,+10.000000] mm
max_fitting_error_normal            0.047/6685.973 G/G
max_fitting_error_skew              355.183/355.183 G/G
r0_for_relative_multipoles          12 mm
main_monomial                       n = 0, skew:False
                                       Nn(s=0)      Integ_Nn     Nn/N0(@r0)   |    Sn(s=0)      Integ_Sn     Sn/S0(@r0)  
<multipole_order n>                    [T/m^n]      [T.m/m^n]        []       |    [T/m^n]      [T.m/m^n]        []      
n=00:                                5.7588e-01    -2.5122e-01   +1.0000e+00  |      ---           ---           ---     
n=01:                                7.5307e+00    +3.3778e+00   -1.6134e-01  |      ---           ---           ---     
n=02:                                7.2630e+00    +1.1688e+00   -6.6995e-04  |      ---           ---           ---     
n=03:                                3.3791e+01    -5.2873e+00   +3.6368e-05  |      ---           ---           ---     
n=04:                                8.2445e+03    -6.7798e+02   +5.5961e-05  |      ---           ---           ---     
n=05:                                2.4081e+05    -1.6338e+05   +1.6182e-04  |      ---           ---           ---     
n=06:                                4.4658e+07    +2.8430e+06   -3.3792e-05  |      ---           ---           ---     
