--- multipoles on reference trajectory (rz > 0) ---
effective_length:                   434.69750672656966 mm
perpendicular_grid:                 41 points in [-10.000000,+10.000000] mm
max_fitting_error_normal            0.054/5040.766 G/G
max_fitting_error_skew              357.188/357.188 G/G
r0_for_relative_multipoles          12 mm
main_monomial                       n = 0, skew:False
                                       Nn(s=0)      Integ_Nn     Nn/N0(@r0)   |    Sn(s=0)      Integ_Sn     Sn/S0(@r0)  
<multipole_order n>                    [T/m^n]      [T.m/m^n]        []       |    [T/m^n]      [T.m/m^n]        []      
n=00:                                5.8062e-01    -2.5239e-01   +1.0000e+00  |      ---           ---           ---     
n=01:                                7.6069e+00    +3.3722e+00   -1.6033e-01  |      ---           ---           ---     
n=02:                                6.3753e+00    +1.2188e+00   -6.9540e-04  |      ---           ---           ---     
n=03:                                1.4940e+02    -3.9396e+01   +2.6972e-04  |      ---           ---           ---     
n=04:                                2.3113e+04    -4.3784e+03   +3.5972e-04  |      ---           ---           ---     
n=05:                                5.5567e+05    +5.5154e+04   -5.4376e-05  |      ---           ---           ---     
n=06:                                1.6619e+08    +2.1376e+07   -2.5290e-04  |      ---           ---           ---     
