--- multipoles on reference trajectory (rz > 0) ---
effective_length:                   433.48062491833286 mm
perpendicular_grid:                 41 points in [-10.000000,+10.000000] mm
max_fitting_error_normal            0.025/4856.369 G/G
max_fitting_error_skew              337.580/337.580 G/G
r0_for_relative_multipoles          12 mm
main_monomial                       n = 0, skew:False
                                       Nn(s=0)      Integ_Nn     Nn/N0(@r0)   |    Sn(s=0)      Integ_Sn     Sn/S0(@r0)  
<multipole_order n>                    [T/m^n]      [T.m/m^n]        []       |    [T/m^n]      [T.m/m^n]        []      
n=00:                                5.5246e-01    -2.3948e-01   +1.0000e+00  |      ---           ---           ---     
n=01:                                7.2798e+00    +3.2143e+00   -1.6107e-01  |      ---           ---           ---     
n=02:                                4.5432e+00    +7.3649e-01   -4.4285e-04  |      ---           ---           ---     
n=03:                                2.2139e+00    -1.3483e+01   +9.7291e-05  |      ---           ---           ---     
n=04:                                5.4331e+02    +1.7682e+03   -1.5311e-04  |      ---           ---           ---     
n=05:                                2.9663e+05    -1.0530e+05   +1.0941e-04  |      ---           ---           ---     
n=06:                                9.3666e+06    -1.2251e+07   +1.5275e-04  |      ---           ---           ---     
