--- multipoles on reference trajectory (rz > 0) ---
effective_length:                   435.342657172148 mm
perpendicular_grid:                 41 points in [-10.000000,+10.000000] mm
max_fitting_error_normal            0.051/6718.730 G/G
max_fitting_error_skew              358.626/358.626 G/G
r0_for_relative_multipoles          12 mm
main_monomial                       n = 0, skew:False
                                       Nn(s=0)      Integ_Nn     Nn/N0(@r0)   |    Sn(s=0)      Integ_Sn     Sn/S0(@r0)  
<multipole_order n>                    [T/m^n]      [T.m/m^n]        []       |    [T/m^n]      [T.m/m^n]        []      
n=00:                                5.7997e-01    -2.5249e-01   +1.0000e+00  |      ---           ---           ---     
n=01:                                7.5835e+00    +3.3786e+00   -1.6057e-01  |      ---           ---           ---     
n=02:                                5.4527e+00    +1.0913e+00   -6.2241e-04  |      ---           ---           ---     
n=03:                                9.0271e+01    -2.9182e+01   +1.9972e-04  |      ---           ---           ---     
n=04:                                1.8589e+04    +1.6919e+03   -1.3895e-04  |      ---           ---           ---     
n=05:                                3.5227e+05    +6.0218e+04   -5.9346e-05  |      ---           ---           ---     
n=06:                                1.1858e+08    -1.1473e+07   +1.3568e-04  |      ---           ---           ---     
