--- multipoles on reference trajectory (rz > 0) ---
effective_length:                   434.9137607032931 mm
perpendicular_grid:                 41 points in [-10.000000,+10.000000] mm
max_fitting_error_normal            0.049/6408.905 G/G
max_fitting_error_skew              357.872/357.872 G/G
r0_for_relative_multipoles          12 mm
main_monomial                       n = 0, skew:False
                                       Nn(s=0)      Integ_Nn     Nn/N0(@r0)   |    Sn(s=0)      Integ_Sn     Sn/S0(@r0)  
<multipole_order n>                    [T/m^n]      [T.m/m^n]        []       |    [T/m^n]      [T.m/m^n]        []      
n=00:                                5.5390e-01    -2.4090e-01   +1.0000e+00  |      ---           ---           ---     
n=01:                                7.2837e+00    +3.2332e+00   -1.6106e-01  |      ---           ---           ---     
n=02:                                5.2999e+00    +1.0274e+00   -6.1412e-04  |      ---           ---           ---     
n=03:                                3.4198e+01    -2.3264e+01   +1.6688e-04  |      ---           ---           ---     
n=04:                                1.2108e+04    -3.9630e+03   +3.4112e-04  |      ---           ---           ---     
n=05:                                1.3431e+05    -9.1971e+04   +9.5000e-05  |      ---           ---           ---     
n=06:                                8.2387e+07    +2.4637e+07   -3.0538e-04  |      ---           ---           ---     
