--- multipoles on reference trajectory (rz > 0) ---
effective_length:                   436.8669238633207 mm
perpendicular_grid:                 41 points in [-10.000000,+10.000000] mm
max_fitting_error_normal            0.057/3526.854 G/G
max_fitting_error_skew              315.453/315.453 G/G
r0_for_relative_multipoles          12 mm
main_monomial                       n = 0, skew:False
                                       Nn(s=0)      Integ_Nn     Nn/N0(@r0)   |    Sn(s=0)      Integ_Sn     Sn/S0(@r0)  
<multipole_order n>                    [T/m^n]      [T.m/m^n]        []       |    [T/m^n]      [T.m/m^n]        []      
n=00:                                5.2199e-01    -2.2804e-01   +1.0000e+00  |      ---           ---           ---     
n=01:                                6.8449e+00    +3.0643e+00   -1.6125e-01  |      ---           ---           ---     
n=02:                                5.1750e+00    +7.1913e-01   -4.5411e-04  |      ---           ---           ---     
n=03:                                1.6771e+02    -4.1618e+01   +3.1536e-04  |      ---           ---           ---     
n=04:                                2.2074e+03    +5.9090e+02   -5.3732e-05  |      ---           ---           ---     
n=05:                                7.7265e+05    +5.3201e+04   -5.8051e-05  |      ---           ---           ---     
n=06:                                2.0564e+07    -4.8969e+06   +6.4120e-05  |      ---           ---           ---     
