--- multipoles on reference trajectory (rz > 0) ---
effective_length:                   432.8306793696444 mm
perpendicular_grid:                 41 points in [-10.000000,+10.000000] mm
max_fitting_error_normal            0.043/6429.569 G/G
max_fitting_error_skew              343.291/343.291 G/G
r0_for_relative_multipoles          12 mm
main_monomial                       n = 0, skew:False
                                       Nn(s=0)      Integ_Nn     Nn/N0(@r0)   |    Sn(s=0)      Integ_Sn     Sn/S0(@r0)  
<multipole_order n>                    [T/m^n]      [T.m/m^n]        []       |    [T/m^n]      [T.m/m^n]        []      
n=00:                                5.5795e-01    -2.4150e-01   +1.0000e+00  |      ---           ---           ---     
n=01:                                7.3494e+00    +3.2302e+00   -1.6051e-01  |      ---           ---           ---     
n=02:                                3.7028e+00    +9.5521e-01   -5.6957e-04  |      ---           ---           ---     
n=03:                                2.0257e+02    -7.8955e+01   +5.6495e-04  |      ---           ---           ---     
n=04:                                1.3684e+04    -4.7281e+02   +4.0597e-05  |      ---           ---           ---     
n=05:                                9.1526e+05    +2.5986e+05   -2.6775e-04  |      ---           ---           ---     
n=06:                                8.3515e+07    -2.7197e+06   +3.3628e-05  |      ---           ---           ---     
