--- multipoles on reference trajectory (rz > 0) ---
effective_length:                   435.94732476143713 mm
perpendicular_grid:                 41 points in [-10.000000,+10.000000] mm
max_fitting_error_normal            0.052/5010.898 G/G
max_fitting_error_skew              350.199/350.199 G/G
r0_for_relative_multipoles          12 mm
main_monomial                       n = 0, skew:False
                                       Nn(s=0)      Integ_Nn     Nn/N0(@r0)   |    Sn(s=0)      Integ_Sn     Sn/S0(@r0)  
<multipole_order n>                    [T/m^n]      [T.m/m^n]        []       |    [T/m^n]      [T.m/m^n]        []      
n=00:                                5.7742e-01    -2.5173e-01   +1.0000e+00  |      ---           ---           ---     
n=01:                                7.5783e+00    +3.3786e+00   -1.6106e-01  |      ---           ---           ---     
n=02:                                7.0332e+00    +1.3261e+00   -7.5862e-04  |      ---           ---           ---     
n=03:                                1.5273e+02    -4.1340e+01   +2.8378e-04  |      ---           ---           ---     
n=04:                                1.9763e+04    -4.6714e+03   +3.8480e-04  |      ---           ---           ---     
n=05:                                7.2315e+05    +7.4214e+04   -7.3361e-05  |      ---           ---           ---     
n=06:                                1.3206e+08    +2.6977e+07   -3.2001e-04  |      ---           ---           ---     
