--- multipoles on reference trajectory (rz > 0) ---
effective_length:                   436.29445764307576 mm
perpendicular_grid:                 41 points in [-10.000000,+10.000000] mm
max_fitting_error_normal            0.047/3415.865 G/G
max_fitting_error_skew              342.164/342.164 G/G
r0_for_relative_multipoles          12 mm
main_monomial                       n = 0, skew:False
                                       Nn(s=0)      Integ_Nn     Nn/N0(@r0)   |    Sn(s=0)      Integ_Sn     Sn/S0(@r0)  
<multipole_order n>                    [T/m^n]      [T.m/m^n]        []       |    [T/m^n]      [T.m/m^n]        []      
n=00:                                5.5331e-01    -2.4141e-01   +1.0000e+00  |      ---           ---           ---     
n=01:                                7.2221e+00    +3.2347e+00   -1.6079e-01  |      ---           ---           ---     
n=02:                                6.6638e+00    +1.0866e+00   -6.4816e-04  |      ---           ---           ---     
n=03:                                4.8349e+01    -1.9639e+01   +1.4058e-04  |      ---           ---           ---     
n=04:                                1.1427e+04    -2.4768e+03   +2.1275e-04  |      ---           ---           ---     
n=05:                                6.6900e+04    -6.0584e+04   +6.2448e-05  |      ---           ---           ---     
n=06:                                6.2424e+07    +9.5577e+06   -1.1822e-04  |      ---           ---           ---     
