--- multipoles on reference trajectory (rz > 0) ---
effective_length:                   436.00825596618836 mm
perpendicular_grid:                 41 points in [-10.000000,+10.000000] mm
max_fitting_error_normal            0.044/6056.191 G/G
max_fitting_error_skew              346.829/346.829 G/G
r0_for_relative_multipoles          12 mm
main_monomial                       n = 0, skew:False
                                       Nn(s=0)      Integ_Nn     Nn/N0(@r0)   |    Sn(s=0)      Integ_Sn     Sn/S0(@r0)  
<multipole_order n>                    [T/m^n]      [T.m/m^n]        []       |    [T/m^n]      [T.m/m^n]        []      
n=00:                                5.7674e-01    -2.5146e-01   +1.0000e+00  |      ---           ---           ---     
n=01:                                7.5511e+00    +3.3740e+00   -1.6101e-01  |      ---           ---           ---     
n=02:                                6.2650e+00    +1.0301e+00   -5.8990e-04  |      ---           ---           ---     
n=03:                                9.0228e+00    +1.5164e-01   -1.0421e-06  |      ---           ---           ---     
n=04:                                1.0099e+03    -1.4143e+03   +1.1662e-04  |      ---           ---           ---     
n=05:                                4.9779e+05    -2.5557e+05   +2.5290e-04  |      ---           ---           ---     
n=06:                                5.3219e+06    +6.7192e+06   -7.9787e-05  |      ---           ---           ---     
