--- multipoles on reference trajectory (rz > 0) ---
effective_length:                   435.93590116296025 mm
perpendicular_grid:                 41 points in [-10.000000,+10.000000] mm
max_fitting_error_normal            0.043/2140.364 G/G
max_fitting_error_skew              315.881/315.881 G/G
r0_for_relative_multipoles          12 mm
main_monomial                       n = 0, skew:False
                                       Nn(s=0)      Integ_Nn     Nn/N0(@r0)   |    Sn(s=0)      Integ_Sn     Sn/S0(@r0)  
<multipole_order n>                    [T/m^n]      [T.m/m^n]        []       |    [T/m^n]      [T.m/m^n]        []      
n=00:                                5.2439e-01    -2.2860e-01   +1.0000e+00  |      ---           ---           ---     
n=01:                                6.8581e+00    +3.0626e+00   -1.6077e-01  |      ---           ---           ---     
n=02:                                5.2541e+00    +7.6170e-01   -4.7981e-04  |      ---           ---           ---     
n=03:                                6.7749e+01    -1.3775e+01   +1.0412e-04  |      ---           ---           ---     
n=04:                                4.2024e+03    +9.1795e+01   -8.3266e-06  |      ---           ---           ---     
n=05:                                1.1628e+05    -9.0015e+04   +9.7982e-05  |      ---           ---           ---     
n=06:                                3.4707e+07    -1.6331e+06   +2.1332e-05  |      ---           ---           ---     
