--- multipoles on reference trajectory (rz > 0) ---
effective_length:                   434.6354305692766 mm
perpendicular_grid:                 41 points in [-10.000000,+10.000000] mm
max_fitting_error_normal            0.053/4637.780 G/G
max_fitting_error_skew              330.050/330.050 G/G
r0_for_relative_multipoles          12 mm
main_monomial                       n = 0, skew:False
                                       Nn(s=0)      Integ_Nn     Nn/N0(@r0)   |    Sn(s=0)      Integ_Sn     Sn/S0(@r0)  
<multipole_order n>                    [T/m^n]      [T.m/m^n]        []       |    [T/m^n]      [T.m/m^n]        []      
n=00:                                5.2640e-01    -2.2879e-01   +1.0000e+00  |      ---           ---           ---     
n=01:                                6.9024e+00    +3.0634e+00   -1.6067e-01  |      ---           ---           ---     
n=02:                                3.7945e+00    +8.4525e-01   -5.3199e-04  |      ---           ---           ---     
n=03:                                3.6424e+01    -3.4515e+01   +2.6068e-04  |      ---           ---           ---     
n=04:                                3.1145e+04    +1.7693e+03   -1.6035e-04  |      ---           ---           ---     
n=05:                                1.7441e+05    +4.6220e+04   -5.0268e-05  |      ---           ---           ---     
n=06:                                2.0248e+08    -1.4710e+07   +1.9198e-04  |      ---           ---           ---     
