--- multipoles on reference trajectory (rz > 0) ---
effective_length:                   435.85679184306497 mm
perpendicular_grid:                 41 points in [-10.000000,+10.000000] mm
max_fitting_error_normal            0.058/5083.413 G/G
max_fitting_error_skew              356.180/356.180 G/G
r0_for_relative_multipoles          12 mm
main_monomial                       n = 0, skew:False
                                       Nn(s=0)      Integ_Nn     Nn/N0(@r0)   |    Sn(s=0)      Integ_Sn     Sn/S0(@r0)  
<multipole_order n>                    [T/m^n]      [T.m/m^n]        []       |    [T/m^n]      [T.m/m^n]        []      
n=00:                                5.7644e-01    -2.5124e-01   +1.0000e+00  |      ---           ---           ---     
n=01:                                7.5457e+00    +3.3751e+00   -1.6120e-01  |      ---           ---           ---     
n=02:                                6.6913e+00    +1.0874e+00   -6.2323e-04  |      ---           ---           ---     
n=03:                                6.5275e+01    -3.8651e+01   +2.6583e-04  |      ---           ---           ---     
n=04:                                1.4747e+04    -3.5710e+03   +2.9473e-04  |      ---           ---           ---     
n=05:                                4.7694e+04    +8.7541e+03   -8.6701e-06  |      ---           ---           ---     
n=06:                                1.0504e+08    +2.4949e+07   -2.9651e-04  |      ---           ---           ---     
