--- multipoles on reference trajectory (rz > 0) ---
effective_length:                   433.4510926475598 mm
perpendicular_grid:                 41 points in [-10.000000,+10.000000] mm
max_fitting_error_normal            0.050/4274.720 G/G
max_fitting_error_skew              349.178/349.178 G/G
r0_for_relative_multipoles          12 mm
main_monomial                       n = 0, skew:False
                                       Nn(s=0)      Integ_Nn     Nn/N0(@r0)   |    Sn(s=0)      Integ_Sn     Sn/S0(@r0)  
<multipole_order n>                    [T/m^n]      [T.m/m^n]        []       |    [T/m^n]      [T.m/m^n]        []      
n=00:                                5.8061e-01    -2.5167e-01   +1.0000e+00  |      ---           ---           ---     
n=01:                                7.6448e+00    +3.3778e+00   -1.6106e-01  |      ---           ---           ---     
n=02:                                5.2650e+00    +1.0795e+00   -6.1767e-04  |      ---           ---           ---     
n=03:                                8.8965e+00    -3.2382e+01   +2.2234e-04  |      ---           ---           ---     
n=04:                                5.9488e+03    -7.6005e+02   +6.2624e-05  |      ---           ---           ---     
n=05:                                3.7791e+05    +3.9408e+03   -3.8964e-06  |      ---           ---           ---     
n=06:                                6.8787e+07    +7.2972e+06   -8.6580e-05  |      ---           ---           ---     
