--- multipoles on reference trajectory (rz > 0) ---
effective_length:                   433.3205450291128 mm
perpendicular_grid:                 41 points in [-10.000000,+10.000000] mm
max_fitting_error_normal            0.044/4861.548 G/G
max_fitting_error_skew              331.463/331.463 G/G
r0_for_relative_multipoles          12 mm
main_monomial                       n = 0, skew:False
                                       Nn(s=0)      Integ_Nn     Nn/N0(@r0)   |    Sn(s=0)      Integ_Sn     Sn/S0(@r0)  
<multipole_order n>                    [T/m^n]      [T.m/m^n]        []       |    [T/m^n]      [T.m/m^n]        []      
n=00:                                5.5344e-01    -2.3982e-01   +1.0000e+00  |      ---           ---           ---     
n=01:                                7.2911e+00    +3.2186e+00   -1.6105e-01  |      ---           ---           ---     
n=02:                                4.0001e+00    +9.4530e-01   -5.6762e-04  |      ---           ---           ---     
n=03:                                4.3206e+01    -3.0758e+01   +2.2163e-04  |      ---           ---           ---     
n=04:                                2.5569e+04    -1.8935e+01   +1.6373e-06  |      ---           ---           ---     
n=05:                                5.7151e+05    +3.1359e+04   -3.2538e-05  |      ---           ---           ---     
n=06:                                1.4703e+08    +1.3108e+06   -1.6321e-05  |      ---           ---           ---     
