--- multipoles on reference trajectory (rz > 0) ---
effective_length:                   435.4586210199831 mm
perpendicular_grid:                 41 points in [-10.000000,+10.000000] mm
max_fitting_error_normal            0.055/4637.919 G/G
max_fitting_error_skew              328.412/328.412 G/G
r0_for_relative_multipoles          12 mm
main_monomial                       n = 0, skew:False
                                       Nn(s=0)      Integ_Nn     Nn/N0(@r0)   |    Sn(s=0)      Integ_Sn     Sn/S0(@r0)  
<multipole_order n>                    [T/m^n]      [T.m/m^n]        []       |    [T/m^n]      [T.m/m^n]        []      
n=00:                                5.2508e-01    -2.2865e-01   +1.0000e+00  |      ---           ---           ---     
n=01:                                6.9053e+00    +3.0642e+00   -1.6082e-01  |      ---           ---           ---     
n=02:                                4.8467e+00    +9.3237e-01   -5.8719e-04  |      ---           ---           ---     
n=03:                                4.7767e+01    -2.8983e+01   +2.1904e-04  |      ---           ---           ---     
n=04:                                8.6302e+03    +1.3585e+02   -1.2320e-05  |      ---           ---           ---     
n=05:                                1.7370e+05    +6.0838e+04   -6.6208e-05  |      ---           ---           ---     
n=06:                                4.8686e+07    +4.1509e+05   -5.4207e-06  |      ---           ---           ---     
