--- multipoles on reference trajectory (rz > 0) ---
effective_length:                   434.33944892032684 mm
perpendicular_grid:                 41 points in [-10.000000,+10.000000] mm
max_fitting_error_normal            0.031/6686.506 G/G
max_fitting_error_skew              360.099/360.099 G/G
r0_for_relative_multipoles          12 mm
main_monomial                       n = 0, skew:False
                                       Nn(s=0)      Integ_Nn     Nn/N0(@r0)   |    Sn(s=0)      Integ_Sn     Sn/S0(@r0)  
<multipole_order n>                    [T/m^n]      [T.m/m^n]        []       |    [T/m^n]      [T.m/m^n]        []      
n=00:                                5.7844e-01    -2.5124e-01   +1.0000e+00  |      ---           ---           ---     
n=01:                                7.6147e+00    +3.3758e+00   -1.6124e-01  |      ---           ---           ---     
n=02:                                5.9850e+00    +1.2131e+00   -6.9529e-04  |      ---           ---           ---     
n=03:                                3.1387e+01    -3.0261e+01   +2.0813e-04  |      ---           ---           ---     
n=04:                                1.9796e+02    -1.9349e+03   +1.5969e-04  |      ---           ---           ---     
n=05:                                1.9903e+05    +1.8238e+04   -1.8064e-05  |      ---           ---           ---     
n=06:                                7.3822e+06    +6.9867e+06   -8.3037e-05  |      ---           ---           ---     
