--- multipoles on reference trajectory (rz > 0) ---
effective_length:                   435.0523671906349 mm
perpendicular_grid:                 41 points in [-10.000000,+10.000000] mm
max_fitting_error_normal            0.039/6709.715 G/G
max_fitting_error_skew              352.133/352.133 G/G
r0_for_relative_multipoles          12 mm
main_monomial                       n = 0, skew:False
                                       Nn(s=0)      Integ_Nn     Nn/N0(@r0)   |    Sn(s=0)      Integ_Sn     Sn/S0(@r0)  
<multipole_order n>                    [T/m^n]      [T.m/m^n]        []       |    [T/m^n]      [T.m/m^n]        []      
n=00:                                5.7887e-01    -2.5184e-01   +1.0000e+00  |      ---           ---           ---     
n=01:                                7.5665e+00    +3.3675e+00   -1.6046e-01  |      ---           ---           ---     
n=02:                                5.6364e+00    +8.7562e-01   -5.0067e-04  |      ---           ---           ---     
n=03:                                4.5911e+00    -3.0930e+01   +2.1222e-04  |      ---           ---           ---     
n=04:                                5.0855e+02    +1.5587e+03   -1.2834e-04  |      ---           ---           ---     
n=05:                                5.7855e+05    -3.9577e+04   +3.9104e-05  |      ---           ---           ---     
n=06:                                1.1415e+07    -9.7259e+06   +1.1532e-04  |      ---           ---           ---     
