--- multipoles on reference trajectory (rz > 0) ---
effective_length:                   433.8176407707207 mm
perpendicular_grid:                 41 points in [-10.000000,+10.000000] mm
max_fitting_error_normal            0.079/6712.803 G/G
max_fitting_error_skew              356.679/356.679 G/G
r0_for_relative_multipoles          12 mm
main_monomial                       n = 0, skew:False
                                       Nn(s=0)      Integ_Nn     Nn/N0(@r0)   |    Sn(s=0)      Integ_Sn     Sn/S0(@r0)  
<multipole_order n>                    [T/m^n]      [T.m/m^n]        []       |    [T/m^n]      [T.m/m^n]        []      
n=00:                                5.8201e-01    -2.5248e-01   +1.0000e+00  |      ---           ---           ---     
n=01:                                7.6342e+00    +3.3750e+00   -1.6040e-01  |      ---           ---           ---     
n=02:                                4.4705e+00    +8.3446e-01   -4.7592e-04  |      ---           ---           ---     
n=03:                                7.1984e+01    -4.0102e+01   +2.7446e-04  |      ---           ---           ---     
n=04:                                1.2083e+04    +5.0250e+03   -4.1269e-04  |      ---           ---           ---     
n=05:                                2.4228e+04    +7.6804e+04   -7.5693e-05  |      ---           ---           ---     
n=06:                                7.6472e+07    -3.5246e+07   +4.1683e-04  |      ---           ---           ---     
