--- multipoles on reference trajectory (rz > 0) ---
effective_length:                   436.6352668660927 mm
perpendicular_grid:                 41 points in [-10.000000,+10.000000] mm
max_fitting_error_normal            0.033/4847.333 G/G
max_fitting_error_skew              328.671/328.671 G/G
r0_for_relative_multipoles          12 mm
main_monomial                       n = 0, skew:False
                                       Nn(s=0)      Integ_Nn     Nn/N0(@r0)   |    Sn(s=0)      Integ_Sn     Sn/S0(@r0)  
<multipole_order n>                    [T/m^n]      [T.m/m^n]        []       |    [T/m^n]      [T.m/m^n]        []      
n=00:                                5.4969e-01    -2.4001e-01   +1.0000e+00  |      ---           ---           ---     
n=01:                                7.1945e+00    +3.2197e+00   -1.6098e-01  |      ---           ---           ---     
n=02:                                5.4368e+00    +8.7297e-01   -5.2376e-04  |      ---           ---           ---     
n=03:                                6.3465e+01    -3.1770e+01   +2.2874e-04  |      ---           ---           ---     
n=04:                                4.5632e+03    -2.6039e+03   +2.2497e-04  |      ---           ---           ---     
n=05:                                9.1185e+04    +8.9607e+03   -9.2900e-06  |      ---           ---           ---     
n=06:                                5.0285e+07    +1.7888e+07   -2.2255e-04  |      ---           ---           ---     
