--- multipoles on reference trajectory (rz > 0) ---
effective_length:                   436.1159660400322 mm
perpendicular_grid:                 41 points in [-10.000000,+10.000000] mm
max_fitting_error_normal            0.044/4624.167 G/G
max_fitting_error_skew              337.059/337.059 G/G
r0_for_relative_multipoles          12 mm
main_monomial                       n = 0, skew:False
                                       Nn(s=0)      Integ_Nn     Nn/N0(@r0)   |    Sn(s=0)      Integ_Sn     Sn/S0(@r0)  
<multipole_order n>                    [T/m^n]      [T.m/m^n]        []       |    [T/m^n]      [T.m/m^n]        []      
n=00:                                5.2259e-01    -2.2791e-01   +1.0000e+00  |      ---           ---           ---     
n=01:                                6.8496e+00    +3.0657e+00   -1.6142e-01  |      ---           ---           ---     
n=02:                                6.0502e+00    +1.0588e+00   -6.6895e-04  |      ---           ---           ---     
n=03:                                1.9982e+02    -3.9667e+01   +3.0075e-04  |      ---           ---           ---     
n=04:                                3.6167e+03    -3.9169e+03   +3.5637e-04  |      ---           ---           ---     
n=05:                                1.0863e+06    +8.5138e+04   -9.2954e-05  |      ---           ---           ---     
n=06:                                5.1474e+06    +1.9149e+07   -2.5088e-04  |      ---           ---           ---     
