--- multipoles on reference trajectory (rz > 0) ---
effective_length:                   435.2267693864856 mm
perpendicular_grid:                 41 points in [-10.000000,+10.000000] mm
max_fitting_error_normal            0.025/5086.130 G/G
max_fitting_error_skew              350.555/350.555 G/G
r0_for_relative_multipoles          12 mm
main_monomial                       n = 0, skew:False
                                       Nn(s=0)      Integ_Nn     Nn/N0(@r0)   |    Sn(s=0)      Integ_Sn     Sn/S0(@r0)  
<multipole_order n>                    [T/m^n]      [T.m/m^n]        []       |    [T/m^n]      [T.m/m^n]        []      
n=00:                                5.7842e-01    -2.5174e-01   +1.0000e+00  |      ---           ---           ---     
n=01:                                7.6064e+00    +3.3816e+00   -1.6119e-01  |      ---           ---           ---     
n=02:                                6.1554e+00    +1.1327e+00   -6.4793e-04  |      ---           ---           ---     
n=03:                                2.7210e+00    -2.9228e+01   +2.0063e-04  |      ---           ---           ---     
n=04:                                7.8442e+02    +9.2014e+02   -7.5792e-05  |      ---           ---           ---     
n=05:                                4.1383e+05    +1.5576e+04   -1.5396e-05  |      ---           ---           ---     
n=06:                                7.9672e+06    -5.9404e+06   +7.0460e-05  |      ---           ---           ---     
