--- multipoles on reference trajectory (rz > 0) ---
effective_length:                   435.8715449991525 mm
perpendicular_grid:                 41 points in [-10.000000,+10.000000] mm
max_fitting_error_normal            0.028/6682.640 G/G
max_fitting_error_skew              353.383/353.383 G/G
r0_for_relative_multipoles          12 mm
main_monomial                       n = 0, skew:False
                                       Nn(s=0)      Integ_Nn     Nn/N0(@r0)   |    Sn(s=0)      Integ_Sn     Sn/S0(@r0)  
<multipole_order n>                    [T/m^n]      [T.m/m^n]        []       |    [T/m^n]      [T.m/m^n]        []      
n=00:                                5.7610e-01    -2.5111e-01   +1.0000e+00  |      ---           ---           ---     
n=01:                                7.5465e+00    +3.3724e+00   -1.6116e-01  |      ---           ---           ---     
n=02:                                6.3556e+00    +1.0784e+00   -6.1841e-04  |      ---           ---           ---     
n=03:                                4.5170e+01    -1.0974e+01   +7.5515e-05  |      ---           ---           ---     
n=04:                                7.2281e+03    -2.8437e+03   +2.3483e-04  |      ---           ---           ---     
n=05:                                4.0706e+04    -1.4040e+05   +1.3913e-04  |      ---           ---           ---     
n=06:                                4.9968e+07    +1.2674e+07   -1.5071e-04  |      ---           ---           ---     
