--- multipoles on reference trajectory (rz > 0) ---
effective_length:                   435.16357695338115 mm
perpendicular_grid:                 41 points in [-10.000000,+10.000000] mm
max_fitting_error_normal            0.038/4621.141 G/G
max_fitting_error_skew              316.791/316.791 G/G
r0_for_relative_multipoles          12 mm
main_monomial                       n = 0, skew:False
                                       Nn(s=0)      Integ_Nn     Nn/N0(@r0)   |    Sn(s=0)      Integ_Sn     Sn/S0(@r0)  
<multipole_order n>                    [T/m^n]      [T.m/m^n]        []       |    [T/m^n]      [T.m/m^n]        []      
n=00:                                5.2434e-01    -2.2817e-01   +1.0000e+00  |      ---           ---           ---     
n=01:                                6.9106e+00    +3.0705e+00   -1.6149e-01  |      ---           ---           ---     
n=02:                                4.0605e+00    +9.3468e-01   -5.8988e-04  |      ---           ---           ---     
n=03:                                3.9430e+01    -4.3915e+01   +3.3258e-04  |      ---           ---           ---     
n=04:                                1.6073e+04    -2.6394e+02   +2.3986e-05  |      ---           ---           ---     
n=05:                                3.5187e+04    +1.0913e+05   -1.1901e-04  |      ---           ---           ---     
n=06:                                8.2225e+07    -5.4502e+05   +7.1325e-06  |      ---           ---           ---     
