--- multipoles on reference trajectory (rz > 0) ---
effective_length:                   437.0689870158361 mm
perpendicular_grid:                 41 points in [-10.000000,+10.000000] mm
max_fitting_error_normal            0.028/4902.129 G/G
max_fitting_error_skew              341.655/341.655 G/G
r0_for_relative_multipoles          12 mm
main_monomial                       n = 0, skew:False
                                       Nn(s=0)      Integ_Nn     Nn/N0(@r0)   |    Sn(s=0)      Integ_Sn     Sn/S0(@r0)  
<multipole_order n>                    [T/m^n]      [T.m/m^n]        []       |    [T/m^n]      [T.m/m^n]        []      
n=00:                                5.5308e-01    -2.4173e-01   +1.0000e+00  |      ---           ---           ---     
n=01:                                7.2115e+00    +3.2350e+00   -1.6059e-01  |      ---           ---           ---     
n=02:                                6.7407e+00    +8.7860e-01   -5.2337e-04  |      ---           ---           ---     
n=03:                                3.0615e+01    -4.4214e+00   +3.1606e-05  |      ---           ---           ---     
n=04:                                1.2060e+04    -5.3686e+02   +4.6052e-05  |      ---           ---           ---     
n=05:                                4.8256e+05    -1.6333e+05   +1.6812e-04  |      ---           ---           ---     
n=06:                                7.8028e+07    +4.6155e+06   -5.7012e-05  |      ---           ---           ---     
