--- multipoles on reference trajectory (rz > 0) ---
effective_length:                   434.64551385065005 mm
perpendicular_grid:                 41 points in [-10.000000,+10.000000] mm
max_fitting_error_normal            0.068/6376.632 G/G
max_fitting_error_skew              333.927/333.927 G/G
r0_for_relative_multipoles          12 mm
main_monomial                       n = 0, skew:False
                                       Nn(s=0)      Integ_Nn     Nn/N0(@r0)   |    Sn(s=0)      Integ_Sn     Sn/S0(@r0)  
<multipole_order n>                    [T/m^n]      [T.m/m^n]        []       |    [T/m^n]      [T.m/m^n]        []      
n=00:                                5.5045e-01    -2.3925e-01   +1.0000e+00  |      ---           ---           ---     
n=01:                                7.2443e+00    +3.2120e+00   -1.6110e-01  |      ---           ---           ---     
n=02:                                6.2740e+00    +1.0433e+00   -6.2793e-04  |      ---           ---           ---     
n=03:                                4.7582e+00    +1.8404e+00   -1.3293e-05  |      ---           ---           ---     
n=04:                                2.5063e+04    -3.0294e+03   +2.6256e-04  |      ---           ---           ---     
n=05:                                3.8499e+05    -2.7965e+05   +2.9085e-04  |      ---           ---           ---     
n=06:                                1.4102e+08    +1.2278e+07   -1.5323e-04  |      ---           ---           ---     
