--- multipoles on reference trajectory (rz > 0) ---
effective_length:                   436.31791743316967 mm
perpendicular_grid:                 41 points in [-10.000000,+10.000000] mm
max_fitting_error_normal            0.037/6690.997 G/G
max_fitting_error_skew              373.858/373.858 G/G
r0_for_relative_multipoles          12 mm
main_monomial                       n = 0, skew:False
                                       Nn(s=0)      Integ_Nn     Nn/N0(@r0)   |    Sn(s=0)      Integ_Sn     Sn/S0(@r0)  
<multipole_order n>                    [T/m^n]      [T.m/m^n]        []       |    [T/m^n]      [T.m/m^n]        []      
n=00:                                5.7613e-01    -2.5138e-01   +1.0000e+00  |      ---           ---           ---     
n=01:                                7.5405e+00    +3.3781e+00   -1.6126e-01  |      ---           ---           ---     
n=02:                                6.8162e+00    +1.2172e+00   -6.9725e-04  |      ---           ---           ---     
n=03:                                6.7959e+01    -3.0157e+01   +2.0731e-04  |      ---           ---           ---     
n=04:                                7.1061e+03    -4.9854e+03   +4.1124e-04  |      ---           ---           ---     
n=05:                                1.0351e+05    -2.9141e+03   +2.8846e-06  |      ---           ---           ---     
n=06:                                4.3471e+07    +2.5277e+07   -3.0026e-04  |      ---           ---           ---     
