--- multipoles on reference trajectory (rz > 0) ---
effective_length:                   433.7429013886847 mm
perpendicular_grid:                 41 points in [-10.000000,+10.000000] mm
max_fitting_error_normal            0.048/5462.438 G/G
max_fitting_error_skew              338.154/338.154 G/G
r0_for_relative_multipoles          12 mm
main_monomial                       n = 0, skew:False
                                       Nn(s=0)      Integ_Nn     Nn/N0(@r0)   |    Sn(s=0)      Integ_Sn     Sn/S0(@r0)  
<multipole_order n>                    [T/m^n]      [T.m/m^n]        []       |    [T/m^n]      [T.m/m^n]        []      
n=00:                                5.5249e-01    -2.3964e-01   +1.0000e+00  |      ---           ---           ---     
n=01:                                7.2877e+00    +3.2212e+00   -1.6130e-01  |      ---           ---           ---     
n=02:                                3.2239e+00    +8.0570e-01   -4.8415e-04  |      ---           ---           ---     
n=03:                                8.0252e+01    -6.3295e+01   +4.5641e-04  |      ---           ---           ---     
n=04:                                2.4806e+04    +8.5428e+02   -7.3921e-05  |      ---           ---           ---     
n=05:                                5.7986e+04    +1.9302e+05   -2.0043e-04  |      ---           ---           ---     
n=06:                                1.4120e+08    -6.5658e+06   +8.1812e-05  |      ---           ---           ---     
