--- multipoles on reference trajectory (rz > 0) ---
effective_length:                   433.48615342104637 mm
perpendicular_grid:                 41 points in [-10.000000,+10.000000] mm
max_fitting_error_normal            0.032/6404.084 G/G
max_fitting_error_skew              339.103/339.103 G/G
r0_for_relative_multipoles          12 mm
main_monomial                       n = 0, skew:False
                                       Nn(s=0)      Integ_Nn     Nn/N0(@r0)   |    Sn(s=0)      Integ_Sn     Sn/S0(@r0)  
<multipole_order n>                    [T/m^n]      [T.m/m^n]        []       |    [T/m^n]      [T.m/m^n]        []      
n=00:                                5.5485e-01    -2.4052e-01   +1.0000e+00  |      ---           ---           ---     
n=01:                                7.3128e+00    +3.2293e+00   -1.6112e-01  |      ---           ---           ---     
n=02:                                4.3626e+00    +6.9986e-01   -4.1901e-04  |      ---           ---           ---     
n=03:                                3.4890e+01    -3.6352e+01   +2.6117e-04  |      ---           ---           ---     
n=04:                                2.2395e+03    +2.2676e+03   -1.9550e-04  |      ---           ---           ---     
n=05:                                2.2454e+05    -8.2416e+02   +8.5264e-07  |      ---           ---           ---     
n=06:                                9.8492e+06    -1.5303e+07   +1.8998e-04  |      ---           ---           ---     
