--- multipoles on reference trajectory (rz > 0) ---
effective_length:                   434.47776762991487 mm
perpendicular_grid:                 41 points in [-10.000000,+10.000000] mm
max_fitting_error_normal            0.053/6396.083 G/G
max_fitting_error_skew              338.890/338.890 G/G
r0_for_relative_multipoles          12 mm
main_monomial                       n = 0, skew:False
                                       Nn(s=0)      Integ_Nn     Nn/N0(@r0)   |    Sn(s=0)      Integ_Sn     Sn/S0(@r0)  
<multipole_order n>                    [T/m^n]      [T.m/m^n]        []       |    [T/m^n]      [T.m/m^n]        []      
n=00:                                5.5373e-01    -2.4058e-01   +1.0000e+00  |      ---           ---           ---     
n=01:                                7.2782e+00    +3.2205e+00   -1.6064e-01  |      ---           ---           ---     
n=02:                                4.5405e+00    +9.5529e-01   -5.7178e-04  |      ---           ---           ---     
n=03:                                1.9355e+00    +5.6243e+00   -4.0397e-05  |      ---           ---           ---     
n=04:                                2.2638e+02    -1.0855e+03   +9.3563e-05  |      ---           ---           ---     
n=05:                                3.0039e+05    -2.5180e+05   +2.6043e-04  |      ---           ---           ---     
n=06:                                8.8903e+06    +5.7765e+06   -7.1695e-05  |      ---           ---           ---     
