--- multipoles on reference trajectory (rz > 0) ---
effective_length:                   435.3078407253582 mm
perpendicular_grid:                 41 points in [-10.000000,+10.000000] mm
max_fitting_error_normal            0.046/5089.926 G/G
max_fitting_error_skew              357.252/357.252 G/G
r0_for_relative_multipoles          12 mm
main_monomial                       n = 0, skew:False
                                       Nn(s=0)      Integ_Nn     Nn/N0(@r0)   |    Sn(s=0)      Integ_Sn     Sn/S0(@r0)  
<multipole_order n>                    [T/m^n]      [T.m/m^n]        []       |    [T/m^n]      [T.m/m^n]        []      
n=00:                                5.7760e-01    -2.5143e-01   +1.0000e+00  |      ---           ---           ---     
n=01:                                7.5870e+00    +3.3793e+00   -1.6128e-01  |      ---           ---           ---     
n=02:                                5.3568e+00    +1.0509e+00   -6.0190e-04  |      ---           ---           ---     
n=03:                                7.5209e+01    -2.7842e+01   +1.9135e-04  |      ---           ---           ---     
n=04:                                1.9677e+04    +2.2535e+03   -1.8585e-04  |      ---           ---           ---     
n=05:                                2.1873e+05    +4.6898e+04   -4.6413e-05  |      ---           ---           ---     
n=06:                                1.2392e+08    -1.5436e+07   +1.8332e-04  |      ---           ---           ---     
