--- multipoles on reference trajectory (rz > 0) ---
effective_length:                   436.303293130722 mm
perpendicular_grid:                 41 points in [-10.000000,+10.000000] mm
max_fitting_error_normal            0.042/5475.451 G/G
max_fitting_error_skew              341.042/341.042 G/G
r0_for_relative_multipoles          12 mm
main_monomial                       n = 0, skew:False
                                       Nn(s=0)      Integ_Nn     Nn/N0(@r0)   |    Sn(s=0)      Integ_Sn     Sn/S0(@r0)  
<multipole_order n>                    [T/m^n]      [T.m/m^n]        []       |    [T/m^n]      [T.m/m^n]        []      
n=00:                                5.5148e-01    -2.4061e-01   +1.0000e+00  |      ---           ---           ---     
n=01:                                7.1928e+00    +3.2219e+00   -1.6069e-01  |      ---           ---           ---     
n=02:                                5.4035e+00    +9.7698e-01   -5.8469e-04  |      ---           ---           ---     
n=03:                                8.2667e+01    -3.9068e+01   +2.8057e-04  |      ---           ---           ---     
n=04:                                9.2265e+03    -1.2129e+03   +1.0453e-04  |      ---           ---           ---     
n=05:                                1.1059e+05    +2.3216e+04   -2.4009e-05  |      ---           ---           ---     
n=06:                                3.4101e+07    +7.6310e+06   -9.4699e-05  |      ---           ---           ---     
