--- multipoles on reference trajectory (rz > 0) ---
effective_length:                   435.8710632299085 mm
perpendicular_grid:                 41 points in [-10.000000,+10.000000] mm
max_fitting_error_normal            0.026/4903.290 G/G
max_fitting_error_skew              343.987/343.987 G/G
r0_for_relative_multipoles          12 mm
main_monomial                       n = 0, skew:False
                                       Nn(s=0)      Integ_Nn     Nn/N0(@r0)   |    Sn(s=0)      Integ_Sn     Sn/S0(@r0)  
<multipole_order n>                    [T/m^n]      [T.m/m^n]        []       |    [T/m^n]      [T.m/m^n]        []      
n=00:                                5.5457e-01    -2.4172e-01   +1.0000e+00  |      ---           ---           ---     
n=01:                                7.2523e+00    +3.2376e+00   -1.6073e-01  |      ---           ---           ---     
n=02:                                5.3987e+00    +9.5062e-01   -5.6631e-04  |      ---           ---           ---     
n=03:                                5.3485e+01    -2.4256e+00   +1.7340e-05  |      ---           ---           ---     
n=04:                                8.5416e+02    +9.0834e+02   -7.7921e-05  |      ---           ---           ---     
n=05:                                7.2670e+05    -1.6417e+05   +1.6900e-04  |      ---           ---           ---     
n=06:                                7.6793e+06    -7.3068e+06   +9.0260e-05  |      ---           ---           ---     
