--- multipoles on reference trajectory (rz > 0) ---
effective_length:                   435.77885649964566 mm
perpendicular_grid:                 41 points in [-10.000000,+10.000000] mm
max_fitting_error_normal            0.052/6705.661 G/G
max_fitting_error_skew              352.759/352.759 G/G
r0_for_relative_multipoles          12 mm
main_monomial                       n = 0, skew:False
                                       Nn(s=0)      Integ_Nn     Nn/N0(@r0)   |    Sn(s=0)      Integ_Sn     Sn/S0(@r0)  
<multipole_order n>                    [T/m^n]      [T.m/m^n]        []       |    [T/m^n]      [T.m/m^n]        []      
n=00:                                5.7922e-01    -2.5241e-01   +1.0000e+00  |      ---           ---           ---     
n=01:                                7.5908e+00    +3.3794e+00   -1.6066e-01  |      ---           ---           ---     
n=02:                                5.2867e+00    +1.0107e+00   -5.7661e-04  |      ---           ---           ---     
n=03:                                5.4932e+01    -3.1637e+01   +2.1659e-04  |      ---           ---           ---     
n=04:                                5.7064e+03    -1.0255e+03   +8.4245e-05  |      ---           ---           ---     
n=05:                                1.1409e+05    -4.7271e+04   +4.6600e-05  |      ---           ---           ---     
n=06:                                3.7317e+07    +5.5480e+06   -6.5631e-05  |      ---           ---           ---     
