--- multipoles on reference trajectory (rz > 0) ---
effective_length:                   435.66413855944955 mm
perpendicular_grid:                 41 points in [-10.000000,+10.000000] mm
max_fitting_error_normal            0.044/4861.692 G/G
max_fitting_error_skew              337.687/337.687 G/G
r0_for_relative_multipoles          12 mm
main_monomial                       n = 0, skew:False
                                       Nn(s=0)      Integ_Nn     Nn/N0(@r0)   |    Sn(s=0)      Integ_Sn     Sn/S0(@r0)  
<multipole_order n>                    [T/m^n]      [T.m/m^n]        []       |    [T/m^n]      [T.m/m^n]        []      
n=00:                                5.5002e-01    -2.3963e-01   +1.0000e+00  |      ---           ---           ---     
n=01:                                7.2084e+00    +3.2194e+00   -1.6122e-01  |      ---           ---           ---     
n=02:                                5.9447e+00    +1.0073e+00   -6.0532e-04  |      ---           ---           ---     
n=03:                                5.0048e+01    -1.4039e+01   +1.0124e-04  |      ---           ---           ---     
n=04:                                1.0252e+04    -3.3637e+03   +2.9108e-04  |      ---           ---           ---     
n=05:                                9.7926e+01    -1.0383e+05   +1.0781e-04  |      ---           ---           ---     
n=06:                                7.3017e+07    +2.1112e+07   -2.6308e-04  |      ---           ---           ---     
