--- multipoles on reference trajectory (rz > 0) ---
effective_length:                   435.1876050762567 mm
perpendicular_grid:                 41 points in [-10.000000,+10.000000] mm
max_fitting_error_normal            0.052/6382.134 G/G
max_fitting_error_skew              333.874/333.874 G/G
r0_for_relative_multipoles          12 mm
main_monomial                       n = 0, skew:False
                                       Nn(s=0)      Integ_Nn     Nn/N0(@r0)   |    Sn(s=0)      Integ_Sn     Sn/S0(@r0)  
<multipole_order n>                    [T/m^n]      [T.m/m^n]        []       |    [T/m^n]      [T.m/m^n]        []      
n=00:                                5.5184e-01    -2.4015e-01   +1.0000e+00  |      ---           ---           ---     
n=01:                                7.2580e+00    +3.2256e+00   -1.6118e-01  |      ---           ---           ---     
n=02:                                6.7113e+00    +1.0696e+00   -6.4135e-04  |      ---           ---           ---     
n=03:                                9.7097e+00    -6.3030e+00   +4.5353e-05  |      ---           ---           ---     
n=04:                                3.2623e+04    -2.9148e+03   +2.5168e-04  |      ---           ---           ---     
n=05:                                2.4555e+05    -1.7067e+05   +1.7684e-04  |      ---           ---           ---     
n=06:                                2.0188e+08    +2.0310e+07   -2.5253e-04  |      ---           ---           ---     
