--- multipoles on reference trajectory (rz > 0) ---
effective_length:                   432.85716008794606 mm
perpendicular_grid:                 41 points in [-10.000000,+10.000000] mm
max_fitting_error_normal            0.053/6399.205 G/G
max_fitting_error_skew              341.739/341.739 G/G
r0_for_relative_multipoles          12 mm
main_monomial                       n = 0, skew:False
                                       Nn(s=0)      Integ_Nn     Nn/N0(@r0)   |    Sn(s=0)      Integ_Sn     Sn/S0(@r0)  
<multipole_order n>                    [T/m^n]      [T.m/m^n]        []       |    [T/m^n]      [T.m/m^n]        []      
n=00:                                5.5549e-01    -2.4045e-01   +1.0000e+00  |      ---           ---           ---     
n=01:                                7.3158e+00    +3.2140e+00   -1.6040e-01  |      ---           ---           ---     
n=02:                                4.9704e+00    +1.1161e+00   -6.6839e-04  |      ---           ---           ---     
n=03:                                1.3455e+02    -1.4541e+01   +1.0450e-04  |      ---           ---           ---     
n=04:                                1.8899e+04    -5.8865e+03   +5.0765e-04  |      ---           ---           ---     
n=05:                                4.5583e+05    -1.3727e+05   +1.4205e-04  |      ---           ---           ---     
n=06:                                1.1200e+08    +3.0360e+07   -3.7703e-04  |      ---           ---           ---     
