--- multipoles on reference trajectory (rz > 0) ---
effective_length:                   433.31952004201355 mm
perpendicular_grid:                 41 points in [-10.000000,+10.000000] mm
max_fitting_error_normal            0.044/4860.629 G/G
max_fitting_error_skew              331.412/331.412 G/G
r0_for_relative_multipoles          12 mm
main_monomial                       n = 0, skew:False
                                       Nn(s=0)      Integ_Nn     Nn/N0(@r0)   |    Sn(s=0)      Integ_Sn     Sn/S0(@r0)  
<multipole_order n>                    [T/m^n]      [T.m/m^n]        []       |    [T/m^n]      [T.m/m^n]        []      
n=00:                                5.5335e-01    -2.3978e-01   +1.0000e+00  |      ---           ---           ---     
n=01:                                7.2912e+00    +3.2186e+00   -1.6108e-01  |      ---           ---           ---     
n=02:                                4.0032e+00    +9.4389e-01   -5.6686e-04  |      ---           ---           ---     
n=03:                                4.4069e+01    -3.0746e+01   +2.2158e-04  |      ---           ---           ---     
n=04:                                2.5479e+04    -6.3449e+00   +5.4871e-07  |      ---           ---           ---     
n=05:                                5.7825e+05    +3.1318e+04   -3.2501e-05  |      ---           ---           ---     
n=06:                                1.4657e+08    +1.2218e+06   -1.5216e-05  |      ---           ---           ---     
