--- multipoles on reference trajectory (rz > 0) ---
effective_length:                   435.096529043004 mm
perpendicular_grid:                 41 points in [-10.000000,+10.000000] mm
max_fitting_error_normal            0.043/6696.146 G/G
max_fitting_error_skew              358.294/358.294 G/G
r0_for_relative_multipoles          12 mm
main_monomial                       n = 0, skew:False
                                       Nn(s=0)      Integ_Nn     Nn/N0(@r0)   |    Sn(s=0)      Integ_Sn     Sn/S0(@r0)  
<multipole_order n>                    [T/m^n]      [T.m/m^n]        []       |    [T/m^n]      [T.m/m^n]        []      
n=00:                                5.7814e-01    -2.5154e-01   +1.0000e+00  |      ---           ---           ---     
n=01:                                7.5862e+00    +3.3746e+00   -1.6099e-01  |      ---           ---           ---     
n=02:                                5.3752e+00    +9.8093e-01   -5.6154e-04  |      ---           ---           ---     
n=03:                                7.8812e+01    -3.2697e+01   +2.2461e-04  |      ---           ---           ---     
n=04:                                1.9521e+04    +4.8624e+02   -4.0083e-05  |      ---           ---           ---     
n=05:                                2.5060e+05    +2.9410e+04   -2.9093e-05  |      ---           ---           ---     
n=06:                                1.2330e+08    -7.8319e+06   +9.2969e-05  |      ---           ---           ---     
