--- multipoles on reference trajectory (rz > 0) ---
effective_length:                   435.30437439145675 mm
perpendicular_grid:                 41 points in [-10.000000,+10.000000] mm
max_fitting_error_normal            0.033/6694.739 G/G
max_fitting_error_skew              354.727/354.727 G/G
r0_for_relative_multipoles          12 mm
main_monomial                       n = 0, skew:False
                                       Nn(s=0)      Integ_Nn     Nn/N0(@r0)   |    Sn(s=0)      Integ_Sn     Sn/S0(@r0)  
<multipole_order n>                    [T/m^n]      [T.m/m^n]        []       |    [T/m^n]      [T.m/m^n]        []      
n=00:                                5.7691e-01    -2.5113e-01   +1.0000e+00  |      ---           ---           ---     
n=01:                                7.5554e+00    +3.3657e+00   -1.6083e-01  |      ---           ---           ---     
n=02:                                5.4167e+00    +8.8203e-01   -5.0576e-04  |      ---           ---           ---     
n=03:                                3.2092e+01    -3.3319e+01   +2.2926e-04  |      ---           ---           ---     
n=04:                                1.3029e+04    -7.0475e+02   +5.8191e-05  |      ---           ---           ---     
n=05:                                1.3811e+05    +1.3577e+03   -1.3452e-06  |      ---           ---           ---     
n=06:                                7.8954e+07    +3.1014e+05   -3.6876e-06  |      ---           ---           ---     
