--- multipoles on reference trajectory (rz > 0) ---
effective_length:                   435.9882795311368 mm
perpendicular_grid:                 41 points in [-10.000000,+10.000000] mm
max_fitting_error_normal            0.031/6072.132 G/G
max_fitting_error_skew              336.841/336.841 G/G
r0_for_relative_multipoles          12 mm
main_monomial                       n = 0, skew:False
                                       Nn(s=0)      Integ_Nn     Nn/N0(@r0)   |    Sn(s=0)      Integ_Sn     Sn/S0(@r0)  
<multipole_order n>                    [T/m^n]      [T.m/m^n]        []       |    [T/m^n]      [T.m/m^n]        []      
n=00:                                5.2440e-01    -2.2863e-01   +1.0000e+00  |      ---           ---           ---     
n=01:                                6.8595e+00    +3.0636e+00   -1.6080e-01  |      ---           ---           ---     
n=02:                                4.4735e+00    +8.2138e-01   -5.1733e-04  |      ---           ---           ---     
n=03:                                1.4304e+02    -3.9247e+01   +2.9662e-04  |      ---           ---           ---     
n=04:                                5.5581e+03    -2.4892e+03   +2.2576e-04  |      ---           ---           ---     
n=05:                                4.8949e+05    +5.1222e+04   -5.5748e-05  |      ---           ---           ---     
n=06:                                2.6623e+07    +1.1459e+07   -1.4966e-04  |      ---           ---           ---     
