--- multipoles on reference trajectory (rz > 0) ---
effective_length:                   436.63766361375906 mm
perpendicular_grid:                 41 points in [-10.000000,+10.000000] mm
max_fitting_error_normal            0.050/5793.128 G/G
max_fitting_error_skew              329.983/329.983 G/G
r0_for_relative_multipoles          12 mm
main_monomial                       n = 0, skew:False
                                       Nn(s=0)      Integ_Nn     Nn/N0(@r0)   |    Sn(s=0)      Integ_Sn     Sn/S0(@r0)  
<multipole_order n>                    [T/m^n]      [T.m/m^n]        []       |    [T/m^n]      [T.m/m^n]        []      
n=00:                                5.5217e-01    -2.4110e-01   +1.0000e+00  |      ---           ---           ---     
n=01:                                7.2226e+00    +3.2315e+00   -1.6084e-01  |      ---           ---           ---     
n=02:                                6.6488e+00    +1.0803e+00   -6.4523e-04  |      ---           ---           ---     
n=03:                                5.2618e+01    -3.7843e+00   +2.7123e-05  |      ---           ---           ---     
n=04:                                1.5620e+04    -2.1535e+03   +1.8522e-04  |      ---           ---           ---     
n=05:                                1.1780e+05    -1.8469e+05   +1.9061e-04  |      ---           ---           ---     
n=06:                                8.2791e+07    +7.5194e+06   -9.3128e-05  |      ---           ---           ---     
