--- multipoles on reference trajectory (rz > 0) ---
effective_length:                   435.3049203063708 mm
perpendicular_grid:                 41 points in [-10.000000,+10.000000] mm
max_fitting_error_normal            0.027/4882.583 G/G
max_fitting_error_skew              338.565/338.565 G/G
r0_for_relative_multipoles          12 mm
main_monomial                       n = 0, skew:False
                                       Nn(s=0)      Integ_Nn     Nn/N0(@r0)   |    Sn(s=0)      Integ_Sn     Sn/S0(@r0)  
<multipole_order n>                    [T/m^n]      [T.m/m^n]        []       |    [T/m^n]      [T.m/m^n]        []      
n=00:                                5.5170e-01    -2.4016e-01   +1.0000e+00  |      ---           ---           ---     
n=01:                                7.2161e+00    +3.2123e+00   -1.6051e-01  |      ---           ---           ---     
n=02:                                5.3303e+00    +9.1590e-01   -5.4918e-04  |      ---           ---           ---     
n=03:                                1.1207e+02    -4.6184e+01   +3.3231e-04  |      ---           ---           ---     
n=04:                                3.5595e+03    -7.5470e+01   +6.5163e-06  |      ---           ---           ---     
n=05:                                1.7281e+05    +5.7390e+04   -5.9462e-05  |      ---           ---           ---     
n=06:                                1.0895e+07    -4.2650e+06   +5.3029e-05  |      ---           ---           ---     
