--- multipoles on reference trajectory (rz > 0) ---
effective_length:                   436.69295124033147 mm
perpendicular_grid:                 41 points in [-10.000000,+10.000000] mm
max_fitting_error_normal            0.058/5109.103 G/G
max_fitting_error_skew              345.319/345.319 G/G
r0_for_relative_multipoles          12 mm
main_monomial                       n = 0, skew:False
                                       Nn(s=0)      Integ_Nn     Nn/N0(@r0)   |    Sn(s=0)      Integ_Sn     Sn/S0(@r0)  
<multipole_order n>                    [T/m^n]      [T.m/m^n]        []       |    [T/m^n]      [T.m/m^n]        []      
n=00:                                5.7670e-01    -2.5184e-01   +1.0000e+00  |      ---           ---           ---     
n=01:                                7.5403e+00    +3.3761e+00   -1.6087e-01  |      ---           ---           ---     
n=02:                                6.0193e+00    +9.1148e-01   -5.2117e-04  |      ---           ---           ---     
n=03:                                1.2626e+02    -5.5785e+01   +3.8277e-04  |      ---           ---           ---     
n=04:                                6.8835e+03    +1.0352e+03   -8.5236e-05  |      ---           ---           ---     
n=05:                                4.2026e+05    +1.0429e+05   -1.0305e-04  |      ---           ---           ---     
n=06:                                7.4093e+07    -4.2005e+06   +4.9804e-05  |      ---           ---           ---     
