--- multipoles on reference trajectory (rz > 0) ---
effective_length:                   436.0844364478337 mm
perpendicular_grid:                 41 points in [-10.000000,+10.000000] mm
max_fitting_error_normal            0.058/5109.105 G/G
max_fitting_error_skew              345.319/345.319 G/G
r0_for_relative_multipoles          12 mm
main_monomial                       n = 0, skew:False
                                       Nn(s=0)      Integ_Nn     Nn/N0(@r0)   |    Sn(s=0)      Integ_Sn     Sn/S0(@r0)  
<multipole_order n>                    [T/m^n]      [T.m/m^n]        []       |    [T/m^n]      [T.m/m^n]        []      
n=00:                                5.7670e-01    -2.5149e-01   +1.0000e+00  |      ---           ---           ---     
n=01:                                7.5403e+00    +3.3715e+00   -1.6087e-01  |      ---           ---           ---     
n=02:                                6.0193e+00    +9.0881e-01   -5.2038e-04  |      ---           ---           ---     
n=03:                                1.2626e+02    -5.5699e+01   +3.8271e-04  |      ---           ---           ---     
n=04:                                6.8835e+03    +1.0372e+03   -8.5516e-05  |      ---           ---           ---     
n=05:                                4.2026e+05    +1.0406e+05   -1.0296e-04  |      ---           ---           ---     
n=06:                                7.4093e+07    -4.2204e+06   +5.0110e-05  |      ---           ---           ---     
