--- multipoles on reference trajectory (rz > 0) ---
effective_length:                   434.80210602103443 mm
perpendicular_grid:                 41 points in [-10.000000,+10.000000] mm
max_fitting_error_normal            0.039/3401.524 G/G
max_fitting_error_skew              358.666/358.666 G/G
r0_for_relative_multipoles          12 mm
main_monomial                       n = 0, skew:False
                                       Nn(s=0)      Integ_Nn     Nn/N0(@r0)   |    Sn(s=0)      Integ_Sn     Sn/S0(@r0)  
<multipole_order n>                    [T/m^n]      [T.m/m^n]        []       |    [T/m^n]      [T.m/m^n]        []      
n=00:                                5.5508e-01    -2.4135e-01   +1.0000e+00  |      ---           ---           ---     
n=01:                                7.2820e+00    +3.2300e+00   -1.6059e-01  |      ---           ---           ---     
n=02:                                5.3229e+00    +8.5379e-01   -5.0941e-04  |      ---           ---           ---     
n=03:                                2.9762e+01    -2.7885e+01   +1.9964e-04  |      ---           ---           ---     
n=04:                                1.2242e+04    +1.2900e+02   -1.1083e-05  |      ---           ---           ---     
n=05:                                1.7891e+05    -4.1915e+04   +4.3214e-05  |      ---           ---           ---     
n=06:                                8.4545e+07    -7.5594e+05   +9.3525e-06  |      ---           ---           ---     
