--- multipoles on reference trajectory (rz > 0) ---
effective_length:                   435.6369515035072 mm
perpendicular_grid:                 41 points in [-10.000000,+10.000000] mm
max_fitting_error_normal            0.049/4861.912 G/G
max_fitting_error_skew              334.806/334.806 G/G
r0_for_relative_multipoles          12 mm
main_monomial                       n = 0, skew:False
                                       Nn(s=0)      Integ_Nn     Nn/N0(@r0)   |    Sn(s=0)      Integ_Sn     Sn/S0(@r0)  
<multipole_order n>                    [T/m^n]      [T.m/m^n]        []       |    [T/m^n]      [T.m/m^n]        []      
n=00:                                5.5058e-01    -2.3985e-01   +1.0000e+00  |      ---           ---           ---     
n=01:                                7.2424e+00    +3.2240e+00   -1.6130e-01  |      ---           ---           ---     
n=02:                                4.4891e+00    +8.4088e-01   -5.0484e-04  |      ---           ---           ---     
n=03:                                9.6170e+00    -3.5373e+01   +2.5484e-04  |      ---           ---           ---     
n=04:                                2.0067e+04    +2.3539e+03   -2.0351e-04  |      ---           ---           ---     
n=05:                                5.1004e+05    +1.4471e+04   -1.5013e-05  |      ---           ---           ---     
n=06:                                1.1268e+08    -1.1929e+07   +1.4851e-04  |      ---           ---           ---     
