--- multipoles on reference trajectory (rz > 0) ---
effective_length:                   433.5623146877223 mm
perpendicular_grid:                 41 points in [-10.000000,+10.000000] mm
max_fitting_error_normal            0.043/6067.705 G/G
max_fitting_error_skew              355.896/355.896 G/G
r0_for_relative_multipoles          12 mm
main_monomial                       n = 0, skew:False
                                       Nn(s=0)      Integ_Nn     Nn/N0(@r0)   |    Sn(s=0)      Integ_Sn     Sn/S0(@r0)  
<multipole_order n>                    [T/m^n]      [T.m/m^n]        []       |    [T/m^n]      [T.m/m^n]        []      
n=00:                                5.8141e-01    -2.5208e-01   +1.0000e+00  |      ---           ---           ---     
n=01:                                7.6310e+00    +3.3707e+00   -1.6046e-01  |      ---           ---           ---     
n=02:                                4.0900e+00    +1.0269e+00   -5.8660e-04  |      ---           ---           ---     
n=03:                                1.9231e+02    -7.0455e+01   +4.8297e-04  |      ---           ---           ---     
n=04:                                1.9105e+04    -1.0126e+03   +8.3300e-05  |      ---           ---           ---     
n=05:                                8.9065e+05    +2.3419e+05   -2.3117e-04  |      ---           ---           ---     
n=06:                                9.9571e+07    +1.0948e+06   -1.2968e-05  |      ---           ---           ---     
