--- multipoles on reference trajectory (rz > 0) ---
effective_length:                   433.4385454609079 mm
perpendicular_grid:                 41 points in [-10.000000,+10.000000] mm
max_fitting_error_normal            0.039/6429.324 G/G
max_fitting_error_skew              334.762/334.762 G/G
r0_for_relative_multipoles          12 mm
main_monomial                       n = 0, skew:False
                                       Nn(s=0)      Integ_Nn     Nn/N0(@r0)   |    Sn(s=0)      Integ_Sn     Sn/S0(@r0)  
<multipole_order n>                    [T/m^n]      [T.m/m^n]        []       |    [T/m^n]      [T.m/m^n]        []      
n=00:                                5.5763e-01    -2.4170e-01   +1.0000e+00  |      ---           ---           ---     
n=01:                                7.3223e+00    +3.2344e+00   -1.6059e-01  |      ---           ---           ---     
n=02:                                4.3391e+00    +9.5967e-01   -5.7176e-04  |      ---           ---           ---     
n=03:                                2.7560e+01    -3.2035e+01   +2.2903e-04  |      ---           ---           ---     
n=04:                                1.4160e+04    +1.5904e+03   -1.3645e-04  |      ---           ---           ---     
n=05:                                1.3328e+05    +2.7186e+04   -2.7989e-05  |      ---           ---           ---     
n=06:                                6.8833e+07    -8.1880e+06   +1.0116e-04  |      ---           ---           ---     
