--- multipoles on reference trajectory (rz > 0) ---
effective_length:                   435.4833618231337 mm
perpendicular_grid:                 41 points in [-10.000000,+10.000000] mm
max_fitting_error_normal            0.056/5785.916 G/G
max_fitting_error_skew              337.270/337.270 G/G
r0_for_relative_multipoles          12 mm
main_monomial                       n = 0, skew:False
                                       Nn(s=0)      Integ_Nn     Nn/N0(@r0)   |    Sn(s=0)      Integ_Sn     Sn/S0(@r0)  
<multipole_order n>                    [T/m^n]      [T.m/m^n]        []       |    [T/m^n]      [T.m/m^n]        []      
n=00:                                5.5240e-01    -2.4056e-01   +1.0000e+00  |      ---           ---           ---     
n=01:                                7.2019e+00    +3.2156e+00   -1.6040e-01  |      ---           ---           ---     
n=02:                                5.8485e+00    +9.0048e-01   -5.3903e-04  |      ---           ---           ---     
n=03:                                5.7096e+01    -9.5196e+00   +6.8382e-05  |      ---           ---           ---     
n=04:                                2.0156e+02    +1.3666e+03   -1.1780e-04  |      ---           ---           ---     
n=05:                                7.9440e+05    -1.7823e+05   +1.8436e-04  |      ---           ---           ---     
n=06:                                3.2610e+06    -8.6811e+06   +1.0776e-04  |      ---           ---           ---     
