--- multipoles on reference trajectory (rz > 0) ---
effective_length:                   436.26713493137584 mm
perpendicular_grid:                 41 points in [-10.000000,+10.000000] mm
max_fitting_error_normal            0.055/4806.612 G/G
max_fitting_error_skew              337.873/337.873 G/G
r0_for_relative_multipoles          12 mm
main_monomial                       n = 0, skew:False
                                       Nn(s=0)      Integ_Nn     Nn/N0(@r0)   |    Sn(s=0)      Integ_Sn     Sn/S0(@r0)  
<multipole_order n>                    [T/m^n]      [T.m/m^n]        []       |    [T/m^n]      [T.m/m^n]        []      
n=00:                                5.5306e-01    -2.4128e-01   +1.0000e+00  |      ---           ---           ---     
n=01:                                7.2167e+00    +3.2326e+00   -1.6077e-01  |      ---           ---           ---     
n=02:                                6.7008e+00    +1.0654e+00   -6.3586e-04  |      ---           ---           ---     
n=03:                                1.3795e+02    -2.5576e+01   +1.8317e-04  |      ---           ---           ---     
n=04:                                2.0989e+04    -3.4991e+03   +3.0072e-04  |      ---           ---           ---     
n=05:                                6.1887e+05    -1.8723e+04   +1.9309e-05  |      ---           ---           ---     
n=06:                                1.3741e+08    +1.8885e+07   -2.3371e-04  |      ---           ---           ---     
