--- multipoles on reference trajectory (rz > 0) ---
effective_length:                   435.79870917306545 mm
perpendicular_grid:                 41 points in [-10.000000,+10.000000] mm
max_fitting_error_normal            0.058/4058.961 G/G
max_fitting_error_skew              337.762/337.762 G/G
r0_for_relative_multipoles          12 mm
main_monomial                       n = 0, skew:False
                                       Nn(s=0)      Integ_Nn     Nn/N0(@r0)   |    Sn(s=0)      Integ_Sn     Sn/S0(@r0)  
<multipole_order n>                    [T/m^n]      [T.m/m^n]        []       |    [T/m^n]      [T.m/m^n]        []      
n=00:                                5.5057e-01    -2.3994e-01   +1.0000e+00  |      ---           ---           ---     
n=01:                                7.2049e+00    +3.2194e+00   -1.6101e-01  |      ---           ---           ---     
n=02:                                5.9275e+00    +9.3086e-01   -5.5867e-04  |      ---           ---           ---     
n=03:                                5.5376e+01    -8.7075e+00   +6.2711e-05  |      ---           ---           ---     
n=04:                                2.0704e+03    +2.0802e+03   -1.7978e-04  |      ---           ---           ---     
n=05:                                7.8322e+05    -1.3222e+05   +1.3712e-04  |      ---           ---           ---     
n=06:                                7.2886e+06    -1.5413e+07   +1.9181e-04  |      ---           ---           ---     
