--- multipoles on reference trajectory (rz > 0) ---
effective_length:                   433.5024347145612 mm
perpendicular_grid:                 41 points in [-10.000000,+10.000000] mm
max_fitting_error_normal            0.026/4875.812 G/G
max_fitting_error_skew              338.625/338.625 G/G
r0_for_relative_multipoles          12 mm
main_monomial                       n = 0, skew:False
                                       Nn(s=0)      Integ_Nn     Nn/N0(@r0)   |    Sn(s=0)      Integ_Sn     Sn/S0(@r0)  
<multipole_order n>                    [T/m^n]      [T.m/m^n]        []       |    [T/m^n]      [T.m/m^n]        []      
n=00:                                5.5431e-01    -2.4029e-01   +1.0000e+00  |      ---           ---           ---     
n=01:                                7.2775e+00    +3.2139e+00   -1.6050e-01  |      ---           ---           ---     
n=02:                                4.5391e+00    +7.4678e-01   -4.4752e-04  |      ---           ---           ---     
n=03:                                1.7294e+00    -1.4946e+01   +1.0748e-04  |      ---           ---           ---     
n=04:                                7.1403e+01    +1.9118e+03   -1.6498e-04  |      ---           ---           ---     
n=05:                                3.0190e+05    -9.0821e+04   +9.4048e-05  |      ---           ---           ---     
n=06:                                8.6032e+06    -1.2409e+07   +1.5420e-04  |      ---           ---           ---     
