--- multipoles on reference trajectory (rz > 0) ---
effective_length:                   435.0438945550223 mm
perpendicular_grid:                 41 points in [-10.000000,+10.000000] mm
max_fitting_error_normal            0.046/3432.431 G/G
max_fitting_error_skew              339.438/339.438 G/G
r0_for_relative_multipoles          12 mm
main_monomial                       n = 0, skew:False
                                       Nn(s=0)      Integ_Nn     Nn/N0(@r0)   |    Sn(s=0)      Integ_Sn     Sn/S0(@r0)  
<multipole_order n>                    [T/m^n]      [T.m/m^n]        []       |    [T/m^n]      [T.m/m^n]        []      
n=00:                                5.5384e-01    -2.4094e-01   +1.0000e+00  |      ---           ---           ---     
n=01:                                7.2669e+00    +3.2331e+00   -1.6102e-01  |      ---           ---           ---     
n=02:                                5.6244e+00    +1.1012e+00   -6.5810e-04  |      ---           ---           ---     
n=03:                                8.4726e+01    -3.3113e+01   +2.3748e-04  |      ---           ---           ---     
n=04:                                8.3250e+03    -2.3028e+03   +1.9818e-04  |      ---           ---           ---     
n=05:                                1.0426e+05    +5.0629e+02   -5.2287e-07  |      ---           ---           ---     
n=06:                                5.2210e+07    +9.9334e+06   -1.2310e-04  |      ---           ---           ---     
