--- multipoles on reference trajectory (rz > 0) ---
effective_length:                   435.5487305322118 mm
perpendicular_grid:                 41 points in [-10.000000,+10.000000] mm
max_fitting_error_normal            0.039/4189.673 G/G
max_fitting_error_skew              334.222/334.222 G/G
r0_for_relative_multipoles          12 mm
main_monomial                       n = 0, skew:False
                                       Nn(s=0)      Integ_Nn     Nn/N0(@r0)   |    Sn(s=0)      Integ_Sn     Sn/S0(@r0)  
<multipole_order n>                    [T/m^n]      [T.m/m^n]        []       |    [T/m^n]      [T.m/m^n]        []      
n=00:                                5.5276e-01    -2.4075e-01   +1.0000e+00  |      ---           ---           ---     
n=01:                                7.2604e+00    +3.2372e+00   -1.6136e-01  |      ---           ---           ---     
n=02:                                5.3740e+00    +9.3169e-01   -5.5727e-04  |      ---           ---           ---     
n=03:                                5.7059e+00    -4.1315e+01   +2.9654e-04  |      ---           ---           ---     
n=04:                                8.6488e+02    +2.3944e+02   -2.0623e-05  |      ---           ---           ---     
n=05:                                2.5490e+05    +6.6394e+04   -6.8622e-05  |      ---           ---           ---     
n=06:                                1.4744e+07    -1.2440e+06   +1.5429e-05  |      ---           ---           ---     
