--- multipoles on reference trajectory (rz > 0) ---
effective_length:                   436.2314521518168 mm
perpendicular_grid:                 41 points in [-10.000000,+10.000000] mm
max_fitting_error_normal            0.018/4871.364 G/G
max_fitting_error_skew              339.123/339.123 G/G
r0_for_relative_multipoles          12 mm
main_monomial                       n = 0, skew:False
                                       Nn(s=0)      Integ_Nn     Nn/N0(@r0)   |    Sn(s=0)      Integ_Sn     Sn/S0(@r0)  
<multipole_order n>                    [T/m^n]      [T.m/m^n]        []       |    [T/m^n]      [T.m/m^n]        []      
n=00:                                5.5067e-01    -2.4022e-01   +1.0000e+00  |      ---           ---           ---     
n=01:                                7.1834e+00    +3.2218e+00   -1.6094e-01  |      ---           ---           ---     
n=02:                                6.0562e+00    +1.0502e+00   -6.2954e-04  |      ---           ---           ---     
n=03:                                2.5556e+01    -1.2152e+01   +8.7416e-05  |      ---           ---           ---     
n=04:                                2.3101e+03    -2.2265e+02   +1.9219e-05  |      ---           ---           ---     
n=05:                                1.5483e+05    -6.6928e+04   +6.9329e-05  |      ---           ---           ---     
n=06:                                4.9688e+06    -3.9140e+05   +4.8652e-06  |      ---           ---           ---     
