--- multipoles on reference trajectory (rz > 0) ---
effective_length:                   435.146469630692 mm
perpendicular_grid:                 41 points in [-10.000000,+10.000000] mm
max_fitting_error_normal            0.047/3980.226 G/G
max_fitting_error_skew              321.522/321.522 G/G
r0_for_relative_multipoles          12 mm
main_monomial                       n = 0, skew:False
                                       Nn(s=0)      Integ_Nn     Nn/N0(@r0)   |    Sn(s=0)      Integ_Sn     Sn/S0(@r0)  
<multipole_order n>                    [T/m^n]      [T.m/m^n]        []       |    [T/m^n]      [T.m/m^n]        []      
n=00:                                5.2595e-01    -2.2886e-01   +1.0000e+00  |      ---           ---           ---     
n=01:                                6.8806e+00    +3.0594e+00   -1.6041e-01  |      ---           ---           ---     
n=02:                                4.6608e+00    +9.5701e-01   -6.0215e-04  |      ---           ---           ---     
n=03:                                1.0003e+02    -3.4768e+01   +2.6251e-04  |      ---           ---           ---     
n=04:                                6.3303e+03    -4.4908e+03   +4.0689e-04  |      ---           ---           ---     
n=05:                                2.6357e+05    +6.6401e+03   -7.2194e-06  |      ---           ---           ---     
n=06:                                4.8833e+07    +2.3850e+07   -3.1117e-04  |      ---           ---           ---     
