--- multipoles on reference trajectory (rz > 0) ---
effective_length:                   436.98683815654636 mm
perpendicular_grid:                 41 points in [-10.000000,+10.000000] mm
max_fitting_error_normal            0.027/6062.802 G/G
max_fitting_error_skew              321.887/321.887 G/G
r0_for_relative_multipoles          12 mm
main_monomial                       n = 0, skew:False
                                       Nn(s=0)      Integ_Nn     Nn/N0(@r0)   |    Sn(s=0)      Integ_Sn     Sn/S0(@r0)  
<multipole_order n>                    [T/m^n]      [T.m/m^n]        []       |    [T/m^n]      [T.m/m^n]        []      
n=00:                                5.2201e-01    -2.2811e-01   +1.0000e+00  |      ---           ---           ---     
n=01:                                6.8398e+00    +3.0655e+00   -1.6126e-01  |      ---           ---           ---     
n=02:                                5.8859e+00    +7.4950e-01   -4.7314e-04  |      ---           ---           ---     
n=03:                                1.1392e+01    -1.5491e+01   +1.1735e-04  |      ---           ---           ---     
n=04:                                1.5877e+03    -4.3149e+02   +3.9224e-05  |      ---           ---           ---     
n=05:                                1.7237e+05    -7.7604e+04   +8.4654e-05  |      ---           ---           ---     
n=06:                                4.6440e+06    +5.1948e+06   -6.8000e-05  |      ---           ---           ---     
