--- multipoles on reference trajectory (rz > 0) ---
effective_length:                   435.7713363708843 mm
perpendicular_grid:                 41 points in [-10.000000,+10.000000] mm
max_fitting_error_normal            0.043/4616.364 G/G
max_fitting_error_skew              322.092/322.092 G/G
r0_for_relative_multipoles          12 mm
main_monomial                       n = 0, skew:False
                                       Nn(s=0)      Integ_Nn     Nn/N0(@r0)   |    Sn(s=0)      Integ_Sn     Sn/S0(@r0)  
<multipole_order n>                    [T/m^n]      [T.m/m^n]        []       |    [T/m^n]      [T.m/m^n]        []      
n=00:                                5.2250e-01    -2.2769e-01   +1.0000e+00  |      ---           ---           ---     
n=01:                                6.8517e+00    +3.0618e+00   -1.6137e-01  |      ---           ---           ---     
n=02:                                5.8524e+00    +8.8122e-01   -5.5731e-04  |      ---           ---           ---     
n=03:                                2.2553e+01    -1.2053e+01   +9.1474e-05  |      ---           ---           ---     
n=04:                                1.3955e+04    -2.1272e+03   +1.9372e-04  |      ---           ---           ---     
n=05:                                2.3207e+05    -1.2405e+05   +1.3557e-04  |      ---           ---           ---     
n=06:                                8.3637e+07    +1.1653e+07   -1.5282e-04  |      ---           ---           ---     
