--- multipoles on reference trajectory (rz > 0) ---
effective_length:                   436.8749801169104 mm
perpendicular_grid:                 41 points in [-10.000000,+10.000000] mm
max_fitting_error_normal            0.060/3542.205 G/G
max_fitting_error_skew              315.687/315.687 G/G
r0_for_relative_multipoles          12 mm
main_monomial                       n = 0, skew:False
                                       Nn(s=0)      Integ_Nn     Nn/N0(@r0)   |    Sn(s=0)      Integ_Sn     Sn/S0(@r0)  
<multipole_order n>                    [T/m^n]      [T.m/m^n]        []       |    [T/m^n]      [T.m/m^n]        []      
n=00:                                5.2240e-01    -2.2822e-01   +1.0000e+00  |      ---           ---           ---     
n=01:                                6.8443e+00    +3.0642e+00   -1.6112e-01  |      ---           ---           ---     
n=02:                                5.2174e+00    +7.2672e-01   -4.5854e-04  |      ---           ---           ---     
n=03:                                1.6774e+02    -4.1680e+01   +3.1558e-04  |      ---           ---           ---     
n=04:                                2.8836e+03    +5.6767e+02   -5.1578e-05  |      ---           ---           ---     
n=05:                                7.7132e+05    +5.4139e+04   -5.9028e-05  |      ---           ---           ---     
n=06:                                2.4292e+07    -4.8342e+06   +6.3250e-05  |      ---           ---           ---     
