--- multipoles on reference trajectory (rz > 0) ---
effective_length:                   435.34123132568845 mm
perpendicular_grid:                 41 points in [-10.000000,+10.000000] mm
max_fitting_error_normal            0.063/6394.143 G/G
max_fitting_error_skew              341.377/341.377 G/G
r0_for_relative_multipoles          12 mm
main_monomial                       n = 0, skew:False
                                       Nn(s=0)      Integ_Nn     Nn/N0(@r0)   |    Sn(s=0)      Integ_Sn     Sn/S0(@r0)  
<multipole_order n>                    [T/m^n]      [T.m/m^n]        []       |    [T/m^n]      [T.m/m^n]        []      
n=00:                                5.5283e-01    -2.4067e-01   +1.0000e+00  |      ---           ---           ---     
n=01:                                7.2378e+00    +3.2235e+00   -1.6073e-01  |      ---           ---           ---     
n=02:                                5.1880e+00    +1.0997e+00   -6.5800e-04  |      ---           ---           ---     
n=03:                                5.3511e+01    -4.2862e+01   +3.0774e-04  |      ---           ---           ---     
n=04:                                1.1092e+04    +1.4912e+03   -1.2848e-04  |      ---           ---           ---     
n=05:                                8.9545e+03    +1.4639e+05   -1.5136e-04  |      ---           ---           ---     
n=06:                                6.0972e+07    -1.3966e+07   +1.7327e-04  |      ---           ---           ---     
