--- multipoles on reference trajectory (rz > 0) ---
effective_length:                   436.6201554378113 mm
perpendicular_grid:                 41 points in [-10.000000,+10.000000] mm
max_fitting_error_normal            0.054/3937.984 G/G
max_fitting_error_skew              341.460/341.460 G/G
r0_for_relative_multipoles          12 mm
main_monomial                       n = 0, skew:False
                                       Nn(s=0)      Integ_Nn     Nn/N0(@r0)   |    Sn(s=0)      Integ_Sn     Sn/S0(@r0)  
<multipole_order n>                    [T/m^n]      [T.m/m^n]        []       |    [T/m^n]      [T.m/m^n]        []      
n=00:                                5.5091e-01    -2.4054e-01   +1.0000e+00  |      ---           ---           ---     
n=01:                                7.1937e+00    +3.2215e+00   -1.6072e-01  |      ---           ---           ---     
n=02:                                5.3799e+00    +9.8083e-01   -5.8718e-04  |      ---           ---           ---     
n=03:                                7.9760e+01    -3.1872e+01   +2.2896e-04  |      ---           ---           ---     
n=04:                                9.4108e+03    +1.2150e+02   -1.0474e-05  |      ---           ---           ---     
n=05:                                9.4733e+04    -3.4416e+02   +3.5602e-07  |      ---           ---           ---     
n=06:                                3.5292e+07    -3.7162e+06   +4.6132e-05  |      ---           ---           ---     
