--- multipoles on reference trajectory (rz > 0) ---
effective_length:                   434.6247518711112 mm
perpendicular_grid:                 41 points in [-10.000000,+10.000000] mm
max_fitting_error_normal            0.034/6720.421 G/G
max_fitting_error_skew              361.075/361.075 G/G
r0_for_relative_multipoles          12 mm
main_monomial                       n = 0, skew:False
                                       Nn(s=0)      Integ_Nn     Nn/N0(@r0)   |    Sn(s=0)      Integ_Sn     Sn/S0(@r0)  
<multipole_order n>                    [T/m^n]      [T.m/m^n]        []       |    [T/m^n]      [T.m/m^n]        []      
n=00:                                5.8083e-01    -2.5244e-01   +1.0000e+00  |      ---           ---           ---     
n=01:                                7.6109e+00    +3.3785e+00   -1.6060e-01  |      ---           ---           ---     
n=02:                                6.0028e+00    +1.3213e+00   -7.5371e-04  |      ---           ---           ---     
n=03:                                3.0288e+01    -1.0235e+01   +7.0060e-05  |      ---           ---           ---     
n=04:                                5.0262e+02    -1.4502e+03   +1.1912e-04  |      ---           ---           ---     
n=05:                                1.9574e+05    -8.5599e+04   +8.4375e-05  |      ---           ---           ---     
n=06:                                1.0631e+07    -2.9506e+05   +3.4901e-06  |      ---           ---           ---     
