--- multipoles on reference trajectory (rz > 0) ---
effective_length:                   435.77365625872744 mm
perpendicular_grid:                 41 points in [-10.000000,+10.000000] mm
max_fitting_error_normal            0.036/3581.911 G/G
max_fitting_error_skew              355.891/355.891 G/G
r0_for_relative_multipoles          12 mm
main_monomial                       n = 0, skew:False
                                       Nn(s=0)      Integ_Nn     Nn/N0(@r0)   |    Sn(s=0)      Integ_Sn     Sn/S0(@r0)  
<multipole_order n>                    [T/m^n]      [T.m/m^n]        []       |    [T/m^n]      [T.m/m^n]        []      
n=00:                                5.7892e-01    -2.5228e-01   +1.0000e+00  |      ---           ---           ---     
n=01:                                7.5520e+00    +3.3754e+00   -1.6056e-01  |      ---           ---           ---     
n=02:                                5.1104e+00    +8.7882e-01   -5.0163e-04  |      ---           ---           ---     
n=03:                                2.6759e+01    -2.0855e+01   +1.4284e-04  |      ---           ---           ---     
n=04:                                2.6733e+04    +3.1496e+03   -2.5888e-04  |      ---           ---           ---     
n=05:                                4.0571e+05    -8.7926e+04   +8.6725e-05  |      ---           ---           ---     
n=06:                                1.5593e+08    -1.8618e+07   +2.2036e-04  |      ---           ---           ---     
