--- multipoles on reference trajectory (rz > 0) ---
effective_length:                   435.4636297989976 mm
perpendicular_grid:                 41 points in [-10.000000,+10.000000] mm
max_fitting_error_normal            0.037/5166.192 G/G
max_fitting_error_skew              362.637/362.637 G/G
r0_for_relative_multipoles          12 mm
main_monomial                       n = 0, skew:False
                                       Nn(s=0)      Integ_Nn     Nn/N0(@r0)   |    Sn(s=0)      Integ_Sn     Sn/S0(@r0)  
<multipole_order n>                    [T/m^n]      [T.m/m^n]        []       |    [T/m^n]      [T.m/m^n]        []      
n=00:                                5.7985e-01    -2.5250e-01   +1.0000e+00  |      ---           ---           ---     
n=01:                                7.5729e+00    +3.3766e+00   -1.6047e-01  |      ---           ---           ---     
n=02:                                6.2477e+00    +1.2878e+00   -7.3444e-04  |      ---           ---           ---     
n=03:                                6.9884e+01    -1.7970e+01   +1.2298e-04  |      ---           ---           ---     
n=04:                                3.7921e+03    -2.0208e+03   +1.6595e-04  |      ---           ---           ---     
n=05:                                3.2600e+04    -5.0120e+04   +4.9392e-05  |      ---           ---           ---     
n=06:                                2.5255e+07    +7.0792e+06   -8.3715e-05  |      ---           ---           ---     
