--- multipoles on reference trajectory (rz > 0) ---
effective_length:                   433.15370941091015 mm
perpendicular_grid:                 41 points in [-10.000000,+10.000000] mm
max_fitting_error_normal            0.076/6692.930 G/G
max_fitting_error_skew              355.555/355.555 G/G
r0_for_relative_multipoles          12 mm
main_monomial                       n = 0, skew:False
                                       Nn(s=0)      Integ_Nn     Nn/N0(@r0)   |    Sn(s=0)      Integ_Sn     Sn/S0(@r0)  
<multipole_order n>                    [T/m^n]      [T.m/m^n]        []       |    [T/m^n]      [T.m/m^n]        []      
n=00:                                5.8016e-01    -2.5130e-01   +1.0000e+00  |      ---           ---           ---     
n=01:                                7.6364e+00    +3.3708e+00   -1.6096e-01  |      ---           ---           ---     
n=02:                                4.4286e+00    +7.8918e-01   -4.5222e-04  |      ---           ---           ---     
n=03:                                6.5044e+01    -3.7213e+01   +2.5589e-04  |      ---           ---           ---     
n=04:                                1.1744e+04    +5.6114e+03   -4.6303e-04  |      ---           ---           ---     
n=05:                                8.5032e+04    +4.6831e+04   -4.6371e-05  |      ---           ---           ---     
n=06:                                7.4209e+07    -3.9476e+07   +4.6906e-04  |      ---           ---           ---     
