--- multipoles on reference trajectory (rz > 0) ---
effective_length:                   434.86209332001704 mm
perpendicular_grid:                 41 points in [-10.000000,+10.000000] mm
max_fitting_error_normal            0.050/4622.342 G/G
max_fitting_error_skew              338.396/338.396 G/G
r0_for_relative_multipoles          12 mm
main_monomial                       n = 0, skew:False
                                       Nn(s=0)      Integ_Nn     Nn/N0(@r0)   |    Sn(s=0)      Integ_Sn     Sn/S0(@r0)  
<multipole_order n>                    [T/m^n]      [T.m/m^n]        []       |    [T/m^n]      [T.m/m^n]        []      
n=00:                                5.2440e-01    -2.2804e-01   +1.0000e+00  |      ---           ---           ---     
n=01:                                6.9004e+00    +3.0624e+00   -1.6115e-01  |      ---           ---           ---     
n=02:                                4.7248e+00    +8.0066e-01   -5.0559e-04  |      ---           ---           ---     
n=03:                                4.0455e+01    -4.3928e+01   +3.3287e-04  |      ---           ---           ---     
n=04:                                1.1292e+04    -2.2588e+03   +2.0539e-04  |      ---           ---           ---     
n=05:                                1.0170e+05    +1.2097e+05   -1.3199e-04  |      ---           ---           ---     
n=06:                                8.1925e+07    +1.7069e+07   -2.2350e-04  |      ---           ---           ---     
