--- multipoles on reference trajectory (rz > 0) ---
effective_length:                   435.7473477013766 mm
perpendicular_grid:                 41 points in [-10.000000,+10.000000] mm
max_fitting_error_normal            0.034/4800.683 G/G
max_fitting_error_skew              348.202/348.202 G/G
r0_for_relative_multipoles          12 mm
main_monomial                       n = 0, skew:False
                                       Nn(s=0)      Integ_Nn     Nn/N0(@r0)   |    Sn(s=0)      Integ_Sn     Sn/S0(@r0)  
<multipole_order n>                    [T/m^n]      [T.m/m^n]        []       |    [T/m^n]      [T.m/m^n]        []      
n=00:                                5.5284e-01    -2.4090e-01   +1.0000e+00  |      ---           ---           ---     
n=01:                                7.2582e+00    +3.2366e+00   -1.6123e-01  |      ---           ---           ---     
n=02:                                5.3539e+00    +1.0170e+00   -6.0791e-04  |      ---           ---           ---     
n=03:                                2.5304e+01    -1.3170e+01   +9.4474e-05  |      ---           ---           ---     
n=04:                                9.4768e+03    +4.8798e+02   -4.2004e-05  |      ---           ---           ---     
n=05:                                2.4926e+05    -1.1025e+05   +1.1388e-04  |      ---           ---           ---     
n=06:                                6.6234e+07    -8.0798e+06   +1.0015e-04  |      ---           ---           ---     
