--- multipoles on reference trajectory (rz > 0) ---
effective_length:                   435.4454926472758 mm
perpendicular_grid:                 41 points in [-10.000000,+10.000000] mm
max_fitting_error_normal            0.055/4626.119 G/G
max_fitting_error_skew              327.800/327.800 G/G
r0_for_relative_multipoles          12 mm
main_monomial                       n = 0, skew:False
                                       Nn(s=0)      Integ_Nn     Nn/N0(@r0)   |    Sn(s=0)      Integ_Sn     Sn/S0(@r0)  
<multipole_order n>                    [T/m^n]      [T.m/m^n]        []       |    [T/m^n]      [T.m/m^n]        []      
n=00:                                5.2396e-01    -2.2816e-01   +1.0000e+00  |      ---           ---           ---     
n=01:                                6.9069e+00    +3.0646e+00   -1.6118e-01  |      ---           ---           ---     
n=02:                                4.8120e+00    +9.1064e-01   -5.7474e-04  |      ---           ---           ---     
n=03:                                4.3493e+01    -2.8855e+01   +2.1854e-04  |      ---           ---           ---     
n=04:                                9.1991e+03    +4.5513e+02   -4.1364e-05  |      ---           ---           ---     
n=05:                                1.4050e+05    +6.0819e+04   -6.6330e-05  |      ---           ---           ---     
n=06:                                5.2362e+07    -1.8269e+06   +2.3909e-05  |      ---           ---           ---     
