--- multipoles on reference trajectory (rz > 0) ---
effective_length:                   435.187054042566 mm
perpendicular_grid:                 41 points in [-10.000000,+10.000000] mm
max_fitting_error_normal            0.027/4891.452 G/G
max_fitting_error_skew              335.080/335.080 G/G
r0_for_relative_multipoles          12 mm
main_monomial                       n = 0, skew:False
                                       Nn(s=0)      Integ_Nn     Nn/N0(@r0)   |    Sn(s=0)      Integ_Sn     Sn/S0(@r0)  
<multipole_order n>                    [T/m^n]      [T.m/m^n]        []       |    [T/m^n]      [T.m/m^n]        []      
n=00:                                5.5381e-01    -2.4101e-01   +1.0000e+00  |      ---           ---           ---     
n=01:                                7.2896e+00    +3.2398e+00   -1.6131e-01  |      ---           ---           ---     
n=02:                                6.0724e+00    +1.0412e+00   -6.2208e-04  |      ---           ---           ---     
n=03:                                1.5518e+01    -1.0882e+01   +7.8021e-05  |      ---           ---           ---     
n=04:                                1.2752e+04    -4.8223e+02   +4.1490e-05  |      ---           ---           ---     
n=05:                                4.1015e+05    -1.2294e+05   +1.2693e-04  |      ---           ---           ---     
n=06:                                7.3262e+07    +2.0814e+06   -2.5788e-05  |      ---           ---           ---     
