--- multipoles on reference trajectory (rz > 0) ---
effective_length:                   436.67908917936927 mm
perpendicular_grid:                 41 points in [-10.000000,+10.000000] mm
max_fitting_error_normal            0.044/6420.603 G/G
max_fitting_error_skew              358.698/358.698 G/G
r0_for_relative_multipoles          12 mm
main_monomial                       n = 0, skew:False
                                       Nn(s=0)      Integ_Nn     Nn/N0(@r0)   |    Sn(s=0)      Integ_Sn     Sn/S0(@r0)  
<multipole_order n>                    [T/m^n]      [T.m/m^n]        []       |    [T/m^n]      [T.m/m^n]        []      
n=00:                                5.5309e-01    -2.4152e-01   +1.0000e+00  |      ---           ---           ---     
n=01:                                7.2247e+00    +3.2357e+00   -1.6076e-01  |      ---           ---           ---     
n=02:                                6.6273e+00    +1.1925e+00   -7.1099e-04  |      ---           ---           ---     
n=03:                                1.0202e+02    -2.5919e+01   +1.8544e-04  |      ---           ---           ---     
n=04:                                1.4593e+04    -3.5870e+03   +3.0796e-04  |      ---           ---           ---     
n=05:                                2.0650e+05    -5.7271e+04   +5.9004e-05  |      ---           ---           ---     
n=06:                                1.0096e+08    +1.8859e+07   -2.3316e-04  |      ---           ---           ---     
