--- multipoles on reference trajectory (rz > 0) ---
effective_length:                   436.27233320931435 mm
perpendicular_grid:                 41 points in [-10.000000,+10.000000] mm
max_fitting_error_normal            0.046/4974.483 G/G
max_fitting_error_skew              374.026/374.026 G/G
r0_for_relative_multipoles          12 mm
main_monomial                       n = 0, skew:False
                                       Nn(s=0)      Integ_Nn     Nn/N0(@r0)   |    Sn(s=0)      Integ_Sn     Sn/S0(@r0)  
<multipole_order n>                    [T/m^n]      [T.m/m^n]        []       |    [T/m^n]      [T.m/m^n]        []      
n=00:                                5.7825e-01    -2.5228e-01   +1.0000e+00  |      ---           ---           ---     
n=01:                                7.5363e+00    +3.3779e+00   -1.6067e-01  |      ---           ---           ---     
n=02:                                5.8784e+00    +1.2267e+00   -7.0019e-04  |      ---           ---           ---     
n=03:                                1.0612e+02    -4.2249e+01   +2.8939e-04  |      ---           ---           ---     
n=04:                                1.2901e+04    -3.5208e+03   +2.8939e-04  |      ---           ---           ---     
n=05:                                2.1880e+05    +7.2508e+04   -7.1518e-05  |      ---           ---           ---     
n=06:                                5.6304e+07    +1.9843e+07   -2.3487e-04  |      ---           ---           ---     
