--- multipoles on reference trajectory (rz > 0) ---
effective_length:                   435.00697317184074 mm
perpendicular_grid:                 41 points in [-10.000000,+10.000000] mm
max_fitting_error_normal            0.027/5493.315 G/G
max_fitting_error_skew              335.940/335.940 G/G
r0_for_relative_multipoles          12 mm
main_monomial                       n = 0, skew:False
                                       Nn(s=0)      Integ_Nn     Nn/N0(@r0)   |    Sn(s=0)      Integ_Sn     Sn/S0(@r0)  
<multipole_order n>                    [T/m^n]      [T.m/m^n]        []       |    [T/m^n]      [T.m/m^n]        []      
n=00:                                5.5307e-01    -2.4059e-01   +1.0000e+00  |      ---           ---           ---     
n=01:                                7.2512e+00    +3.2255e+00   -1.6088e-01  |      ---           ---           ---     
n=02:                                5.7349e+00    +9.5846e-01   -5.7367e-04  |      ---           ---           ---     
n=03:                                1.7531e+01    -1.6655e+01   +1.1962e-04  |      ---           ---           ---     
n=04:                                8.1572e+03    -1.6426e+03   +1.4157e-04  |      ---           ---           ---     
n=05:                                5.2101e+05    -8.8979e+04   +9.2029e-05  |      ---           ---           ---     
n=06:                                4.2034e+07    +4.5889e+06   -5.6954e-05  |      ---           ---           ---     
