--- multipoles on reference trajectory (rz > 0) ---
effective_length:                   434.1501307685766 mm
perpendicular_grid:                 41 points in [-10.000000,+10.000000] mm
max_fitting_error_normal            0.068/5112.209 G/G
max_fitting_error_skew              356.286/356.286 G/G
r0_for_relative_multipoles          12 mm
main_monomial                       n = 0, skew:False
                                       Nn(s=0)      Integ_Nn     Nn/N0(@r0)   |    Sn(s=0)      Integ_Sn     Sn/S0(@r0)  
<multipole_order n>                    [T/m^n]      [T.m/m^n]        []       |    [T/m^n]      [T.m/m^n]        []      
n=00:                                5.7929e-01    -2.5150e-01   +1.0000e+00  |      ---           ---           ---     
n=01:                                7.6089e+00    +3.3724e+00   -1.6091e-01  |      ---           ---           ---     
n=02:                                6.2506e+00    +1.0086e+00   -5.7748e-04  |      ---           ---           ---     
n=03:                                1.5629e+02    -6.4555e+01   +4.4354e-04  |      ---           ---           ---     
n=04:                                2.1014e+04    -3.5572e+03   +2.9329e-04  |      ---           ---           ---     
n=05:                                6.3285e+05    +1.8267e+05   -1.8073e-04  |      ---           ---           ---     
n=06:                                1.5306e+08    +2.1008e+07   -2.4942e-04  |      ---           ---           ---     
