--- multipoles on reference trajectory (rz > 0) ---
effective_length:                   437.0841690540668 mm
perpendicular_grid:                 41 points in [-10.000000,+10.000000] mm
max_fitting_error_normal            0.025/5084.315 G/G
max_fitting_error_skew              356.646/356.646 G/G
r0_for_relative_multipoles          12 mm
main_monomial                       n = 0, skew:False
                                       Nn(s=0)      Integ_Nn     Nn/N0(@r0)   |    Sn(s=0)      Integ_Sn     Sn/S0(@r0)  
<multipole_order n>                    [T/m^n]      [T.m/m^n]        []       |    [T/m^n]      [T.m/m^n]        []      
n=00:                                5.7641e-01    -2.5194e-01   +1.0000e+00  |      ---           ---           ---     
n=01:                                7.5297e+00    +3.3774e+00   -1.6087e-01  |      ---           ---           ---     
n=02:                                7.2694e+00    +1.1114e+00   -6.3521e-04  |      ---           ---           ---     
n=03:                                3.1989e+01    -7.9504e+00   +5.4530e-05  |      ---           ---           ---     
n=04:                                8.1343e+03    -9.6362e+02   +7.9311e-05  |      ---           ---           ---     
n=05:                                2.5424e+05    -1.8620e+05   +1.8391e-04  |      ---           ---           ---     
n=06:                                4.4471e+07    -4.5575e+03   +5.4015e-08  |      ---           ---           ---     
