--- multipoles on reference trajectory (rz > 0) ---
effective_length:                   432.848513903924 mm
perpendicular_grid:                 41 points in [-10.000000,+10.000000] mm
max_fitting_error_normal            0.055/4545.146 G/G
max_fitting_error_skew              358.755/358.755 G/G
r0_for_relative_multipoles          12 mm
main_monomial                       n = 0, skew:False
                                       Nn(s=0)      Integ_Nn     Nn/N0(@r0)   |    Sn(s=0)      Integ_Sn     Sn/S0(@r0)  
<multipole_order n>                    [T/m^n]      [T.m/m^n]        []       |    [T/m^n]      [T.m/m^n]        []      
n=00:                                5.8217e-01    -2.5199e-01   +1.0000e+00  |      ---           ---           ---     
n=01:                                7.6618e+00    +3.3702e+00   -1.6049e-01  |      ---           ---           ---     
n=02:                                3.5278e+00    +6.1356e-01   -3.5062e-04  |      ---           ---           ---     
n=03:                                1.9510e+01    -3.3560e+01   +2.3014e-04  |      ---           ---           ---     
n=04:                                1.8084e+04    +5.3251e+03   -4.3819e-04  |      ---           ---           ---     
n=05:                                4.4458e+05    -7.7811e+03   +7.6835e-06  |      ---           ---           ---     
n=06:                                9.1538e+07    -2.8662e+07   +3.3964e-04  |      ---           ---           ---     
