--- multipoles on reference trajectory (rz > 0) ---
effective_length:                   433.54076368501643 mm
perpendicular_grid:                 41 points in [-10.000000,+10.000000] mm
max_fitting_error_normal            0.045/6695.370 G/G
max_fitting_error_skew              354.846/354.846 G/G
r0_for_relative_multipoles          12 mm
main_monomial                       n = 0, skew:False
                                       Nn(s=0)      Integ_Nn     Nn/N0(@r0)   |    Sn(s=0)      Integ_Sn     Sn/S0(@r0)  
<multipole_order n>                    [T/m^n]      [T.m/m^n]        []       |    [T/m^n]      [T.m/m^n]        []      
n=00:                                5.7956e-01    -2.5126e-01   +1.0000e+00  |      ---           ---           ---     
n=01:                                7.6331e+00    +3.3713e+00   -1.6101e-01  |      ---           ---           ---     
n=02:                                3.9115e+00    +9.5833e-01   -5.4922e-04  |      ---           ---           ---     
n=03:                                1.7669e+02    -7.1425e+01   +4.9121e-04  |      ---           ---           ---     
n=04:                                2.1684e+04    -1.3013e+02   +1.0739e-05  |      ---           ---           ---     
n=05:                                7.8026e+05    +2.3656e+05   -2.3427e-04  |      ---           ---           ---     
n=06:                                1.1261e+08    -3.8667e+06   +4.5951e-05  |      ---           ---           ---     
