--- multipoles on reference trajectory (rz > 0) ---
effective_length:                   435.8284664574319 mm
perpendicular_grid:                 41 points in [-10.000000,+10.000000] mm
max_fitting_error_normal            0.068/4056.085 G/G
max_fitting_error_skew              355.081/355.081 G/G
r0_for_relative_multipoles          12 mm
main_monomial                       n = 0, skew:False
                                       Nn(s=0)      Integ_Nn     Nn/N0(@r0)   |    Sn(s=0)      Integ_Sn     Sn/S0(@r0)  
<multipole_order n>                    [T/m^n]      [T.m/m^n]        []       |    [T/m^n]      [T.m/m^n]        []      
n=00:                                5.7765e-01    -2.5176e-01   +1.0000e+00  |      ---           ---           ---     
n=01:                                7.5503e+00    +3.3750e+00   -1.6087e-01  |      ---           ---           ---     
n=02:                                7.1514e+00    +1.0322e+00   -5.9040e-04  |      ---           ---           ---     
n=03:                                4.4331e+01    -7.0046e+00   +4.8077e-05  |      ---           ---           ---     
n=04:                                1.9772e+04    +8.9966e+02   -7.4101e-05  |      ---           ---           ---     
n=05:                                6.0545e+05    -1.5829e+05   +1.5645e-04  |      ---           ---           ---     
n=06:                                1.1877e+08    -4.6528e+06   +5.5185e-05  |      ---           ---           ---     
