--- multipoles on reference trajectory (rz > 0) ---
effective_length:                   434.0508669407599 mm
perpendicular_grid:                 41 points in [-10.000000,+10.000000] mm
max_fitting_error_normal            0.069/4864.194 G/G
max_fitting_error_skew              334.222/334.222 G/G
r0_for_relative_multipoles          12 mm
main_monomial                       n = 0, skew:False
                                       Nn(s=0)      Integ_Nn     Nn/N0(@r0)   |    Sn(s=0)      Integ_Sn     Sn/S0(@r0)  
<multipole_order n>                    [T/m^n]      [T.m/m^n]        []       |    [T/m^n]      [T.m/m^n]        []      
n=00:                                5.5096e-01    -2.3915e-01   +1.0000e+00  |      ---           ---           ---     
n=01:                                7.2435e+00    +3.2074e+00   -1.6094e-01  |      ---           ---           ---     
n=02:                                6.2743e+00    +1.0353e+00   -6.2338e-04  |      ---           ---           ---     
n=03:                                4.6791e-01    +2.4885e+00   -1.7981e-05  |      ---           ---           ---     
n=04:                                2.4912e+04    -2.7455e+03   +2.3806e-04  |      ---           ---           ---     
n=05:                                4.2526e+05    -2.8236e+05   +2.9379e-04  |      ---           ---           ---     
n=06:                                1.4096e+08    +1.0778e+07   -1.3458e-04  |      ---           ---           ---     
