--- multipoles on reference trajectory (rz > 0) ---
effective_length:                   435.5753305129861 mm
perpendicular_grid:                 41 points in [-10.000000,+10.000000] mm
max_fitting_error_normal            0.078/6697.085 G/G
max_fitting_error_skew              349.581/349.581 G/G
r0_for_relative_multipoles          12 mm
main_monomial                       n = 0, skew:False
                                       Nn(s=0)      Integ_Nn     Nn/N0(@r0)   |    Sn(s=0)      Integ_Sn     Sn/S0(@r0)  
<multipole_order n>                    [T/m^n]      [T.m/m^n]        []       |    [T/m^n]      [T.m/m^n]        []      
n=00:                                5.7742e-01    -2.5151e-01   +1.0000e+00  |      ---           ---           ---     
n=01:                                7.5783e+00    +3.3776e+00   -1.6115e-01  |      ---           ---           ---     
n=02:                                7.0332e+00    +1.3017e+00   -7.4529e-04  |      ---           ---           ---     
n=03:                                1.5273e+02    -2.4331e+01   +1.6716e-04  |      ---           ---           ---     
n=04:                                1.9763e+04    -3.2898e+03   +2.7123e-04  |      ---           ---           ---     
n=05:                                7.2315e+05    -6.4198e+04   +6.3514e-05  |      ---           ---           ---     
n=06:                                1.3206e+08    +1.6314e+07   -1.9368e-04  |      ---           ---           ---     
