--- multipoles on reference trajectory (rz > 0) ---
effective_length:                   434.45817943495746 mm
perpendicular_grid:                 41 points in [-10.000000,+10.000000] mm
max_fitting_error_normal            0.032/4317.201 G/G
max_fitting_error_skew              353.199/353.199 G/G
r0_for_relative_multipoles          12 mm
main_monomial                       n = 0, skew:False
                                       Nn(s=0)      Integ_Nn     Nn/N0(@r0)   |    Sn(s=0)      Integ_Sn     Sn/S0(@r0)  
<multipole_order n>                    [T/m^n]      [T.m/m^n]        []       |    [T/m^n]      [T.m/m^n]        []      
n=00:                                5.7884e-01    -2.5148e-01   +1.0000e+00  |      ---           ---           ---     
n=01:                                7.6073e+00    +3.3766e+00   -1.6112e-01  |      ---           ---           ---     
n=02:                                5.8984e+00    +1.2152e+00   -6.9583e-04  |      ---           ---           ---     
n=03:                                3.3375e+01    -4.5256e+01   +3.1097e-04  |      ---           ---           ---     
n=04:                                6.7954e+03    -1.5491e+03   +1.2773e-04  |      ---           ---           ---     
n=05:                                2.2154e+05    +1.0159e+05   -1.0052e-04  |      ---           ---           ---     
n=06:                                5.0248e+07    +5.1796e+06   -6.1501e-05  |      ---           ---           ---     
