--- multipoles on reference trajectory (rz > 0) ---
effective_length:                   433.91352271567314 mm
perpendicular_grid:                 41 points in [-10.000000,+10.000000] mm
max_fitting_error_normal            0.035/4883.515 G/G
max_fitting_error_skew              340.106/340.106 G/G
r0_for_relative_multipoles          12 mm
main_monomial                       n = 0, skew:False
                                       Nn(s=0)      Integ_Nn     Nn/N0(@r0)   |    Sn(s=0)      Integ_Sn     Sn/S0(@r0)  
<multipole_order n>                    [T/m^n]      [T.m/m^n]        []       |    [T/m^n]      [T.m/m^n]        []      
n=00:                                5.5439e-01    -2.4056e-01   +1.0000e+00  |      ---           ---           ---     
n=01:                                7.2732e+00    +3.2296e+00   -1.6111e-01  |      ---           ---           ---     
n=02:                                5.2838e+00    +7.7706e-01   -4.6516e-04  |      ---           ---           ---     
n=03:                                4.1561e+00    -2.8594e+01   +2.0540e-04  |      ---           ---           ---     
n=04:                                3.4423e+03    -1.9841e+02   +1.7103e-05  |      ---           ---           ---     
n=05:                                2.6711e+05    -3.0678e+04   +3.1733e-05  |      ---           ---           ---     
n=06:                                3.2160e+07    +2.2705e+06   -2.8183e-05  |      ---           ---           ---     
