--- multipoles on reference trajectory (rz > 0) ---
effective_length:                   436.94337934459793 mm
perpendicular_grid:                 41 points in [-10.000000,+10.000000] mm
max_fitting_error_normal            0.051/4046.374 G/G
max_fitting_error_skew              349.384/349.384 G/G
r0_for_relative_multipoles          12 mm
main_monomial                       n = 0, skew:False
                                       Nn(s=0)      Integ_Nn     Nn/N0(@r0)   |    Sn(s=0)      Integ_Sn     Sn/S0(@r0)  
<multipole_order n>                    [T/m^n]      [T.m/m^n]        []       |    [T/m^n]      [T.m/m^n]        []      
n=00:                                5.7644e-01    -2.5187e-01   +1.0000e+00  |      ---           ---           ---     
n=01:                                7.5302e+00    +3.3751e+00   -1.6080e-01  |      ---           ---           ---     
n=02:                                7.1111e+00    +1.0320e+00   -5.9000e-04  |      ---           ---           ---     
n=03:                                4.2201e+00    -8.1763e+00   +5.6095e-05  |      ---           ---           ---     
n=04:                                2.3541e+04    -1.0866e+03   +8.9455e-05  |      ---           ---           ---     
n=05:                                3.8100e+05    -1.3963e+05   +1.3795e-04  |      ---           ---           ---     
n=06:                                1.5092e+08    +3.2195e+06   -3.8168e-05  |      ---           ---           ---     
