--- multipoles on reference trajectory (rz > 0) ---
effective_length:                   437.0876074757654 mm
perpendicular_grid:                 41 points in [-10.000000,+10.000000] mm
max_fitting_error_normal            0.025/5083.377 G/G
max_fitting_error_skew              356.592/356.592 G/G
r0_for_relative_multipoles          12 mm
main_monomial                       n = 0, skew:False
                                       Nn(s=0)      Integ_Nn     Nn/N0(@r0)   |    Sn(s=0)      Integ_Sn     Sn/S0(@r0)  
<multipole_order n>                    [T/m^n]      [T.m/m^n]        []       |    [T/m^n]      [T.m/m^n]        []      
n=00:                                5.7632e-01    -2.5190e-01   +1.0000e+00  |      ---           ---           ---     
n=01:                                7.5299e+00    +3.3775e+00   -1.6089e-01  |      ---           ---           ---     
n=02:                                7.2684e+00    +1.1110e+00   -6.3512e-04  |      ---           ---           ---     
n=03:                                3.2291e+01    -8.0052e+00   +5.4913e-05  |      ---           ---           ---     
n=04:                                8.1540e+03    -9.8434e+02   +8.1028e-05  |      ---           ---           ---     
n=05:                                2.5198e+05    -1.8613e+05   +1.8386e-04  |      ---           ---           ---     
n=06:                                4.4509e+07    +8.0902e+04   -9.5899e-07  |      ---           ---           ---     
