--- multipoles on reference trajectory (rz > 0) ---
effective_length:                   434.6453438058829 mm
perpendicular_grid:                 41 points in [-10.000000,+10.000000] mm
max_fitting_error_normal            0.045/6378.167 G/G
max_fitting_error_skew              347.522/347.522 G/G
r0_for_relative_multipoles          12 mm
main_monomial                       n = 0, skew:False
                                       Nn(s=0)      Integ_Nn     Nn/N0(@r0)   |    Sn(s=0)      Integ_Sn     Sn/S0(@r0)  
<multipole_order n>                    [T/m^n]      [T.m/m^n]        []       |    [T/m^n]      [T.m/m^n]        []      
n=00:                                5.5028e-01    -2.3918e-01   +1.0000e+00  |      ---           ---           ---     
n=01:                                7.2124e+00    +3.2158e+00   -1.6134e-01  |      ---           ---           ---     
n=02:                                5.1947e+00    +9.0623e-01   -5.4561e-04  |      ---           ---           ---     
n=03:                                2.1634e+01    -2.9022e+01   +2.0968e-04  |      ---           ---           ---     
n=04:                                1.2768e+04    +2.8042e+03   -2.4312e-04  |      ---           ---           ---     
n=05:                                5.4036e+05    -1.1050e+04   +1.1496e-05  |      ---           ---           ---     
n=06:                                6.0556e+07    -1.8264e+07   +2.2801e-04  |      ---           ---           ---     
