--- multipoles on reference trajectory (rz > 0) ---
effective_length:                   436.3478908207515 mm
perpendicular_grid:                 41 points in [-10.000000,+10.000000] mm
max_fitting_error_normal            0.041/6713.575 G/G
max_fitting_error_skew              353.785/353.785 G/G
r0_for_relative_multipoles          12 mm
main_monomial                       n = 0, skew:False
                                       Nn(s=0)      Integ_Nn     Nn/N0(@r0)   |    Sn(s=0)      Integ_Sn     Sn/S0(@r0)  
<multipole_order n>                    [T/m^n]      [T.m/m^n]        []       |    [T/m^n]      [T.m/m^n]        []      
n=00:                                5.7826e-01    -2.5232e-01   +1.0000e+00  |      ---           ---           ---     
n=01:                                7.5269e+00    +3.3751e+00   -1.6051e-01  |      ---           ---           ---     
n=02:                                7.1099e+00    +1.1571e+00   -6.6035e-04  |      ---           ---           ---     
n=03:                                1.8018e+01    -2.0345e+01   +1.3933e-04  |      ---           ---           ---     
n=04:                                2.3246e+04    -4.8202e+03   +3.9612e-04  |      ---           ---           ---     
n=05:                                5.0796e+05    -9.5848e+04   +9.4523e-05  |      ---           ---           ---     
n=06:                                1.5291e+08    +3.0813e+07   -3.6464e-04  |      ---           ---           ---     
