--- multipoles on reference trajectory (rz > 0) ---
effective_length:                   435.3047842407511 mm
perpendicular_grid:                 41 points in [-10.000000,+10.000000] mm
max_fitting_error_normal            0.043/5114.935 G/G
max_fitting_error_skew              362.650/362.650 G/G
r0_for_relative_multipoles          12 mm
main_monomial                       n = 0, skew:False
                                       Nn(s=0)      Integ_Nn     Nn/N0(@r0)   |    Sn(s=0)      Integ_Sn     Sn/S0(@r0)  
<multipole_order n>                    [T/m^n]      [T.m/m^n]        []       |    [T/m^n]      [T.m/m^n]        []      
n=00:                                5.7958e-01    -2.5229e-01   +1.0000e+00  |      ---           ---           ---     
n=01:                                7.5762e+00    +3.3789e+00   -1.6072e-01  |      ---           ---           ---     
n=02:                                6.7010e+00    +1.0747e+00   -6.1340e-04  |      ---           ---           ---     
n=03:                                6.5738e+01    -2.1016e+01   +1.4394e-04  |      ---           ---           ---     
n=04:                                1.2817e+04    +3.1024e+02   -2.5499e-05  |      ---           ---           ---     
n=05:                                1.3855e+05    -9.8853e+04   +9.7497e-05  |      ---           ---           ---     
n=06:                                8.6090e+07    -2.0187e+06   +2.3892e-05  |      ---           ---           ---     
