--- multipoles on reference trajectory (rz > 0) ---
effective_length:                   434.5735566673276 mm
perpendicular_grid:                 41 points in [-10.000000,+10.000000] mm
max_fitting_error_normal            0.063/6382.370 G/G
max_fitting_error_skew              342.961/342.961 G/G
r0_for_relative_multipoles          12 mm
main_monomial                       n = 0, skew:False
                                       Nn(s=0)      Integ_Nn     Nn/N0(@r0)   |    Sn(s=0)      Integ_Sn     Sn/S0(@r0)  
<multipole_order n>                    [T/m^n]      [T.m/m^n]        []       |    [T/m^n]      [T.m/m^n]        []      
n=00:                                5.5186e-01    -2.3982e-01   +1.0000e+00  |      ---           ---           ---     
n=01:                                7.2624e+00    +3.2242e+00   -1.6133e-01  |      ---           ---           ---     
n=02:                                4.7593e+00    +8.9858e-01   -5.3954e-04  |      ---           ---           ---     
n=03:                                3.6631e+00    -4.1223e+01   +2.9703e-04  |      ---           ---           ---     
n=04:                                1.7446e+04    +3.3594e+03   -2.9046e-04  |      ---           ---           ---     
n=05:                                4.2259e+05    +1.0256e+05   -1.0641e-04  |      ---           ---           ---     
n=06:                                1.2683e+08    -2.6521e+07   +3.3021e-04  |      ---           ---           ---     
