--- multipoles on reference trajectory (rz > 0) ---
effective_length:                   433.90377145077986 mm
perpendicular_grid:                 41 points in [-10.000000,+10.000000] mm
max_fitting_error_normal            0.036/6370.513 G/G
max_fitting_error_skew              338.293/338.293 G/G
r0_for_relative_multipoles          12 mm
main_monomial                       n = 0, skew:False
                                       Nn(s=0)      Integ_Nn     Nn/N0(@r0)   |    Sn(s=0)      Integ_Sn     Sn/S0(@r0)  
<multipole_order n>                    [T/m^n]      [T.m/m^n]        []       |    [T/m^n]      [T.m/m^n]        []      
n=00:                                5.5149e-01    -2.3929e-01   +1.0000e+00  |      ---           ---           ---     
n=01:                                7.2490e+00    +3.2168e+00   -1.6131e-01  |      ---           ---           ---     
n=02:                                5.4137e+00    +8.7176e-01   -5.2460e-04  |      ---           ---           ---     
n=03:                                1.1921e+02    -4.8810e+01   +3.5246e-04  |      ---           ---           ---     
n=04:                                2.8796e+03    +7.4609e+01   -6.4652e-06  |      ---           ---           ---     
n=05:                                3.6228e+05    +6.9436e+04   -7.2203e-05  |      ---           ---           ---     
n=06:                                1.4904e+07    -4.9483e+06   +6.1746e-05  |      ---           ---           ---     
