--- multipoles on reference trajectory (rz > 0) ---
effective_length:                   435.5999809991013 mm
perpendicular_grid:                 41 points in [-10.000000,+10.000000] mm
max_fitting_error_normal            0.080/3775.390 G/G
max_fitting_error_skew              318.568/318.568 G/G
r0_for_relative_multipoles          12 mm
main_monomial                       n = 0, skew:False
                                       Nn(s=0)      Integ_Nn     Nn/N0(@r0)   |    Sn(s=0)      Integ_Sn     Sn/S0(@r0)  
<multipole_order n>                    [T/m^n]      [T.m/m^n]        []       |    [T/m^n]      [T.m/m^n]        []      
n=00:                                5.2586e-01    -2.2907e-01   +1.0000e+00  |      ---           ---           ---     
n=01:                                6.8949e+00    +3.0683e+00   -1.6074e-01  |      ---           ---           ---     
n=02:                                4.7763e+00    +6.8298e-01   -4.2935e-04  |      ---           ---           ---     
n=03:                                7.8474e+01    -3.7661e+01   +2.8410e-04  |      ---           ---           ---     
n=04:                                1.5973e+02    +5.3879e+03   -4.8774e-04  |      ---           ---           ---     
n=05:                                1.7135e+05    +2.8757e+04   -3.1238e-05  |      ---           ---           ---     
n=06:                                2.0054e+07    -3.2948e+07   +4.2950e-04  |      ---           ---           ---     
