--- multipoles on reference trajectory (rz > 0) ---
effective_length:                   436.0091218340282 mm
perpendicular_grid:                 41 points in [-10.000000,+10.000000] mm
max_fitting_error_normal            0.031/6397.839 G/G
max_fitting_error_skew              351.999/351.999 G/G
r0_for_relative_multipoles          12 mm
main_monomial                       n = 0, skew:False
                                       Nn(s=0)      Integ_Nn     Nn/N0(@r0)   |    Sn(s=0)      Integ_Sn     Sn/S0(@r0)  
<multipole_order n>                    [T/m^n]      [T.m/m^n]        []       |    [T/m^n]      [T.m/m^n]        []      
n=00:                                5.5196e-01    -2.4066e-01   +1.0000e+00  |      ---           ---           ---     
n=01:                                7.2148e+00    +3.2197e+00   -1.6054e-01  |      ---           ---           ---     
n=02:                                5.8704e+00    +9.1855e-01   -5.4962e-04  |      ---           ---           ---     
n=03:                                2.3931e-01    -1.2443e+01   +8.9346e-05  |      ---           ---           ---     
n=04:                                4.7107e+03    -1.2245e+03   +1.0551e-04  |      ---           ---           ---     
n=05:                                2.3388e+05    -6.6123e+04   +6.8368e-05  |      ---           ---           ---     
n=06:                                2.3301e+07    +4.9073e+06   -6.0887e-05  |      ---           ---           ---     
