--- multipoles on reference trajectory (rz > 0) ---
effective_length:                   435.59414992006987 mm
perpendicular_grid:                 41 points in [-10.000000,+10.000000] mm
max_fitting_error_normal            0.077/6710.220 G/G
max_fitting_error_skew              350.291/350.291 G/G
r0_for_relative_multipoles          12 mm
main_monomial                       n = 0, skew:False
                                       Nn(s=0)      Integ_Nn     Nn/N0(@r0)   |    Sn(s=0)      Integ_Sn     Sn/S0(@r0)  
<multipole_order n>                    [T/m^n]      [T.m/m^n]        []       |    [T/m^n]      [T.m/m^n]        []      
n=00:                                5.7865e-01    -2.5206e-01   +1.0000e+00  |      ---           ---           ---     
n=01:                                7.5761e+00    +3.3772e+00   -1.6078e-01  |      ---           ---           ---     
n=02:                                7.1478e+00    +1.3062e+00   -7.4625e-04  |      ---           ---           ---     
n=03:                                1.4571e+02    -2.2848e+01   +1.5664e-04  |      ---           ---           ---     
n=04:                                2.1800e+04    -2.9899e+03   +2.4597e-04  |      ---           ---           ---     
n=05:                                6.5699e+05    -7.3226e+04   +7.2289e-05  |      ---           ---           ---     
n=06:                                1.4434e+08    +1.4291e+07   -1.6929e-04  |      ---           ---           ---     
