--- multipoles on reference trajectory (rz > 0) ---
effective_length:                   435.8389382399789 mm
perpendicular_grid:                 41 points in [-10.000000,+10.000000] mm
max_fitting_error_normal            0.048/4916.984 G/G
max_fitting_error_skew              340.418/340.418 G/G
r0_for_relative_multipoles          12 mm
main_monomial                       n = 0, skew:False
                                       Nn(s=0)      Integ_Nn     Nn/N0(@r0)   |    Sn(s=0)      Integ_Sn     Sn/S0(@r0)  
<multipole_order n>                    [T/m^n]      [T.m/m^n]        []       |    [T/m^n]      [T.m/m^n]        []      
n=00:                                5.5485e-01    -2.4182e-01   +1.0000e+00  |      ---           ---           ---     
n=01:                                7.2407e+00    +3.2338e+00   -1.6047e-01  |      ---           ---           ---     
n=02:                                6.4088e+00    +1.1909e+00   -7.0914e-04  |      ---           ---           ---     
n=03:                                1.7560e+02    -3.2352e+01   +2.3118e-04  |      ---           ---           ---     
n=04:                                1.7284e+04    -3.6451e+03   +3.1256e-04  |      ---           ---           ---     
n=05:                                8.3698e+05    +2.4116e+04   -2.4815e-05  |      ---           ---           ---     
n=06:                                1.2109e+08    +1.9412e+07   -2.3969e-04  |      ---           ---           ---     
