--- multipoles on reference trajectory (rz > 0) ---
effective_length:                   434.14793691682394 mm
perpendicular_grid:                 41 points in [-10.000000,+10.000000] mm
max_fitting_error_normal            0.049/3226.111 G/G
max_fitting_error_skew              340.213/340.213 G/G
r0_for_relative_multipoles          12 mm
main_monomial                       n = 0, skew:False
                                       Nn(s=0)      Integ_Nn     Nn/N0(@r0)   |    Sn(s=0)      Integ_Sn     Sn/S0(@r0)  
<multipole_order n>                    [T/m^n]      [T.m/m^n]        []       |    [T/m^n]      [T.m/m^n]        []      
n=00:                                5.5403e-01    -2.4053e-01   +1.0000e+00  |      ---           ---           ---     
n=01:                                7.2574e+00    +3.2169e+00   -1.6049e-01  |      ---           ---           ---     
n=02:                                4.9823e+00    +8.3583e-01   -5.0040e-04  |      ---           ---           ---     
n=03:                                6.6377e+01    -4.1928e+01   +3.0122e-04  |      ---           ---           ---     
n=04:                                3.5785e+02    -2.0550e+03   +1.7716e-04  |      ---           ---           ---     
n=05:                                2.1482e+04    +2.9530e+03   -3.0549e-06  |      ---           ---           ---     
n=06:                                6.1795e+06    +1.1129e+07   -1.3816e-04  |      ---           ---           ---     
