--- multipoles on reference trajectory (rz > 0) ---
effective_length:                   435.818982640883 mm
perpendicular_grid:                 41 points in [-10.000000,+10.000000] mm
max_fitting_error_normal            0.052/6710.666 G/G
max_fitting_error_skew              353.105/353.105 G/G
r0_for_relative_multipoles          12 mm
main_monomial                       n = 0, skew:False
                                       Nn(s=0)      Integ_Nn     Nn/N0(@r0)   |    Sn(s=0)      Integ_Sn     Sn/S0(@r0)  
<multipole_order n>                    [T/m^n]      [T.m/m^n]        []       |    [T/m^n]      [T.m/m^n]        []      
n=00:                                5.7983e-01    -2.5270e-01   +1.0000e+00  |      ---           ---           ---     
n=01:                                7.5899e+00    +3.3792e+00   -1.6047e-01  |      ---           ---           ---     
n=02:                                5.2980e+00    +1.0147e+00   -5.7825e-04  |      ---           ---           ---     
n=03:                                5.5771e+01    -3.1478e+01   +2.1525e-04  |      ---           ---           ---     
n=04:                                5.8198e+03    -8.7287e+02   +7.1626e-05  |      ---           ---           ---     
n=05:                                1.0668e+05    -4.8148e+04   +4.7411e-05  |      ---           ---           ---     
n=06:                                3.7890e+07    +4.4563e+06   -5.2657e-05  |      ---           ---           ---     
