--- multipoles on reference trajectory (rz > 0) ---
effective_length:                   432.83530968243963 mm
perpendicular_grid:                 41 points in [-10.000000,+10.000000] mm
max_fitting_error_normal            0.048/4506.285 G/G
max_fitting_error_skew              357.986/357.986 G/G
r0_for_relative_multipoles          12 mm
main_monomial                       n = 0, skew:False
                                       Nn(s=0)      Integ_Nn     Nn/N0(@r0)   |    Sn(s=0)      Integ_Sn     Sn/S0(@r0)  
<multipole_order n>                    [T/m^n]      [T.m/m^n]        []       |    [T/m^n]      [T.m/m^n]        []      
n=00:                                5.8084e-01    -2.5141e-01   +1.0000e+00  |      ---           ---           ---     
n=01:                                7.6631e+00    +3.3704e+00   -1.6087e-01  |      ---           ---           ---     
n=02:                                3.5514e+00    +5.9598e-01   -3.4137e-04  |      ---           ---           ---     
n=03:                                2.9171e+01    -3.0592e+01   +2.1027e-04  |      ---           ---           ---     
n=04:                                1.7287e+04    +5.3375e+03   -4.4024e-04  |      ---           ---           ---     
n=05:                                5.1046e+05    -2.9961e+04   +2.9655e-05  |      ---           ---           ---     
n=06:                                8.8371e+07    -2.8901e+07   +3.4326e-04  |      ---           ---           ---     
