--- multipoles on reference trajectory (rz > 0) ---
effective_length:                   434.16536463912587 mm
perpendicular_grid:                 41 points in [-10.000000,+10.000000] mm
max_fitting_error_normal            0.044/4383.224 G/G
max_fitting_error_skew              338.358/338.358 G/G
r0_for_relative_multipoles          12 mm
main_monomial                       n = 0, skew:False
                                       Nn(s=0)      Integ_Nn     Nn/N0(@r0)   |    Sn(s=0)      Integ_Sn     Sn/S0(@r0)  
<multipole_order n>                    [T/m^n]      [T.m/m^n]        []       |    [T/m^n]      [T.m/m^n]        []      
n=00:                                5.5470e-01    -2.4083e-01   +1.0000e+00  |      ---           ---           ---     
n=01:                                7.2929e+00    +3.2348e+00   -1.6118e-01  |      ---           ---           ---     
n=02:                                5.6827e+00    +1.0630e+00   -6.3562e-04  |      ---           ---           ---     
n=03:                                1.0211e+02    -2.8136e+01   +2.0188e-04  |      ---           ---           ---     
n=04:                                6.3954e+03    -1.6407e+03   +1.4126e-04  |      ---           ---           ---     
n=05:                                2.8428e+05    -5.3100e+04   +5.4864e-05  |      ---           ---           ---     
n=06:                                4.1219e+07    +8.1755e+06   -1.0136e-04  |      ---           ---           ---     
