--- multipoles on reference trajectory (rz > 0) ---
effective_length:                   434.84244931616445 mm
perpendicular_grid:                 41 points in [-10.000000,+10.000000] mm
max_fitting_error_normal            0.042/4858.332 G/G
max_fitting_error_skew              343.142/343.142 G/G
r0_for_relative_multipoles          12 mm
main_monomial                       n = 0, skew:False
                                       Nn(s=0)      Integ_Nn     Nn/N0(@r0)   |    Sn(s=0)      Integ_Sn     Sn/S0(@r0)  
<multipole_order n>                    [T/m^n]      [T.m/m^n]        []       |    [T/m^n]      [T.m/m^n]        []      
n=00:                                5.5100e-01    -2.3960e-01   +1.0000e+00  |      ---           ---           ---     
n=01:                                7.2508e+00    +3.2210e+00   -1.6132e-01  |      ---           ---           ---     
n=02:                                5.7049e+00    +8.9194e-01   -5.3606e-04  |      ---           ---           ---     
n=03:                                1.2251e+02    -2.4507e+01   +1.7675e-04  |      ---           ---           ---     
n=04:                                2.4128e+03    +3.6342e+03   -3.1452e-04  |      ---           ---           ---     
n=05:                                1.1193e+06    -1.7367e+04   +1.8037e-05  |      ---           ---           ---     
n=06:                                1.8167e+07    -2.0819e+07   +2.5945e-04  |      ---           ---           ---     
