--- multipoles on reference trajectory (rz > 0) ---
effective_length:                   436.57197166806264 mm
perpendicular_grid:                 41 points in [-10.000000,+10.000000] mm
max_fitting_error_normal            0.048/6400.053 G/G
max_fitting_error_skew              357.900/357.900 G/G
r0_for_relative_multipoles          12 mm
main_monomial                       n = 0, skew:False
                                       Nn(s=0)      Integ_Nn     Nn/N0(@r0)   |    Sn(s=0)      Integ_Sn     Sn/S0(@r0)  
<multipole_order n>                    [T/m^n]      [T.m/m^n]        []       |    [T/m^n]      [T.m/m^n]        []      
n=00:                                5.5146e-01    -2.4075e-01   +1.0000e+00  |      ---           ---           ---     
n=01:                                7.1935e+00    +3.2225e+00   -1.6062e-01  |      ---           ---           ---     
n=02:                                5.0887e+00    +1.0347e+00   -6.1886e-04  |      ---           ---           ---     
n=03:                                9.2067e+01    -3.0647e+01   +2.1997e-04  |      ---           ---           ---     
n=04:                                1.9899e+04    +2.0783e+03   -1.7900e-04  |      ---           ---           ---     
n=05:                                2.4804e+05    +4.5220e+04   -4.6737e-05  |      ---           ---           ---     
n=06:                                1.1136e+08    -1.8061e+07   +2.2401e-04  |      ---           ---           ---     
