--- multipoles on reference trajectory (rz > 0) ---
effective_length:                   434.12548488391525 mm
perpendicular_grid:                 41 points in [-10.000000,+10.000000] mm
max_fitting_error_normal            0.044/3797.197 G/G
max_fitting_error_skew              340.683/340.683 G/G
r0_for_relative_multipoles          12 mm
main_monomial                       n = 0, skew:False
                                       Nn(s=0)      Integ_Nn     Nn/N0(@r0)   |    Sn(s=0)      Integ_Sn     Sn/S0(@r0)  
<multipole_order n>                    [T/m^n]      [T.m/m^n]        []       |    [T/m^n]      [T.m/m^n]        []      
n=00:                                5.5468e-01    -2.4080e-01   +1.0000e+00  |      ---           ---           ---     
n=01:                                7.2913e+00    +3.2303e+00   -1.6098e-01  |      ---           ---           ---     
n=02:                                5.3098e+00    +8.3458e-01   -4.9908e-04  |      ---           ---           ---     
n=03:                                1.2122e+02    -3.9436e+01   +2.8299e-04  |      ---           ---           ---     
n=04:                                6.1766e+03    -2.0278e+03   +1.7462e-04  |      ---           ---           ---     
n=05:                                3.5569e+05    +1.5776e+04   -1.6302e-05  |      ---           ---           ---     
n=06:                                4.6012e+07    +1.3345e+07   -1.6548e-04  |      ---           ---           ---     
