--- multipoles on reference trajectory (rz > 0) ---
effective_length:                   435.8694775364305 mm
perpendicular_grid:                 41 points in [-10.000000,+10.000000] mm
max_fitting_error_normal            0.026/4634.018 G/G
max_fitting_error_skew              320.345/320.345 G/G
r0_for_relative_multipoles          12 mm
main_monomial                       n = 0, skew:False
                                       Nn(s=0)      Integ_Nn     Nn/N0(@r0)   |    Sn(s=0)      Integ_Sn     Sn/S0(@r0)  
<multipole_order n>                    [T/m^n]      [T.m/m^n]        []       |    [T/m^n]      [T.m/m^n]        []      
n=00:                                5.2439e-01    -2.2857e-01   +1.0000e+00  |      ---           ---           ---     
n=01:                                6.8519e+00    +3.0609e+00   -1.6070e-01  |      ---           ---           ---     
n=02:                                5.5132e+00    +9.4063e-01   -5.9261e-04  |      ---           ---           ---     
n=03:                                2.8159e+01    -1.2786e+01   +9.6668e-05  |      ---           ---           ---     
n=04:                                5.3188e+03    -2.2311e+03   +2.0241e-04  |      ---           ---           ---     
n=05:                                6.2172e+05    -1.2471e+05   +1.3577e-04  |      ---           ---           ---     
n=06:                                2.6623e+07    +8.6330e+06   -1.1278e-04  |      ---           ---           ---     
