--- multipoles on reference trajectory (rz > 0) ---
effective_length:                   435.5413119800541 mm
perpendicular_grid:                 41 points in [-10.000000,+10.000000] mm
max_fitting_error_normal            0.032/3299.247 G/G
max_fitting_error_skew              343.898/343.898 G/G
r0_for_relative_multipoles          12 mm
main_monomial                       n = 0, skew:False
                                       Nn(s=0)      Integ_Nn     Nn/N0(@r0)   |    Sn(s=0)      Integ_Sn     Sn/S0(@r0)  
<multipole_order n>                    [T/m^n]      [T.m/m^n]        []       |    [T/m^n]      [T.m/m^n]        []      
n=00:                                5.5271e-01    -2.4073e-01   +1.0000e+00  |      ---           ---           ---     
n=01:                                7.2235e+00    +3.2185e+00   -1.6044e-01  |      ---           ---           ---     
n=02:                                5.6555e+00    +1.0310e+00   -6.1670e-04  |      ---           ---           ---     
n=03:                                3.9845e+01    -2.7339e+01   +1.9625e-04  |      ---           ---           ---     
n=04:                                2.2625e+03    -2.1347e+03   +1.8388e-04  |      ---           ---           ---     
n=05:                                1.2146e+04    -2.9265e+04   +3.0250e-05  |      ---           ---           ---     
n=06:                                2.0260e+07    +1.0141e+07   -1.2579e-04  |      ---           ---           ---     
