--- multipoles on reference trajectory (rz > 0) ---
effective_length:                   435.02188525252626 mm
perpendicular_grid:                 41 points in [-10.000000,+10.000000] mm
max_fitting_error_normal            0.051/5113.038 G/G
max_fitting_error_skew              375.312/375.312 G/G
r0_for_relative_multipoles          12 mm
main_monomial                       n = 0, skew:False
                                       Nn(s=0)      Integ_Nn     Nn/N0(@r0)   |    Sn(s=0)      Integ_Sn     Sn/S0(@r0)  
<multipole_order n>                    [T/m^n]      [T.m/m^n]        []       |    [T/m^n]      [T.m/m^n]        []      
n=00:                                5.8035e-01    -2.5247e-01   +1.0000e+00  |      ---           ---           ---     
n=01:                                7.6042e+00    +3.3763e+00   -1.6048e-01  |      ---           ---           ---     
n=02:                                5.1148e+00    +1.1433e+00   -6.5208e-04  |      ---           ---           ---     
n=03:                                1.8512e+02    -6.5424e+01   +4.4780e-04  |      ---           ---           ---     
n=04:                                5.3334e+03    -3.3416e+03   +2.7446e-04  |      ---           ---           ---     
n=05:                                7.3900e+05    +1.4606e+05   -1.4396e-04  |      ---           ---           ---     
n=06:                                6.6026e+07    +1.8732e+07   -2.2155e-04  |      ---           ---           ---     
