--- multipoles on reference trajectory (rz > 0) ---
effective_length:                   436.6626584216615 mm
perpendicular_grid:                 41 points in [-10.000000,+10.000000] mm
max_fitting_error_normal            0.036/5205.762 G/G
max_fitting_error_skew              313.113/313.113 G/G
r0_for_relative_multipoles          12 mm
main_monomial                       n = 0, skew:False
                                       Nn(s=0)      Integ_Nn     Nn/N0(@r0)   |    Sn(s=0)      Integ_Sn     Sn/S0(@r0)  
<multipole_order n>                    [T/m^n]      [T.m/m^n]        []       |    [T/m^n]      [T.m/m^n]        []      
n=00:                                5.2434e-01    -2.2896e-01   +1.0000e+00  |      ---           ---           ---     
n=01:                                6.8460e+00    +3.0626e+00   -1.6051e-01  |      ---           ---           ---     
n=02:                                4.7797e+00    +8.9912e-01   -5.6549e-04  |      ---           ---           ---     
n=03:                                8.8259e+01    -3.9229e+01   +2.9607e-04  |      ---           ---           ---     
n=04:                                6.8538e+03    -1.7839e+03   +1.6156e-04  |      ---           ---           ---     
n=05:                                1.9280e+05    +3.9802e+04   -4.3257e-05  |      ---           ---           ---     
n=06:                                3.8830e+07    +6.9977e+06   -9.1261e-05  |      ---           ---           ---     
