--- multipoles on reference trajectory (rz > 0) ---
effective_length:                   435.4952168692602 mm
perpendicular_grid:                 41 points in [-10.000000,+10.000000] mm
max_fitting_error_normal            0.041/4854.801 G/G
max_fitting_error_skew              345.019/345.019 G/G
r0_for_relative_multipoles          12 mm
main_monomial                       n = 0, skew:False
                                       Nn(s=0)      Integ_Nn     Nn/N0(@r0)   |    Sn(s=0)      Integ_Sn     Sn/S0(@r0)  
<multipole_order n>                    [T/m^n]      [T.m/m^n]        []       |    [T/m^n]      [T.m/m^n]        []      
n=00:                                5.5100e-01    -2.3996e-01   +1.0000e+00  |      ---           ---           ---     
n=01:                                7.2508e+00    +3.2207e+00   -1.6106e-01  |      ---           ---           ---     
n=02:                                5.7049e+00    +8.6712e-01   -5.2036e-04  |      ---           ---           ---     
n=03:                                1.2251e+02    -1.8366e+01   +1.3226e-04  |      ---           ---           ---     
n=04:                                2.4128e+03    +4.4665e+03   -3.8597e-04  |      ---           ---           ---     
n=05:                                1.1193e+06    -6.7851e+04   +7.0359e-05  |      ---           ---           ---     
n=06:                                1.8167e+07    -2.4520e+07   +3.0512e-04  |      ---           ---           ---     
