--- multipoles on reference trajectory (rz > 0) ---
effective_length:                   433.93464188604236 mm
perpendicular_grid:                 41 points in [-10.000000,+10.000000] mm
max_fitting_error_normal            0.044/6065.283 G/G
max_fitting_error_skew              325.925/325.925 G/G
r0_for_relative_multipoles          12 mm
main_monomial                       n = 0, skew:False
                                       Nn(s=0)      Integ_Nn     Nn/N0(@r0)   |    Sn(s=0)      Integ_Sn     Sn/S0(@r0)  
<multipole_order n>                    [T/m^n]      [T.m/m^n]        []       |    [T/m^n]      [T.m/m^n]        []      
n=00:                                5.2480e-01    -2.2773e-01   +1.0000e+00  |      ---           ---           ---     
n=01:                                6.9141e+00    +3.0630e+00   -1.6140e-01  |      ---           ---           ---     
n=02:                                4.6080e+00    +9.8667e-01   -6.2390e-04  |      ---           ---           ---     
n=03:                                7.6282e+01    -3.8446e+01   +2.9172e-04  |      ---           ---           ---     
n=04:                                8.7336e+03    -3.4299e+01   +3.1231e-06  |      ---           ---           ---     
n=05:                                2.3510e+05    +1.1554e+05   -1.2625e-04  |      ---           ---           ---     
n=06:                                6.0519e+07    -5.7844e+06   +7.5846e-05  |      ---           ---           ---     
