--- multipoles on reference trajectory (rz > 0) ---
effective_length:                   434.7179551520588 mm
perpendicular_grid:                 41 points in [-10.000000,+10.000000] mm
max_fitting_error_normal            0.043/5488.380 G/G
max_fitting_error_skew              326.566/326.566 G/G
r0_for_relative_multipoles          12 mm
main_monomial                       n = 0, skew:False
                                       Nn(s=0)      Integ_Nn     Nn/N0(@r0)   |    Sn(s=0)      Integ_Sn     Sn/S0(@r0)  
<multipole_order n>                    [T/m^n]      [T.m/m^n]        []       |    [T/m^n]      [T.m/m^n]        []      
n=00:                                5.2382e-01    -2.2771e-01   +1.0000e+00  |      ---           ---           ---     
n=01:                                6.8833e+00    +3.0597e+00   -1.6124e-01  |      ---           ---           ---     
n=02:                                3.8808e+00    +6.7728e-01   -4.2830e-04  |      ---           ---           ---     
n=03:                                2.9301e+01    -1.6507e+01   +1.2526e-04  |      ---           ---           ---     
n=04:                                2.7527e+04    +3.8603e+03   -3.5153e-04  |      ---           ---           ---     
n=05:                                1.4496e+05    -9.1502e+04   +9.9989e-05  |      ---           ---           ---     
n=06:                                1.5496e+08    -2.0382e+07   +2.6727e-04  |      ---           ---           ---     
