--- multipoles on reference trajectory (rz > 0) ---
effective_length:                   435.11457893059577 mm
perpendicular_grid:                 41 points in [-10.000000,+10.000000] mm
max_fitting_error_normal            0.038/2637.922 G/G
max_fitting_error_skew              320.324/320.324 G/G
r0_for_relative_multipoles          12 mm
main_monomial                       n = 0, skew:False
                                       Nn(s=0)      Integ_Nn     Nn/N0(@r0)   |    Sn(s=0)      Integ_Sn     Sn/S0(@r0)  
<multipole_order n>                    [T/m^n]      [T.m/m^n]        []       |    [T/m^n]      [T.m/m^n]        []      
n=00:                                5.2379e-01    -2.2791e-01   +1.0000e+00  |      ---           ---           ---     
n=01:                                6.8835e+00    +3.0600e+00   -1.6111e-01  |      ---           ---           ---     
n=02:                                4.5616e+00    +9.2566e-01   -5.8486e-04  |      ---           ---           ---     
n=03:                                9.6182e+01    -3.8945e+01   +2.9528e-04  |      ---           ---           ---     
n=04:                                6.9538e+03    -4.5713e+03   +4.1591e-04  |      ---           ---           ---     
n=05:                                2.1720e+05    +3.6449e+04   -3.9796e-05  |      ---           ---           ---     
n=06:                                5.0893e+07    +2.4794e+07   -3.2484e-04  |      ---           ---           ---     
