--- multipoles on reference trajectory (rz > 0) ---
effective_length:                   436.0047335065501 mm
perpendicular_grid:                 41 points in [-10.000000,+10.000000] mm
max_fitting_error_normal            0.067/6398.015 G/G
max_fitting_error_skew              332.827/332.827 G/G
r0_for_relative_multipoles          12 mm
main_monomial                       n = 0, skew:False
                                       Nn(s=0)      Integ_Nn     Nn/N0(@r0)   |    Sn(s=0)      Integ_Sn     Sn/S0(@r0)  
<multipole_order n>                    [T/m^n]      [T.m/m^n]        []       |    [T/m^n]      [T.m/m^n]        []      
n=00:                                5.5210e-01    -2.4072e-01   +1.0000e+00  |      ---           ---           ---     
n=01:                                7.2012e+00    +3.2186e+00   -1.6045e-01  |      ---           ---           ---     
n=02:                                6.5881e+00    +1.0724e+00   -6.4154e-04  |      ---           ---           ---     
n=03:                                2.3253e+01    -4.7132e+00   +3.3834e-05  |      ---           ---           ---     
n=04:                                1.4072e+04    -3.0999e+03   +2.6703e-04  |      ---           ---           ---     
n=05:                                4.9625e+05    -1.5669e+05   +1.6197e-04  |      ---           ---           ---     
n=06:                                7.8108e+07    +1.7499e+07   -2.1706e-04  |      ---           ---           ---     
