--- multipoles on reference trajectory (rz > 0) ---
effective_length:                   436.6567323040421 mm
perpendicular_grid:                 41 points in [-10.000000,+10.000000] mm
max_fitting_error_normal            0.044/6408.001 G/G
max_fitting_error_skew              358.027/358.027 G/G
r0_for_relative_multipoles          12 mm
main_monomial                       n = 0, skew:False
                                       Nn(s=0)      Integ_Nn     Nn/N0(@r0)   |    Sn(s=0)      Integ_Sn     Sn/S0(@r0)  
<multipole_order n>                    [T/m^n]      [T.m/m^n]        []       |    [T/m^n]      [T.m/m^n]        []      
n=00:                                5.5192e-01    -2.4100e-01   +1.0000e+00  |      ---           ---           ---     
n=01:                                7.2267e+00    +3.2361e+00   -1.6113e-01  |      ---           ---           ---     
n=02:                                6.5574e+00    +1.1832e+00   -7.0698e-04  |      ---           ---           ---     
n=03:                                1.0689e+02    -2.7552e+01   +1.9755e-04  |      ---           ---           ---     
n=04:                                1.3734e+04    -3.7500e+03   +3.2265e-04  |      ---           ---           ---     
n=05:                                2.5627e+05    -4.6321e+04   +4.7826e-05  |      ---           ---           ---     
n=06:                                9.5379e+07    +1.9863e+07   -2.4611e-04  |      ---           ---           ---     
