--- multipoles on reference trajectory (rz > 0) ---
effective_length:                   436.5334422274705 mm
perpendicular_grid:                 41 points in [-10.000000,+10.000000] mm
max_fitting_error_normal            0.051/6062.766 G/G
max_fitting_error_skew              323.496/323.496 G/G
r0_for_relative_multipoles          12 mm
main_monomial                       n = 0, skew:False
                                       Nn(s=0)      Integ_Nn     Nn/N0(@r0)   |    Sn(s=0)      Integ_Sn     Sn/S0(@r0)  
<multipole_order n>                    [T/m^n]      [T.m/m^n]        []       |    [T/m^n]      [T.m/m^n]        []      
n=00:                                5.2265e-01    -2.2815e-01   +1.0000e+00  |      ---           ---           ---     
n=01:                                6.8493e+00    +3.0647e+00   -1.6119e-01  |      ---           ---           ---     
n=02:                                5.6213e+00    +8.3863e-01   -5.2931e-04  |      ---           ---           ---     
n=03:                                6.1709e+01    -1.1091e+01   +8.4005e-05  |      ---           ---           ---     
n=04:                                8.9246e+03    -2.0318e+03   +1.8466e-04  |      ---           ---           ---     
n=05:                                2.8890e+04    -1.3430e+05   +1.4647e-04  |      ---           ---           ---     
n=06:                                5.9020e+07    +1.1286e+07   -1.4771e-04  |      ---           ---           ---     
