--- multipoles on reference trajectory (rz > 0) ---
effective_length:                   435.0266370869991 mm
perpendicular_grid:                 41 points in [-10.000000,+10.000000] mm
max_fitting_error_normal            0.036/4827.523 G/G
max_fitting_error_skew              343.437/343.437 G/G
r0_for_relative_multipoles          12 mm
main_monomial                       n = 0, skew:False
                                       Nn(s=0)      Integ_Nn     Nn/N0(@r0)   |    Sn(s=0)      Integ_Sn     Sn/S0(@r0)  
<multipole_order n>                    [T/m^n]      [T.m/m^n]        []       |    [T/m^n]      [T.m/m^n]        []      
n=00:                                5.5066e-01    -2.3955e-01   +1.0000e+00  |      ---           ---           ---     
n=01:                                7.2295e+00    +3.2185e+00   -1.6123e-01  |      ---           ---           ---     
n=02:                                5.1597e+00    +9.5941e-01   -5.7673e-04  |      ---           ---           ---     
n=03:                                4.9157e+00    -4.5521e+01   +3.2837e-04  |      ---           ---           ---     
n=04:                                4.1551e+03    -1.2495e+03   +1.0816e-04  |      ---           ---           ---     
n=05:                                4.7120e+05    +2.3200e+04   -2.4099e-05  |      ---           ---           ---     
n=06:                                1.2130e+07    +6.6940e+06   -8.3441e-05  |      ---           ---           ---     
