--- multipoles on reference trajectory (rz > 0) ---
effective_length:                   436.61958665036707 mm
perpendicular_grid:                 41 points in [-10.000000,+10.000000] mm
max_fitting_error_normal            0.057/5029.653 G/G
max_fitting_error_skew              342.943/342.943 G/G
r0_for_relative_multipoles          12 mm
main_monomial                       n = 0, skew:False
                                       Nn(s=0)      Integ_Nn     Nn/N0(@r0)   |    Sn(s=0)      Integ_Sn     Sn/S0(@r0)  
<multipole_order n>                    [T/m^n]      [T.m/m^n]        []       |    [T/m^n]      [T.m/m^n]        []      
n=00:                                5.5331e-01    -2.4159e-01   +1.0000e+00  |      ---           ---           ---     
n=01:                                7.2221e+00    +3.2344e+00   -1.6066e-01  |      ---           ---           ---     
n=02:                                6.6638e+00    +1.0896e+00   -6.4949e-04  |      ---           ---           ---     
n=03:                                4.8349e+01    -2.3713e+01   +1.6961e-04  |      ---           ---           ---     
n=04:                                1.1427e+04    -1.4187e+03   +1.2177e-04  |      ---           ---           ---     
n=05:                                6.6900e+04    -3.7755e+04   +3.8888e-05  |      ---           ---           ---     
n=06:                                6.2424e+07    +3.0819e+06   -3.8092e-05  |      ---           ---           ---     
