--- multipoles on reference trajectory (rz > 0) ---
effective_length:                   433.9155488385584 mm
perpendicular_grid:                 41 points in [-10.000000,+10.000000] mm
max_fitting_error_normal            0.036/6374.481 G/G
max_fitting_error_skew              338.592/338.592 G/G
r0_for_relative_multipoles          12 mm
main_monomial                       n = 0, skew:False
                                       Nn(s=0)      Integ_Nn     Nn/N0(@r0)   |    Sn(s=0)      Integ_Sn     Sn/S0(@r0)  
<multipole_order n>                    [T/m^n]      [T.m/m^n]        []       |    [T/m^n]      [T.m/m^n]        []      
n=00:                                5.5201e-01    -2.3952e-01   +1.0000e+00  |      ---           ---           ---     
n=01:                                7.2483e+00    +3.2166e+00   -1.6115e-01  |      ---           ---           ---     
n=02:                                5.4459e+00    +8.8333e-01   -5.3105e-04  |      ---           ---           ---     
n=03:                                1.1857e+02    -4.8666e+01   +3.5109e-04  |      ---           ---           ---     
n=04:                                3.2495e+03    +1.5382e+01   -1.3317e-06  |      ---           ---           ---     
n=05:                                3.5796e+05    +6.9872e+04   -7.2587e-05  |      ---           ---           ---     
n=06:                                1.6917e+07    -4.6582e+06   +5.8071e-05  |      ---           ---           ---     
