--- multipoles on reference trajectory (rz > 0) ---
effective_length:                   432.8088724448996 mm
perpendicular_grid:                 41 points in [-10.000000,+10.000000] mm
max_fitting_error_normal            0.038/6405.260 G/G
max_fitting_error_skew              341.981/341.981 G/G
r0_for_relative_multipoles          12 mm
main_monomial                       n = 0, skew:False
                                       Nn(s=0)      Integ_Nn     Nn/N0(@r0)   |    Sn(s=0)      Integ_Sn     Sn/S0(@r0)  
<multipole_order n>                    [T/m^n]      [T.m/m^n]        []       |    [T/m^n]      [T.m/m^n]        []      
n=00:                                5.5565e-01    -2.4049e-01   +1.0000e+00  |      ---           ---           ---     
n=01:                                7.3518e+00    +3.2308e+00   -1.6121e-01  |      ---           ---           ---     
n=02:                                3.4693e+00    +8.6501e-01   -5.1795e-04  |      ---           ---           ---     
n=03:                                1.8871e+02    -7.9644e+01   +5.7227e-04  |      ---           ---           ---     
n=04:                                1.6776e+04    +4.8302e+02   -4.1648e-05  |      ---           ---           ---     
n=05:                                7.9992e+05    +2.5777e+05   -2.6671e-04  |      ---           ---           ---     
n=06:                                9.8044e+07    -7.2896e+06   +9.0509e-05  |      ---           ---           ---     
