--- multipoles on reference trajectory (rz > 0) ---
effective_length:                   434.77681553630686 mm
perpendicular_grid:                 41 points in [-10.000000,+10.000000] mm
max_fitting_error_normal            0.048/4027.107 G/G
max_fitting_error_skew              319.354/319.354 G/G
r0_for_relative_multipoles          12 mm
main_monomial                       n = 0, skew:False
                                       Nn(s=0)      Integ_Nn     Nn/N0(@r0)   |    Sn(s=0)      Integ_Sn     Sn/S0(@r0)  
<multipole_order n>                    [T/m^n]      [T.m/m^n]        []       |    [T/m^n]      [T.m/m^n]        []      
n=00:                                5.2365e-01    -2.2767e-01   +1.0000e+00  |      ---           ---           ---     
n=01:                                6.8624e+00    +3.0567e+00   -1.6111e-01  |      ---           ---           ---     
n=02:                                5.1804e+00    +9.6922e-01   -6.1302e-04  |      ---           ---           ---     
n=03:                                7.6227e+01    -3.6376e+01   +2.7609e-04  |      ---           ---           ---     
n=04:                                1.5392e+03    -2.6767e+03   +2.4379e-04  |      ---           ---           ---     
n=05:                                2.0829e+05    +6.3504e+04   -6.9406e-05  |      ---           ---           ---     
n=06:                                1.2846e+06    +1.3930e+07   -1.8270e-04  |      ---           ---           ---     
