--- multipoles on reference trajectory (rz > 0) ---
effective_length:                   434.97406705122603 mm
perpendicular_grid:                 41 points in [-10.000000,+10.000000] mm
max_fitting_error_normal            0.043/4624.376 G/G
max_fitting_error_skew              317.422/317.422 G/G
r0_for_relative_multipoles          12 mm
main_monomial                       n = 0, skew:False
                                       Nn(s=0)      Integ_Nn     Nn/N0(@r0)   |    Sn(s=0)      Integ_Sn     Sn/S0(@r0)  
<multipole_order n>                    [T/m^n]      [T.m/m^n]        []       |    [T/m^n]      [T.m/m^n]        []      
n=00:                                5.2351e-01    -2.2772e-01   +1.0000e+00  |      ---           ---           ---     
n=01:                                6.8754e+00    +3.0571e+00   -1.6110e-01  |      ---           ---           ---     
n=02:                                3.9739e+00    +7.0868e-01   -4.4815e-04  |      ---           ---           ---     
n=03:                                1.4377e+01    -3.0996e+01   +2.3521e-04  |      ---           ---           ---     
n=04:                                1.6882e+04    +1.9678e+03   -1.7919e-04  |      ---           ---           ---     
n=05:                                6.6696e+05    -7.4377e+04   +8.1275e-05  |      ---           ---           ---     
n=06:                                8.7394e+07    -1.3790e+07   +1.8083e-04  |      ---           ---           ---     
