--- multipoles on reference trajectory (rz > 0) ---
effective_length:                   436.2715430883341 mm
perpendicular_grid:                 41 points in [-10.000000,+10.000000] mm
max_fitting_error_normal            0.042/3398.315 G/G
max_fitting_error_skew              341.440/341.440 G/G
r0_for_relative_multipoles          12 mm
main_monomial                       n = 0, skew:False
                                       Nn(s=0)      Integ_Nn     Nn/N0(@r0)   |    Sn(s=0)      Integ_Sn     Sn/S0(@r0)  
<multipole_order n>                    [T/m^n]      [T.m/m^n]        []       |    [T/m^n]      [T.m/m^n]        []      
n=00:                                5.5205e-01    -2.4084e-01   +1.0000e+00  |      ---           ---           ---     
n=01:                                7.2243e+00    +3.2351e+00   -1.6119e-01  |      ---           ---           ---     
n=02:                                6.6280e+00    +1.0764e+00   -6.4358e-04  |      ---           ---           ---     
n=03:                                5.3973e+01    -2.1254e+01   +1.5249e-04  |      ---           ---           ---     
n=04:                                1.1148e+04    -2.5425e+03   +2.1891e-04  |      ---           ---           ---     
n=05:                                2.6730e+04    -5.1945e+04   +5.3668e-05  |      ---           ---           ---     
n=06:                                5.9769e+07    +9.6958e+06   -1.2021e-04  |      ---           ---           ---     
