--- multipoles on reference trajectory (rz > 0) ---
effective_length:                   436.68588377448503 mm
perpendicular_grid:                 41 points in [-10.000000,+10.000000] mm
max_fitting_error_normal            0.033/4631.194 G/G
max_fitting_error_skew              320.064/320.064 G/G
r0_for_relative_multipoles          12 mm
main_monomial                       n = 0, skew:False
                                       Nn(s=0)      Integ_Nn     Nn/N0(@r0)   |    Sn(s=0)      Integ_Sn     Sn/S0(@r0)  
<multipole_order n>                    [T/m^n]      [T.m/m^n]        []       |    [T/m^n]      [T.m/m^n]        []      
n=00:                                5.2409e-01    -2.2886e-01   +1.0000e+00  |      ---           ---           ---     
n=01:                                6.8594e+00    +3.0677e+00   -1.6085e-01  |      ---           ---           ---     
n=02:                                5.1234e+00    +8.2636e-01   -5.1994e-04  |      ---           ---           ---     
n=03:                                3.8002e+01    -1.5965e+01   +1.2054e-04  |      ---           ---           ---     
n=04:                                8.8550e+02    +4.8137e+02   -4.3614e-05  |      ---           ---           ---     
n=05:                                6.3505e+05    -5.3216e+04   +5.7859e-05  |      ---           ---           ---     
n=06:                                1.3518e+07    -1.4246e+06   +1.8587e-05  |      ---           ---           ---     
