--- multipoles on reference trajectory (rz > 0) ---
effective_length:                   435.6604516971025 mm
perpendicular_grid:                 41 points in [-10.000000,+10.000000] mm
max_fitting_error_normal            0.060/5095.431 G/G
max_fitting_error_skew              351.778/351.778 G/G
r0_for_relative_multipoles          12 mm
main_monomial                       n = 0, skew:False
                                       Nn(s=0)      Integ_Nn     Nn/N0(@r0)   |    Sn(s=0)      Integ_Sn     Sn/S0(@r0)  
<multipole_order n>                    [T/m^n]      [T.m/m^n]        []       |    [T/m^n]      [T.m/m^n]        []      
n=00:                                5.7753e-01    -2.5161e-01   +1.0000e+00  |      ---           ---           ---     
n=01:                                7.5877e+00    +3.3786e+00   -1.6114e-01  |      ---           ---           ---     
n=02:                                4.9885e+00    +8.3758e-01   -4.7936e-04  |      ---           ---           ---     
n=03:                                9.1900e-02    -3.5646e+01   +2.4481e-04  |      ---           ---           ---     
n=04:                                2.4765e+04    +6.8577e+03   -5.6517e-04  |      ---           ---           ---     
n=05:                                3.9509e+05    +4.2379e+04   -4.1911e-05  |      ---           ---           ---     
n=06:                                1.5317e+08    -4.6185e+07   +5.4811e-04  |      ---           ---           ---     
