--- multipoles on reference trajectory (rz > 0) ---
effective_length:                   433.7368854524774 mm
perpendicular_grid:                 41 points in [-10.000000,+10.000000] mm
max_fitting_error_normal            0.034/4648.788 G/G
max_fitting_error_skew              322.370/322.370 G/G
r0_for_relative_multipoles          12 mm
main_monomial                       n = 0, skew:False
                                       Nn(s=0)      Integ_Nn     Nn/N0(@r0)   |    Sn(s=0)      Integ_Sn     Sn/S0(@r0)  
<multipole_order n>                    [T/m^n]      [T.m/m^n]        []       |    [T/m^n]      [T.m/m^n]        []      
n=00:                                5.2754e-01    -2.2881e-01   +1.0000e+00  |      ---           ---           ---     
n=01:                                6.9294e+00    +3.0615e+00   -1.6056e-01  |      ---           ---           ---     
n=02:                                3.6726e+00    +8.5526e-01   -5.3824e-04  |      ---           ---           ---     
n=03:                                1.0099e+02    -3.3394e+01   +2.5219e-04  |      ---           ---           ---     
n=04:                                1.3758e+04    +1.8936e+02   -1.7161e-05  |      ---           ---           ---     
n=05:                                3.6295e+05    +2.8050e+04   -3.0504e-05  |      ---           ---           ---     
n=06:                                9.3588e+07    -6.2782e+06   +8.1930e-05  |      ---           ---           ---     
