--- multipoles on reference trajectory (rz > 0) ---
effective_length:                   433.71646282976525 mm
perpendicular_grid:                 41 points in [-10.000000,+10.000000] mm
max_fitting_error_normal            0.030/4635.958 G/G
max_fitting_error_skew              321.357/321.357 G/G
r0_for_relative_multipoles          12 mm
main_monomial                       n = 0, skew:False
                                       Nn(s=0)      Integ_Nn     Nn/N0(@r0)   |    Sn(s=0)      Integ_Sn     Sn/S0(@r0)  
<multipole_order n>                    [T/m^n]      [T.m/m^n]        []       |    [T/m^n]      [T.m/m^n]        []      
n=00:                                5.2578e-01    -2.2804e-01   +1.0000e+00  |      ---           ---           ---     
n=01:                                6.9313e+00    +3.0620e+00   -1.6113e-01  |      ---           ---           ---     
n=02:                                3.5891e+00    +8.2636e-01   -5.2182e-04  |      ---           ---           ---     
n=03:                                9.2736e+01    -3.3751e+01   +2.5575e-04  |      ---           ---           ---     
n=04:                                1.4508e+04    +3.3916e+02   -3.0840e-05  |      ---           ---           ---     
n=05:                                2.8272e+05    +2.4360e+04   -2.6581e-05  |      ---           ---           ---     
n=06:                                9.6418e+07    -7.2446e+06   +9.4862e-05  |      ---           ---           ---     
