--- multipoles on reference trajectory (rz > 0) ---
effective_length:                   436.9590677413953 mm
perpendicular_grid:                 41 points in [-10.000000,+10.000000] mm
max_fitting_error_normal            0.048/6397.125 G/G
max_fitting_error_skew              347.805/347.805 G/G
r0_for_relative_multipoles          12 mm
main_monomial                       n = 0, skew:False
                                       Nn(s=0)      Integ_Nn     Nn/N0(@r0)   |    Sn(s=0)      Integ_Sn     Sn/S0(@r0)  
<multipole_order n>                    [T/m^n]      [T.m/m^n]        []       |    [T/m^n]      [T.m/m^n]        []      
n=00:                                5.5211e-01    -2.4125e-01   +1.0000e+00  |      ---           ---           ---     
n=01:                                7.2097e+00    +3.2309e+00   -1.6071e-01  |      ---           ---           ---     
n=02:                                5.1548e+00    +8.8473e-01   -5.2809e-04  |      ---           ---           ---     
n=03:                                1.1340e+01    -3.8552e+01   +2.7614e-04  |      ---           ---           ---     
n=04:                                1.4372e+04    +2.5337e+03   -2.1777e-04  |      ---           ---           ---     
n=05:                                4.7899e+05    +4.8806e+04   -5.0340e-05  |      ---           ---           ---     
n=06:                                6.8499e+07    -1.5494e+07   +1.9177e-04  |      ---           ---           ---     
