--- multipoles on reference trajectory (rz > 0) ---
effective_length:                   436.2071224160567 mm
perpendicular_grid:                 41 points in [-10.000000,+10.000000] mm
max_fitting_error_normal            0.019/4857.977 G/G
max_fitting_error_skew              338.379/338.379 G/G
r0_for_relative_multipoles          12 mm
main_monomial                       n = 0, skew:False
                                       Nn(s=0)      Integ_Nn     Nn/N0(@r0)   |    Sn(s=0)      Integ_Sn     Sn/S0(@r0)  
<multipole_order n>                    [T/m^n]      [T.m/m^n]        []       |    [T/m^n]      [T.m/m^n]        []      
n=00:                                5.4942e-01    -2.3966e-01   +1.0000e+00  |      ---           ---           ---     
n=01:                                7.1855e+00    +3.2222e+00   -1.6134e-01  |      ---           ---           ---     
n=02:                                6.0406e+00    +1.0428e+00   -6.2656e-04  |      ---           ---           ---     
n=03:                                2.3874e+01    -1.2397e+01   +8.9386e-05  |      ---           ---           ---     
n=04:                                2.2689e+03    -2.4544e+02   +2.1236e-05  |      ---           ---           ---     
n=05:                                1.6136e+05    -6.6626e+04   +6.9177e-05  |      ---           ---           ---     
n=06:                                5.7697e+06    -6.8462e+05   +8.5299e-06  |      ---           ---           ---     
