--- multipoles on reference trajectory (rz > 0) ---
effective_length:                   435.89062669157613 mm
perpendicular_grid:                 41 points in [-10.000000,+10.000000] mm
max_fitting_error_normal            0.031/6691.285 G/G
max_fitting_error_skew              358.787/358.787 G/G
r0_for_relative_multipoles          12 mm
main_monomial                       n = 0, skew:False
                                       Nn(s=0)      Integ_Nn     Nn/N0(@r0)   |    Sn(s=0)      Integ_Sn     Sn/S0(@r0)  
<multipole_order n>                    [T/m^n]      [T.m/m^n]        []       |    [T/m^n]      [T.m/m^n]        []      
n=00:                                5.7739e-01    -2.5168e-01   +1.0000e+00  |      ---           ---           ---     
n=01:                                7.5710e+00    +3.3802e+00   -1.6117e-01  |      ---           ---           ---     
n=02:                                6.0130e+00    +1.1527e+00   -6.5953e-04  |      ---           ---           ---     
n=03:                                1.7321e+01    -1.5404e+01   +1.0576e-04  |      ---           ---           ---     
n=04:                                8.7289e+03    -2.3651e+03   +1.9486e-04  |      ---           ---           ---     
n=05:                                5.8361e+05    -1.3410e+05   +1.3259e-04  |      ---           ---           ---     
n=06:                                5.2319e+07    +1.1200e+07   -1.3288e-04  |      ---           ---           ---     
