--- multipoles on reference trajectory (rz > 0) ---
effective_length:                   434.1189764808349 mm
perpendicular_grid:                 41 points in [-10.000000,+10.000000] mm
max_fitting_error_normal            0.041/3787.839 G/G
max_fitting_error_skew              340.395/340.395 G/G
r0_for_relative_multipoles          12 mm
main_monomial                       n = 0, skew:False
                                       Nn(s=0)      Integ_Nn     Nn/N0(@r0)   |    Sn(s=0)      Integ_Sn     Sn/S0(@r0)  
<multipole_order n>                    [T/m^n]      [T.m/m^n]        []       |    [T/m^n]      [T.m/m^n]        []      
n=00:                                5.5417e-01    -2.4057e-01   +1.0000e+00  |      ---           ---           ---     
n=01:                                7.2920e+00    +3.2305e+00   -1.6114e-01  |      ---           ---           ---     
n=02:                                5.2739e+00    +8.2560e-01   -4.9418e-04  |      ---           ---           ---     
n=03:                                1.2186e+02    -3.9621e+01   +2.8459e-04  |      ---           ---           ---     
n=04:                                5.6965e+03    -2.0021e+03   +1.7257e-04  |      ---           ---           ---     
n=05:                                3.6359e+05    +1.7338e+04   -1.7933e-05  |      ---           ---           ---     
n=06:                                4.3083e+07    +1.3180e+07   -1.6359e-04  |      ---           ---           ---     
