--- multipoles on reference trajectory (rz > 0) ---
effective_length:                   435.67979733555677 mm
perpendicular_grid:                 41 points in [-10.000000,+10.000000] mm
max_fitting_error_normal            0.034/5497.684 G/G
max_fitting_error_skew              321.688/321.688 G/G
r0_for_relative_multipoles          12 mm
main_monomial                       n = 0, skew:False
                                       Nn(s=0)      Integ_Nn     Nn/N0(@r0)   |    Sn(s=0)      Integ_Sn     Sn/S0(@r0)  
<multipole_order n>                    [T/m^n]      [T.m/m^n]        []       |    [T/m^n]      [T.m/m^n]        []      
n=00:                                5.2474e-01    -2.2862e-01   +1.0000e+00  |      ---           ---           ---     
n=01:                                6.8565e+00    +3.0626e+00   -1.6075e-01  |      ---           ---           ---     
n=02:                                5.0034e+00    +8.0990e-01   -5.1013e-04  |      ---           ---           ---     
n=03:                                1.8574e+01    -2.4687e+01   +1.8659e-04  |      ---           ---           ---     
n=04:                                2.8013e+03    +1.8157e+02   -1.6469e-05  |      ---           ---           ---     
n=05:                                5.0927e+05    -4.7548e+04   +5.1752e-05  |      ---           ---           ---     
n=06:                                6.0167e+06    -4.8966e+05   +6.3955e-06  |      ---           ---           ---     
