--- multipoles on reference trajectory (rz > 0) ---
effective_length:                   437.11721278852355 mm
perpendicular_grid:                 41 points in [-10.000000,+10.000000] mm
max_fitting_error_normal            0.037/6402.031 G/G
max_fitting_error_skew              340.482/340.482 G/G
r0_for_relative_multipoles          12 mm
main_monomial                       n = 0, skew:False
                                       Nn(s=0)      Integ_Nn     Nn/N0(@r0)   |    Sn(s=0)      Integ_Sn     Sn/S0(@r0)  
<multipole_order n>                    [T/m^n]      [T.m/m^n]        []       |    [T/m^n]      [T.m/m^n]        []      
n=00:                                5.5124e-01    -2.4096e-01   +1.0000e+00  |      ---           ---           ---     
n=01:                                7.1824e+00    +3.2219e+00   -1.6046e-01  |      ---           ---           ---     
n=02:                                6.0637e+00    +8.6479e-01   -5.1681e-04  |      ---           ---           ---     
n=03:                                2.6336e+01    -3.0908e+01   +2.2165e-04  |      ---           ---           ---     
n=04:                                2.3270e+03    +1.0040e+03   -8.6397e-05  |      ---           ---           ---     
n=05:                                1.5214e+05    +1.1075e+04   -1.1437e-05  |      ---           ---           ---     
n=06:                                4.5979e+06    -6.2273e+06   +7.7170e-05  |      ---           ---           ---     
