--- multipoles on reference trajectory (rz > 0) ---
effective_length:                   436.7194229454216 mm
perpendicular_grid:                 41 points in [-10.000000,+10.000000] mm
max_fitting_error_normal            0.025/6310.822 G/G
max_fitting_error_skew              338.292/338.292 G/G
r0_for_relative_multipoles          12 mm
main_monomial                       n = 0, skew:False
                                       Nn(s=0)      Integ_Nn     Nn/N0(@r0)   |    Sn(s=0)      Integ_Sn     Sn/S0(@r0)  
<multipole_order n>                    [T/m^n]      [T.m/m^n]        []       |    [T/m^n]      [T.m/m^n]        []      
n=00:                                5.5381e-01    -2.4186e-01   +1.0000e+00  |      ---           ---           ---     
n=01:                                7.2274e+00    +3.2360e+00   -1.6056e-01  |      ---           ---           ---     
n=02:                                5.0819e+00    +7.5256e-01   -4.4806e-04  |      ---           ---           ---     
n=03:                                1.9620e+01    -4.4382e+01   +3.1709e-04  |      ---           ---           ---     
n=04:                                4.9565e+03    +1.6082e+03   -1.3788e-04  |      ---           ---           ---     
n=05:                                2.5157e+05    +4.6970e+04   -4.8324e-05  |      ---           ---           ---     
n=06:                                5.4440e+06    -6.7018e+06   +8.2740e-05  |      ---           ---           ---     
