--- multipoles on reference trajectory (rz > 0) ---
effective_length:                   435.90471905550334 mm
perpendicular_grid:                 41 points in [-10.000000,+10.000000] mm
max_fitting_error_normal            0.051/6399.449 G/G
max_fitting_error_skew              334.650/334.650 G/G
r0_for_relative_multipoles          12 mm
main_monomial                       n = 0, skew:False
                                       Nn(s=0)      Integ_Nn     Nn/N0(@r0)   |    Sn(s=0)      Integ_Sn     Sn/S0(@r0)  
<multipole_order n>                    [T/m^n]      [T.m/m^n]        []       |    [T/m^n]      [T.m/m^n]        []      
n=00:                                5.5233e-01    -2.4076e-01   +1.0000e+00  |      ---           ---           ---     
n=01:                                7.2611e+00    +3.2375e+00   -1.6136e-01  |      ---           ---           ---     
n=02:                                5.3720e+00    +1.1134e+00   -6.6594e-04  |      ---           ---           ---     
n=03:                                5.0384e+00    -2.8272e+01   +2.0291e-04  |      ---           ---           ---     
n=04:                                8.2743e+02    -3.9799e+03   +3.4278e-04  |      ---           ---           ---     
n=05:                                2.5469e+05    -3.2616e+04   +3.3709e-05  |      ---           ---           ---     
n=06:                                1.4432e+07    +2.5043e+07   -3.1059e-04  |      ---           ---           ---     
