--- multipoles on reference trajectory (rz > 0) ---
effective_length:                   436.060983320088 mm
perpendicular_grid:                 41 points in [-10.000000,+10.000000] mm
max_fitting_error_normal            0.038/4547.378 G/G
max_fitting_error_skew              334.851/334.851 G/G
r0_for_relative_multipoles          12 mm
main_monomial                       n = 0, skew:False
                                       Nn(s=0)      Integ_Nn     Nn/N0(@r0)   |    Sn(s=0)      Integ_Sn     Sn/S0(@r0)  
<multipole_order n>                    [T/m^n]      [T.m/m^n]        []       |    [T/m^n]      [T.m/m^n]        []      
n=00:                                5.5307e-01    -2.4117e-01   +1.0000e+00  |      ---           ---           ---     
n=01:                                7.2512e+00    +3.2365e+00   -1.6104e-01  |      ---           ---           ---     
n=02:                                5.7349e+00    +7.8441e-01   -4.6836e-04  |      ---           ---           ---     
n=03:                                1.7531e+01    -1.6332e+01   +1.1702e-04  |      ---           ---           ---     
n=04:                                8.1572e+03    +1.7226e+03   -1.4811e-04  |      ---           ---           ---     
n=05:                                5.2101e+05    -1.1538e+05   +1.1904e-04  |      ---           ---           ---     
n=06:                                4.2034e+07    -1.3381e+07   +1.6568e-04  |      ---           ---           ---     
