--- multipoles on reference trajectory (rz > 0) ---
effective_length:                   436.7347730264266 mm
perpendicular_grid:                 41 points in [-10.000000,+10.000000] mm
max_fitting_error_normal            0.023/6372.196 G/G
max_fitting_error_skew              336.412/336.412 G/G
r0_for_relative_multipoles          12 mm
main_monomial                       n = 0, skew:False
                                       Nn(s=0)      Integ_Nn     Nn/N0(@r0)   |    Sn(s=0)      Integ_Sn     Sn/S0(@r0)  
<multipole_order n>                    [T/m^n]      [T.m/m^n]        []       |    [T/m^n]      [T.m/m^n]        []      
n=00:                                5.4987e-01    -2.4015e-01   +1.0000e+00  |      ---           ---           ---     
n=01:                                7.2188e+00    +3.2283e+00   -1.6132e-01  |      ---           ---           ---     
n=02:                                5.2373e+00    +1.0349e+00   -6.2053e-04  |      ---           ---           ---     
n=03:                                1.0797e+02    -4.0074e+01   +2.8835e-04  |      ---           ---           ---     
n=04:                                4.0889e+03    -1.1310e+03   +9.7658e-05  |      ---           ---           ---     
n=05:                                1.5183e+05    +1.6137e+04   -1.6721e-05  |      ---           ---           ---     
n=06:                                1.3579e+07    +3.6546e+06   -4.5441e-05  |      ---           ---           ---     
