--- multipoles on reference trajectory (rz > 0) ---
effective_length:                   434.785557168897 mm
perpendicular_grid:                 41 points in [-10.000000,+10.000000] mm
max_fitting_error_normal            0.035/4885.279 G/G
max_fitting_error_skew              357.954/357.954 G/G
r0_for_relative_multipoles          12 mm
main_monomial                       n = 0, skew:False
                                       Nn(s=0)      Integ_Nn     Nn/N0(@r0)   |    Sn(s=0)      Integ_Sn     Sn/S0(@r0)  
<multipole_order n>                    [T/m^n]      [T.m/m^n]        []       |    [T/m^n]      [T.m/m^n]        []      
n=00:                                5.5382e-01    -2.4079e-01   +1.0000e+00  |      ---           ---           ---     
n=01:                                7.2838e+00    +3.2303e+00   -1.6098e-01  |      ---           ---           ---     
n=02:                                5.2980e+00    +8.4041e-01   -5.0259e-04  |      ---           ---           ---     
n=03:                                3.4528e+01    -2.7768e+01   +1.9927e-04  |      ---           ---           ---     
n=04:                                1.2091e+04    +5.1976e+01   -4.4760e-06  |      ---           ---           ---     
n=05:                                1.3103e+05    -4.3099e+04   +4.4539e-05  |      ---           ---           ---     
n=06:                                8.2179e+07    -4.2398e+05   +5.2577e-06  |      ---           ---           ---     
