--- multipoles on reference trajectory (rz > 0) ---
effective_length:                   434.6747298509172 mm
perpendicular_grid:                 41 points in [-10.000000,+10.000000] mm
max_fitting_error_normal            0.071/4668.938 G/G
max_fitting_error_skew              335.225/335.225 G/G
r0_for_relative_multipoles          12 mm
main_monomial                       n = 0, skew:False
                                       Nn(s=0)      Integ_Nn     Nn/N0(@r0)   |    Sn(s=0)      Integ_Sn     Sn/S0(@r0)  
<multipole_order n>                    [T/m^n]      [T.m/m^n]        []       |    [T/m^n]      [T.m/m^n]        []      
n=00:                                5.5272e-01    -2.4025e-01   +1.0000e+00  |      ---           ---           ---     
n=01:                                7.2406e+00    +3.2113e+00   -1.6040e-01  |      ---           ---           ---     
n=02:                                6.2591e+00    +1.0179e+00   -6.1012e-04  |      ---           ---           ---     
n=03:                                1.7565e+01    +4.2126e+00   -3.0299e-05  |      ---           ---           ---     
n=04:                                2.4010e+04    -1.7951e+03   +1.5493e-04  |      ---           ---           ---     
n=05:                                5.5839e+05    -2.8971e+05   +3.0005e-04  |      ---           ---           ---     
n=06:                                1.3840e+08    +5.7347e+06   -7.1274e-05  |      ---           ---           ---     
