--- multipoles on reference trajectory (rz > 0) ---
effective_length:                   434.75471249947014 mm
perpendicular_grid:                 41 points in [-10.000000,+10.000000] mm
max_fitting_error_normal            0.045/3407.176 G/G
max_fitting_error_skew              339.364/339.364 G/G
r0_for_relative_multipoles          12 mm
main_monomial                       n = 0, skew:False
                                       Nn(s=0)      Integ_Nn     Nn/N0(@r0)   |    Sn(s=0)      Integ_Sn     Sn/S0(@r0)  
<multipole_order n>                    [T/m^n]      [T.m/m^n]        []       |    [T/m^n]      [T.m/m^n]        []      
n=00:                                5.2607e-01    -2.2871e-01   +1.0000e+00  |      ---           ---           ---     
n=01:                                6.8982e+00    +3.0589e+00   -1.6049e-01  |      ---           ---           ---     
n=02:                                4.7810e+00    +7.2935e-01   -4.5921e-04  |      ---           ---           ---     
n=03:                                3.4871e+01    -2.4471e+01   +1.8489e-04  |      ---           ---           ---     
n=04:                                1.2391e+04    -4.8821e+02   +4.4264e-05  |      ---           ---           ---     
n=05:                                3.8812e+04    -4.7233e+04   +5.1388e-05  |      ---           ---           ---     
n=06:                                9.0339e+07    +6.5962e+06   -8.6118e-05  |      ---           ---           ---     
