--- multipoles on reference trajectory (rz > 0) ---
effective_length:                   434.57120767164963 mm
perpendicular_grid:                 41 points in [-10.000000,+10.000000] mm
max_fitting_error_normal            0.049/6090.094 G/G
max_fitting_error_skew              326.864/326.864 G/G
r0_for_relative_multipoles          12 mm
main_monomial                       n = 0, skew:False
                                       Nn(s=0)      Integ_Nn     Nn/N0(@r0)   |    Sn(s=0)      Integ_Sn     Sn/S0(@r0)  
<multipole_order n>                    [T/m^n]      [T.m/m^n]        []       |    [T/m^n]      [T.m/m^n]        []      
n=00:                                5.2647e-01    -2.2879e-01   +1.0000e+00  |      ---           ---           ---     
n=01:                                6.9118e+00    +3.0667e+00   -1.6085e-01  |      ---           ---           ---     
n=02:                                4.6759e+00    +1.0280e+00   -6.4702e-04  |      ---           ---           ---     
n=03:                                8.0699e+01    -3.7513e+01   +2.8333e-04  |      ---           ---           ---     
n=04:                                8.0374e+03    -5.7750e+02   +5.2341e-05  |      ---           ---           ---     
n=05:                                2.8150e+05    +1.1440e+05   -1.2442e-04  |      ---           ---           ---     
n=06:                                5.7325e+07    -2.4299e+06   +3.1713e-05  |      ---           ---           ---     
