--- multipoles on reference trajectory (rz > 0) ---
effective_length:                   434.4494727600073 mm
perpendicular_grid:                 41 points in [-10.000000,+10.000000] mm
max_fitting_error_normal            0.044/4788.529 G/G
max_fitting_error_skew              320.551/320.551 G/G
r0_for_relative_multipoles          12 mm
main_monomial                       n = 0, skew:False
                                       Nn(s=0)      Integ_Nn     Nn/N0(@r0)   |    Sn(s=0)      Integ_Sn     Sn/S0(@r0)  
<multipole_order n>                    [T/m^n]      [T.m/m^n]        []       |    [T/m^n]      [T.m/m^n]        []      
n=00:                                5.2682e-01    -2.2888e-01   +1.0000e+00  |      ---           ---           ---     
n=01:                                6.9058e+00    +3.0633e+00   -1.6061e-01  |      ---           ---           ---     
n=02:                                4.3969e+00    +9.6933e-01   -6.0987e-04  |      ---           ---           ---     
n=03:                                5.9185e+01    -2.1642e+01   +1.6340e-04  |      ---           ---           ---     
n=04:                                1.3531e+04    -9.2733e+02   +8.4016e-05  |      ---           ---           ---     
n=05:                                1.3794e+05    -4.4487e+04   +4.8365e-05  |      ---           ---           ---     
n=06:                                7.1255e+07    +4.6623e+06   -6.0826e-05  |      ---           ---           ---     
