--- multipoles on reference trajectory (rz > 0) ---
effective_length:                   435.377342465342 mm
perpendicular_grid:                 41 points in [-10.000000,+10.000000] mm
max_fitting_error_normal            0.032/6385.227 G/G
max_fitting_error_skew              351.315/351.315 G/G
r0_for_relative_multipoles          12 mm
main_monomial                       n = 0, skew:False
                                       Nn(s=0)      Integ_Nn     Nn/N0(@r0)   |    Sn(s=0)      Integ_Sn     Sn/S0(@r0)  
<multipole_order n>                    [T/m^n]      [T.m/m^n]        []       |    [T/m^n]      [T.m/m^n]        []      
n=00:                                5.5079e-01    -2.3980e-01   +1.0000e+00  |      ---           ---           ---     
n=01:                                7.2167e+00    +3.2156e+00   -1.6091e-01  |      ---           ---           ---     
n=02:                                5.8656e+00    +9.0951e-01   -5.4616e-04  |      ---           ---           ---     
n=03:                                2.6782e+00    -1.3191e+01   +9.5052e-05  |      ---           ---           ---     
n=04:                                4.7511e+03    -1.2525e+03   +1.0831e-04  |      ---           ---           ---     
n=05:                                2.1843e+05    -6.1704e+04   +6.4027e-05  |      ---           ---           ---     
n=06:                                2.2114e+07    +4.7071e+06   -5.8612e-05  |      ---           ---           ---     
