--- multipoles on reference trajectory (rz > 0) ---
effective_length:                   434.3434792867616 mm
perpendicular_grid:                 41 points in [-10.000000,+10.000000] mm
max_fitting_error_normal            0.030/3777.839 G/G
max_fitting_error_skew              315.736/315.736 G/G
r0_for_relative_multipoles          12 mm
main_monomial                       n = 0, skew:False
                                       Nn(s=0)      Integ_Nn     Nn/N0(@r0)   |    Sn(s=0)      Integ_Sn     Sn/S0(@r0)  
<multipole_order n>                    [T/m^n]      [T.m/m^n]        []       |    [T/m^n]      [T.m/m^n]        []      
n=00:                                5.2419e-01    -2.2768e-01   +1.0000e+00  |      ---           ---           ---     
n=01:                                6.8972e+00    +3.0620e+00   -1.6138e-01  |      ---           ---           ---     
n=02:                                4.7026e+00    +7.5231e-01   -4.7581e-04  |      ---           ---           ---     
n=03:                                7.5786e+01    -4.0883e+01   +3.1028e-04  |      ---           ---           ---     
n=04:                                6.6849e+02    +1.5109e+03   -1.3761e-04  |      ---           ---           ---     
n=05:                                1.7093e+05    +4.4415e+04   -4.8541e-05  |      ---           ---           ---     
n=06:                                1.4897e+07    -7.0216e+06   +9.2087e-05  |      ---           ---           ---     
