--- multipoles on reference trajectory (rz > 0) ---
effective_length:                   435.6428364363795 mm
perpendicular_grid:                 41 points in [-10.000000,+10.000000] mm
max_fitting_error_normal            0.048/4866.443 G/G
max_fitting_error_skew              335.048/335.048 G/G
r0_for_relative_multipoles          12 mm
main_monomial                       n = 0, skew:False
                                       Nn(s=0)      Integ_Nn     Nn/N0(@r0)   |    Sn(s=0)      Integ_Sn     Sn/S0(@r0)  
<multipole_order n>                    [T/m^n]      [T.m/m^n]        []       |    [T/m^n]      [T.m/m^n]        []      
n=00:                                5.5100e-01    -2.4004e-01   +1.0000e+00  |      ---           ---           ---     
n=01:                                7.2418e+00    +3.2238e+00   -1.6116e-01  |      ---           ---           ---     
n=02:                                4.4792e+00    +8.4836e-01   -5.0893e-04  |      ---           ---           ---     
n=03:                                6.4095e+00    -3.5832e+01   +2.5795e-04  |      ---           ---           ---     
n=04:                                2.0514e+04    +2.3077e+03   -1.9935e-04  |      ---           ---           ---     
n=05:                                4.8643e+05    +1.7674e+04   -1.8321e-05  |      ---           ---           ---     
n=06:                                1.1517e+08    -1.1585e+07   +1.4411e-04  |      ---           ---           ---     
