--- multipoles on reference trajectory (rz > 0) ---
effective_length:                   436.15633783239326 mm
perpendicular_grid:                 41 points in [-10.000000,+10.000000] mm
max_fitting_error_normal            0.038/5007.782 G/G
max_fitting_error_skew              344.739/344.739 G/G
r0_for_relative_multipoles          12 mm
main_monomial                       n = 0, skew:False
                                       Nn(s=0)      Integ_Nn     Nn/N0(@r0)   |    Sn(s=0)      Integ_Sn     Sn/S0(@r0)  
<multipole_order n>                    [T/m^n]      [T.m/m^n]        []       |    [T/m^n]      [T.m/m^n]        []      
n=00:                                5.7670e-01    -2.5153e-01   +1.0000e+00  |      ---           ---           ---     
n=01:                                7.5403e+00    +3.3739e+00   -1.6096e-01  |      ---           ---           ---     
n=02:                                6.0193e+00    +9.0819e-01   -5.1993e-04  |      ---           ---           ---     
n=03:                                1.2626e+02    -4.1091e+01   +2.8229e-04  |      ---           ---           ---     
n=04:                                6.8835e+03    -6.7500e+02   +5.5646e-05  |      ---           ---           ---     
n=05:                                4.2026e+05    +1.5561e+04   -1.5394e-05  |      ---           ---           ---     
n=06:                                7.4093e+07    +6.7014e+06   -7.9553e-05  |      ---           ---           ---     
