--- multipoles on reference trajectory (rz > 0) ---
effective_length:                   434.31674024701914 mm
perpendicular_grid:                 41 points in [-10.000000,+10.000000] mm
max_fitting_error_normal            0.067/6406.112 G/G
max_fitting_error_skew              344.544/344.544 G/G
r0_for_relative_multipoles          12 mm
main_monomial                       n = 0, skew:False
                                       Nn(s=0)      Integ_Nn     Nn/N0(@r0)   |    Sn(s=0)      Integ_Sn     Sn/S0(@r0)  
<multipole_order n>                    [T/m^n]      [T.m/m^n]        []       |    [T/m^n]      [T.m/m^n]        []      
n=00:                                5.5418e-01    -2.4069e-01   +1.0000e+00  |      ---           ---           ---     
n=01:                                7.2940e+00    +3.2341e+00   -1.6124e-01  |      ---           ---           ---     
n=02:                                4.1324e+00    +6.6099e-01   -3.9546e-04  |      ---           ---           ---     
n=03:                                4.4382e+00    -2.8923e+01   +2.0765e-04  |      ---           ---           ---     
n=04:                                2.1780e+04    +4.9961e+03   -4.3042e-04  |      ---           ---           ---     
n=05:                                2.3342e+05    +3.4943e+04   -3.6125e-05  |      ---           ---           ---     
n=06:                                1.1514e+08    -2.8638e+07   +3.5528e-04  |      ---           ---           ---     
