--- multipoles on reference trajectory (rz > 0) ---
effective_length:                   434.62063413112827 mm
perpendicular_grid:                 41 points in [-10.000000,+10.000000] mm
max_fitting_error_normal            0.043/4871.876 G/G
max_fitting_error_skew              347.093/347.093 G/G
r0_for_relative_multipoles          12 mm
main_monomial                       n = 0, skew:False
                                       Nn(s=0)      Integ_Nn     Nn/N0(@r0)   |    Sn(s=0)      Integ_Sn     Sn/S0(@r0)  
<multipole_order n>                    [T/m^n]      [T.m/m^n]        []       |    [T/m^n]      [T.m/m^n]        []      
n=00:                                5.5303e-01    -2.4036e-01   +1.0000e+00  |      ---           ---           ---     
n=01:                                7.2512e+00    +3.2204e+00   -1.6078e-01  |      ---           ---           ---     
n=02:                                5.0494e+00    +7.1227e-01   -4.2672e-04  |      ---           ---           ---     
n=03:                                1.9617e+01    -3.0907e+01   +2.2219e-04  |      ---           ---           ---     
n=04:                                4.1320e+03    +4.1529e+03   -3.5827e-04  |      ---           ---           ---     
n=05:                                4.4725e+05    -1.3561e+04   +1.4038e-05  |      ---           ---           ---     
n=06:                                2.2574e+07    -2.2254e+07   +2.7645e-04  |      ---           ---           ---     
