--- multipoles on reference trajectory (rz > 0) ---
effective_length:                   436.7303141161785 mm
perpendicular_grid:                 41 points in [-10.000000,+10.000000] mm
max_fitting_error_normal            0.027/5114.377 G/G
max_fitting_error_skew              352.906/352.906 G/G
r0_for_relative_multipoles          12 mm
main_monomial                       n = 0, skew:False
                                       Nn(s=0)      Integ_Nn     Nn/N0(@r0)   |    Sn(s=0)      Integ_Sn     Sn/S0(@r0)  
<multipole_order n>                    [T/m^n]      [T.m/m^n]        []       |    [T/m^n]      [T.m/m^n]        []      
n=00:                                5.7664e-01    -2.5184e-01   +1.0000e+00  |      ---           ---           ---     
n=01:                                7.5456e+00    +3.3771e+00   -1.6092e-01  |      ---           ---           ---     
n=02:                                6.3703e+00    +9.4499e-01   -5.4034e-04  |      ---           ---           ---     
n=03:                                4.4043e+01    -1.9467e+01   +1.3358e-04  |      ---           ---           ---     
n=04:                                7.3947e+03    -1.0683e+03   +8.7963e-05  |      ---           ---           ---     
n=05:                                5.2277e+04    -6.4622e+04   +6.3851e-05  |      ---           ---           ---     
n=06:                                5.1488e+07    +9.2493e+06   -1.0967e-04  |      ---           ---           ---     
