--- multipoles on reference trajectory (rz > 0) ---
effective_length:                   436.2078493379508 mm
perpendicular_grid:                 41 points in [-10.000000,+10.000000] mm
max_fitting_error_normal            0.028/6076.374 G/G
max_fitting_error_skew              322.269/322.269 G/G
r0_for_relative_multipoles          12 mm
main_monomial                       n = 0, skew:False
                                       Nn(s=0)      Integ_Nn     Nn/N0(@r0)   |    Sn(s=0)      Integ_Sn     Sn/S0(@r0)  
<multipole_order n>                    [T/m^n]      [T.m/m^n]        []       |    [T/m^n]      [T.m/m^n]        []      
n=00:                                5.2415e-01    -2.2864e-01   +1.0000e+00  |      ---           ---           ---     
n=01:                                6.8361e+00    +3.0651e+00   -1.6087e-01  |      ---           ---           ---     
n=02:                                5.9037e+00    +9.4293e-01   -5.9387e-04  |      ---           ---           ---     
n=03:                                9.8402e+00    -1.5069e+01   +1.1389e-04  |      ---           ---           ---     
n=04:                                1.5918e+03    -1.5432e+02   +1.3996e-05  |      ---           ---           ---     
n=05:                                1.7864e+05    -4.4746e+04   +4.8699e-05  |      ---           ---           ---     
n=06:                                6.9596e+06    -1.8314e+06   +2.3918e-05  |      ---           ---           ---     
