--- multipoles on reference trajectory (rz > 0) ---
effective_length:                   436.6974351988817 mm
perpendicular_grid:                 41 points in [-10.000000,+10.000000] mm
max_fitting_error_normal            0.030/4865.952 G/G
max_fitting_error_skew              329.703/329.703 G/G
r0_for_relative_multipoles          12 mm
main_monomial                       n = 0, skew:False
                                       Nn(s=0)      Integ_Nn     Nn/N0(@r0)   |    Sn(s=0)      Integ_Sn     Sn/S0(@r0)  
<multipole_order n>                    [T/m^n]      [T.m/m^n]        []       |    [T/m^n]      [T.m/m^n]        []      
n=00:                                5.5143e-01    -2.4081e-01   +1.0000e+00  |      ---           ---           ---     
n=01:                                7.1919e+00    +3.2193e+00   -1.6043e-01  |      ---           ---           ---     
n=02:                                5.5070e+00    +8.9794e-01   -5.3696e-04  |      ---           ---           ---     
n=03:                                6.3497e+01    -3.0406e+01   +2.1819e-04  |      ---           ---           ---     
n=04:                                5.5060e+03    -2.6813e+03   +2.3089e-04  |      ---           ---           ---     
n=05:                                6.4913e+04    -4.6732e+03   +4.8289e-06  |      ---           ---           ---     
n=06:                                5.7327e+07    +1.8508e+07   -2.2949e-04  |      ---           ---           ---     
