--- multipoles on reference trajectory (rz > 0) ---
effective_length:                   435.0764555111617 mm
perpendicular_grid:                 41 points in [-10.000000,+10.000000] mm
max_fitting_error_normal            0.033/6695.967 G/G
max_fitting_error_skew              355.935/355.935 G/G
r0_for_relative_multipoles          12 mm
main_monomial                       n = 0, skew:False
                                       Nn(s=0)      Integ_Nn     Nn/N0(@r0)   |    Sn(s=0)      Integ_Sn     Sn/S0(@r0)  
<multipole_order n>                    [T/m^n]      [T.m/m^n]        []       |    [T/m^n]      [T.m/m^n]        []      
n=00:                                5.7739e-01    -2.5121e-01   +1.0000e+00  |      ---           ---           ---     
n=01:                                7.5710e+00    +3.3678e+00   -1.6088e-01  |      ---           ---           ---     
n=02:                                6.0130e+00    +9.4081e-01   -5.3930e-04  |      ---           ---           ---     
n=03:                                1.7321e+01    -1.7555e+01   +1.2076e-04  |      ---           ---           ---     
n=04:                                8.7289e+03    -5.6567e+01   +4.6694e-06  |      ---           ---           ---     
n=05:                                5.8361e+05    -1.6190e+05   +1.6037e-04  |      ---           ---           ---     
n=06:                                5.2319e+07    +1.3656e+06   -1.6232e-05  |      ---           ---           ---     
