--- multipoles on reference trajectory (rz > 0) ---
effective_length:                   435.69431335804074 mm
perpendicular_grid:                 41 points in [-10.000000,+10.000000] mm
max_fitting_error_normal            0.061/4620.457 G/G
max_fitting_error_skew              329.213/329.213 G/G
r0_for_relative_multipoles          12 mm
main_monomial                       n = 0, skew:False
                                       Nn(s=0)      Integ_Nn     Nn/N0(@r0)   |    Sn(s=0)      Integ_Sn     Sn/S0(@r0)  
<multipole_order n>                    [T/m^n]      [T.m/m^n]        []       |    [T/m^n]      [T.m/m^n]        []      
n=00:                                5.2335e-01    -2.2802e-01   +1.0000e+00  |      ---           ---           ---     
n=01:                                6.8768e+00    +3.0655e+00   -1.6133e-01  |      ---           ---           ---     
n=02:                                4.4185e+00    +8.0395e-01   -5.0771e-04  |      ---           ---           ---     
n=03:                                4.8118e+01    -3.3059e+01   +2.5053e-04  |      ---           ---           ---     
n=04:                                1.3717e+04    +1.4055e+03   -1.2782e-04  |      ---           ---           ---     
n=05:                                1.8714e+04    +4.5244e+04   -4.9374e-05  |      ---           ---           ---     
n=06:                                7.1084e+07    -8.5242e+06   +1.1163e-04  |      ---           ---           ---     
