--- multipoles on reference trajectory (rz > 0) ---
effective_length:                   436.6952474773775 mm
perpendicular_grid:                 41 points in [-10.000000,+10.000000] mm
max_fitting_error_normal            0.033/4635.240 G/G
max_fitting_error_skew              320.372/320.372 G/G
r0_for_relative_multipoles          12 mm
main_monomial                       n = 0, skew:False
                                       Nn(s=0)      Integ_Nn     Nn/N0(@r0)   |    Sn(s=0)      Integ_Sn     Sn/S0(@r0)  
<multipole_order n>                    [T/m^n]      [T.m/m^n]        []       |    [T/m^n]      [T.m/m^n]        []      
n=00:                                5.2464e-01    -2.2911e-01   +1.0000e+00  |      ---           ---           ---     
n=01:                                6.8586e+00    +3.0676e+00   -1.6067e-01  |      ---           ---           ---     
n=02:                                5.1061e+00    +8.3052e-01   -5.2200e-04  |      ---           ---           ---     
n=03:                                3.7913e+01    -1.6206e+01   +1.2223e-04  |      ---           ---           ---     
n=04:                                3.4149e+02    +4.9187e+02   -4.4518e-05  |      ---           ---           ---     
n=05:                                6.3793e+05    -5.1654e+04   +5.6100e-05  |      ---           ---           ---     
n=06:                                1.1110e+07    -1.3381e+06   +1.7439e-05  |      ---           ---           ---     
