--- multipoles on reference trajectory (rz > 0) ---
effective_length:                   435.4241874060452 mm
perpendicular_grid:                 41 points in [-10.000000,+10.000000] mm
max_fitting_error_normal            0.044/6419.967 G/G
max_fitting_error_skew              346.338/346.338 G/G
r0_for_relative_multipoles          12 mm
main_monomial                       n = 0, skew:False
                                       Nn(s=0)      Integ_Nn     Nn/N0(@r0)   |    Sn(s=0)      Integ_Sn     Sn/S0(@r0)  
<multipole_order n>                    [T/m^n]      [T.m/m^n]        []       |    [T/m^n]      [T.m/m^n]        []      
n=00:                                5.5454e-01    -2.4146e-01   +1.0000e+00  |      ---           ---           ---     
n=01:                                7.2592e+00    +3.2360e+00   -1.6082e-01  |      ---           ---           ---     
n=02:                                5.9513e+00    +1.2469e+00   -7.4359e-04  |      ---           ---           ---     
n=03:                                1.2589e+02    -4.3399e+01   +3.1058e-04  |      ---           ---           ---     
n=04:                                5.8818e+03    -2.9998e+03   +2.5762e-04  |      ---           ---           ---     
n=05:                                5.5729e+05    +1.0659e+05   -1.0984e-04  |      ---           ---           ---     
n=06:                                2.8408e+07    +1.1607e+07   -1.4353e-04  |      ---           ---           ---     
