--- multipoles on reference trajectory (rz > 0) ---
effective_length:                   433.9477177595194 mm
perpendicular_grid:                 41 points in [-10.000000,+10.000000] mm
max_fitting_error_normal            0.058/6694.837 G/G
max_fitting_error_skew              355.663/355.663 G/G
r0_for_relative_multipoles          12 mm
main_monomial                       n = 0, skew:False
                                       Nn(s=0)      Integ_Nn     Nn/N0(@r0)   |    Sn(s=0)      Integ_Sn     Sn/S0(@r0)  
<multipole_order n>                    [T/m^n]      [T.m/m^n]        []       |    [T/m^n]      [T.m/m^n]        []      
n=00:                                5.7904e-01    -2.5127e-01   +1.0000e+00  |      ---           ---           ---     
n=01:                                7.5933e+00    +3.3716e+00   -1.6102e-01  |      ---           ---           ---     
n=02:                                5.9847e+00    +1.0004e+00   -5.7333e-04  |      ---           ---           ---     
n=03:                                3.7358e+01    -3.2209e+01   +2.2150e-04  |      ---           ---           ---     
n=04:                                8.8399e+03    -3.1619e+03   +2.6093e-04  |      ---           ---           ---     
n=05:                                2.4077e+05    -5.1000e+04   +5.0504e-05  |      ---           ---           ---     
n=06:                                6.7156e+07    +2.0800e+07   -2.4717e-04  |      ---           ---           ---     
