--- multipoles on reference trajectory (rz > 0) ---
effective_length:                   435.38077210066956 mm
perpendicular_grid:                 41 points in [-10.000000,+10.000000] mm
max_fitting_error_normal            0.044/4629.318 G/G
max_fitting_error_skew              327.518/327.518 G/G
r0_for_relative_multipoles          12 mm
main_monomial                       n = 0, skew:False
                                       Nn(s=0)      Integ_Nn     Nn/N0(@r0)   |    Sn(s=0)      Integ_Sn     Sn/S0(@r0)  
<multipole_order n>                    [T/m^n]      [T.m/m^n]        []       |    [T/m^n]      [T.m/m^n]        []      
n=00:                                5.2548e-01    -2.2878e-01   +1.0000e+00  |      ---           ---           ---     
n=01:                                6.8813e+00    +3.0635e+00   -1.6069e-01  |      ---           ---           ---     
n=02:                                3.8966e+00    +6.8359e-01   -4.3026e-04  |      ---           ---           ---     
n=03:                                4.8285e+01    -1.9924e+01   +1.5048e-04  |      ---           ---           ---     
n=04:                                2.8048e+04    +4.2714e+03   -3.8714e-04  |      ---           ---           ---     
n=05:                                1.1265e+03    -6.6026e+04   +7.1811e-05  |      ---           ---           ---     
n=06:                                1.5855e+08    -2.2978e+07   +2.9990e-04  |      ---           ---           ---     
