--- multipoles on reference trajectory (rz > 0) ---
effective_length:                   436.17758153882295 mm
perpendicular_grid:                 41 points in [-10.000000,+10.000000] mm
max_fitting_error_normal            0.036/6714.207 G/G
max_fitting_error_skew              345.426/345.426 G/G
r0_for_relative_multipoles          12 mm
main_monomial                       n = 0, skew:False
                                       Nn(s=0)      Integ_Nn     Nn/N0(@r0)   |    Sn(s=0)      Integ_Sn     Sn/S0(@r0)  
<multipole_order n>                    [T/m^n]      [T.m/m^n]        []       |    [T/m^n]      [T.m/m^n]        []      
n=00:                                5.7792e-01    -2.5208e-01   +1.0000e+00  |      ---           ---           ---     
n=01:                                7.5385e+00    +3.3736e+00   -1.6060e-01  |      ---           ---           ---     
n=02:                                6.1098e+00    +9.2667e-01   -5.2937e-04  |      ---           ---           ---     
n=03:                                1.2621e+02    -4.1331e+01   +2.8333e-04  |      ---           ---           ---     
n=04:                                8.2389e+03    -6.3288e+02   +5.2061e-05  |      ---           ---           ---     
n=05:                                3.9541e+05    +1.6289e+04   -1.6080e-05  |      ---           ---           ---     
n=06:                                8.2604e+07    +6.2449e+06   -7.3975e-05  |      ---           ---           ---     
