--- multipoles on reference trajectory (rz > 0) ---
effective_length:                   435.7834923302572 mm
perpendicular_grid:                 41 points in [-10.000000,+10.000000] mm
max_fitting_error_normal            0.030/6429.483 G/G
max_fitting_error_skew              349.484/349.484 G/G
r0_for_relative_multipoles          12 mm
main_monomial                       n = 0, skew:False
                                       Nn(s=0)      Integ_Nn     Nn/N0(@r0)   |    Sn(s=0)      Integ_Sn     Sn/S0(@r0)  
<multipole_order n>                    [T/m^n]      [T.m/m^n]        []       |    [T/m^n]      [T.m/m^n]        []      
n=00:                                5.5511e-01    -2.4191e-01   +1.0000e+00  |      ---           ---           ---     
n=01:                                7.2547e+00    +3.2359e+00   -1.6052e-01  |      ---           ---           ---     
n=02:                                5.3628e+00    +1.0263e+00   -6.1094e-04  |      ---           ---           ---     
n=03:                                3.1746e+01    -1.3159e+01   +9.3999e-05  |      ---           ---           ---     
n=04:                                1.0441e+04    +7.5944e+02   -6.5098e-05  |      ---           ---           ---     
n=05:                                1.8376e+05    -1.0263e+05   +1.0556e-04  |      ---           ---           ---     
n=06:                                7.1413e+07    -8.9495e+06   +1.1047e-04  |      ---           ---           ---     
