--- multipoles on reference trajectory (rz > 0) ---
effective_length:                   436.0232686820833 mm
perpendicular_grid:                 41 points in [-10.000000,+10.000000] mm
max_fitting_error_normal            0.065/3661.944 G/G
max_fitting_error_skew              332.885/332.885 G/G
r0_for_relative_multipoles          12 mm
main_monomial                       n = 0, skew:False
                                       Nn(s=0)      Integ_Nn     Nn/N0(@r0)   |    Sn(s=0)      Integ_Sn     Sn/S0(@r0)  
<multipole_order n>                    [T/m^n]      [T.m/m^n]        []       |    [T/m^n]      [T.m/m^n]        []      
n=00:                                5.5448e-01    -2.4177e-01   +1.0000e+00  |      ---           ---           ---     
n=01:                                7.2390e+00    +3.2346e+00   -1.6055e-01  |      ---           ---           ---     
n=02:                                5.9637e+00    +1.1533e+00   -6.8694e-04  |      ---           ---           ---     
n=03:                                1.3517e+02    -6.0659e+01   +4.3355e-04  |      ---           ---           ---     
n=04:                                5.2570e+03    -4.2229e+03   +3.6219e-04  |      ---           ---           ---     
n=05:                                3.7670e+05    +1.6854e+05   -1.7346e-04  |      ---           ---           ---     
n=06:                                4.1785e+07    +1.9846e+07   -2.4512e-04  |      ---           ---           ---     
