--- multipoles on reference trajectory (rz > 0) ---
effective_length:                   436.00622919309757 mm
perpendicular_grid:                 41 points in [-10.000000,+10.000000] mm
max_fitting_error_normal            0.036/4859.822 G/G
max_fitting_error_skew              353.759/353.759 G/G
r0_for_relative_multipoles          12 mm
main_monomial                       n = 0, skew:False
                                       Nn(s=0)      Integ_Nn     Nn/N0(@r0)   |    Sn(s=0)      Integ_Sn     Sn/S0(@r0)  
<multipole_order n>                    [T/m^n]      [T.m/m^n]        []       |    [T/m^n]      [T.m/m^n]        []      
n=00:                                5.4981e-01    -2.3972e-01   +1.0000e+00  |      ---           ---           ---     
n=01:                                7.2095e+00    +3.2210e+00   -1.6124e-01  |      ---           ---           ---     
n=02:                                5.1074e+00    +7.7451e-01   -4.6525e-04  |      ---           ---           ---     
n=03:                                1.1236e+02    -4.0575e+01   +2.9248e-04  |      ---           ---           ---     
n=04:                                4.5856e+03    -8.8260e+02   +7.6346e-05  |      ---           ---           ---     
n=05:                                2.0078e+05    +4.0877e+04   -4.2431e-05  |      ---           ---           ---     
n=06:                                2.3982e+07    +6.3058e+06   -7.8545e-05  |      ---           ---           ---     
