--- multipoles on reference trajectory (rz > 0) ---
effective_length:                   436.9012939522174 mm
perpendicular_grid:                 41 points in [-10.000000,+10.000000] mm
max_fitting_error_normal            0.029/4621.763 G/G
max_fitting_error_skew              330.014/330.014 G/G
r0_for_relative_multipoles          12 mm
main_monomial                       n = 0, skew:False
                                       Nn(s=0)      Integ_Nn     Nn/N0(@r0)   |    Sn(s=0)      Integ_Sn     Sn/S0(@r0)  
<multipole_order n>                    [T/m^n]      [T.m/m^n]        []       |    [T/m^n]      [T.m/m^n]        []      
n=00:                                5.2447e-01    -2.2914e-01   +1.0000e+00  |      ---           ---           ---     
n=01:                                6.8634e+00    +3.0725e+00   -1.6090e-01  |      ---           ---           ---     
n=02:                                5.7348e+00    +1.0725e+00   -6.7399e-04  |      ---           ---           ---     
n=03:                                8.8187e+01    -2.4262e+01   +1.8297e-04  |      ---           ---           ---     
n=04:                                3.0627e+03    -2.3891e+03   +2.1620e-04  |      ---           ---           ---     
n=05:                                3.6172e+05    +5.3043e+03   -5.7601e-06  |      ---           ---           ---     
n=06:                                2.0233e+07    +8.7921e+06   -1.1457e-04  |      ---           ---           ---     
