--- multipoles on reference trajectory (rz > 0) ---
effective_length:                   435.54342114991164 mm
perpendicular_grid:                 41 points in [-10.000000,+10.000000] mm
max_fitting_error_normal            0.044/6702.123 G/G
max_fitting_error_skew              362.081/362.081 G/G
r0_for_relative_multipoles          12 mm
main_monomial                       n = 0, skew:False
                                       Nn(s=0)      Integ_Nn     Nn/N0(@r0)   |    Sn(s=0)      Integ_Sn     Sn/S0(@r0)  
<multipole_order n>                    [T/m^n]      [T.m/m^n]        []       |    [T/m^n]      [T.m/m^n]        []      
n=00:                                5.7796e-01    -2.5173e-01   +1.0000e+00  |      ---           ---           ---     
n=01:                                7.6028e+00    +3.3764e+00   -1.6096e-01  |      ---           ---           ---     
n=02:                                5.8737e+00    +1.2064e+00   -6.9014e-04  |      ---           ---           ---     
n=03:                                5.1583e+01    -3.0744e+01   +2.1105e-04  |      ---           ---           ---     
n=04:                                8.7956e+03    -4.1217e+02   +3.3953e-05  |      ---           ---           ---     
n=05:                                1.0293e+05    +4.9757e+04   -4.9185e-05  |      ---           ---           ---     
n=06:                                5.6475e+07    -2.9226e+06   +3.4669e-05  |      ---           ---           ---     
