--- multipoles on reference trajectory (rz > 0) ---
effective_length:                   436.90517130268876 mm
perpendicular_grid:                 41 points in [-10.000000,+10.000000] mm
max_fitting_error_normal            0.058/4884.094 G/G
max_fitting_error_skew              333.721/333.721 G/G
r0_for_relative_multipoles          12 mm
main_monomial                       n = 0, skew:False
                                       Nn(s=0)      Integ_Nn     Nn/N0(@r0)   |    Sn(s=0)      Integ_Sn     Sn/S0(@r0)  
<multipole_order n>                    [T/m^n]      [T.m/m^n]        []       |    [T/m^n]      [T.m/m^n]        []      
n=00:                                5.5137e-01    -2.4090e-01   +1.0000e+00  |      ---           ---           ---     
n=01:                                7.2196e+00    +3.2338e+00   -1.6109e-01  |      ---           ---           ---     
n=02:                                6.5404e+00    +9.4078e-01   -5.6236e-04  |      ---           ---           ---     
n=03:                                1.4748e+02    -3.2445e+01   +2.3273e-04  |      ---           ---           ---     
n=04:                                1.8088e+04    -1.5924e+03   +1.3707e-04  |      ---           ---           ---     
n=05:                                7.0686e+05    +3.9309e+04   -4.0603e-05  |      ---           ---           ---     
n=06:                                1.1974e+08    +7.8635e+06   -9.7470e-05  |      ---           ---           ---     
