--- multipoles on reference trajectory (rz > 0) ---
effective_length:                   435.83359517712177 mm
perpendicular_grid:                 41 points in [-10.000000,+10.000000] mm
max_fitting_error_normal            0.028/4879.163 G/G
max_fitting_error_skew              342.663/342.663 G/G
r0_for_relative_multipoles          12 mm
main_monomial                       n = 0, skew:False
                                       Nn(s=0)      Integ_Nn     Nn/N0(@r0)   |    Sn(s=0)      Integ_Sn     Sn/S0(@r0)  
<multipole_order n>                    [T/m^n]      [T.m/m^n]        []       |    [T/m^n]      [T.m/m^n]        []      
n=00:                                5.5230e-01    -2.4071e-01   +1.0000e+00  |      ---           ---           ---     
n=01:                                7.2558e+00    +3.2382e+00   -1.6143e-01  |      ---           ---           ---     
n=02:                                5.4900e+00    +9.5261e-01   -5.6987e-04  |      ---           ---           ---     
n=03:                                5.1354e+01    -1.9277e+00   +1.3838e-05  |      ---           ---           ---     
n=04:                                1.7485e+03    +5.0363e+02   -4.3385e-05  |      ---           ---           ---     
n=05:                                7.1306e+05    -1.7270e+05   +1.7852e-04  |      ---           ---           ---     
n=06:                                4.5710e+06    -6.1343e+06   +7.6095e-05  |      ---           ---           ---     
