--- multipoles on reference trajectory (rz > 0) ---
effective_length:                   436.59975129878745 mm
perpendicular_grid:                 41 points in [-10.000000,+10.000000] mm
max_fitting_error_normal            0.049/3925.389 G/G
max_fitting_error_skew              340.798/340.798 G/G
r0_for_relative_multipoles          12 mm
main_monomial                       n = 0, skew:False
                                       Nn(s=0)      Integ_Nn     Nn/N0(@r0)   |    Sn(s=0)      Integ_Sn     Sn/S0(@r0)  
<multipole_order n>                    [T/m^n]      [T.m/m^n]        []       |    [T/m^n]      [T.m/m^n]        []      
n=00:                                5.4974e-01    -2.4002e-01   +1.0000e+00  |      ---           ---           ---     
n=01:                                7.1954e+00    +3.2219e+00   -1.6108e-01  |      ---           ---           ---     
n=02:                                5.3346e+00    +9.6451e-01   -5.7866e-04  |      ---           ---           ---     
n=03:                                7.3710e+01    -3.1862e+01   +2.2939e-04  |      ---           ---           ---     
n=04:                                9.7556e+03    +1.4930e+02   -1.2898e-05  |      ---           ---           ---     
n=05:                                6.1004e+04    -3.2460e+03   +3.3652e-06  |      ---           ---           ---     
n=06:                                3.7633e+07    -3.9594e+06   +4.9258e-05  |      ---           ---           ---     
