--- multipoles on reference trajectory (rz > 0) ---
effective_length:                   434.2344004972582 mm
perpendicular_grid:                 41 points in [-10.000000,+10.000000] mm
max_fitting_error_normal            0.030/6385.346 G/G
max_fitting_error_skew              326.886/326.886 G/G
r0_for_relative_multipoles          12 mm
main_monomial                       n = 0, skew:False
                                       Nn(s=0)      Integ_Nn     Nn/N0(@r0)   |    Sn(s=0)      Integ_Sn     Sn/S0(@r0)  
<multipole_order n>                    [T/m^n]      [T.m/m^n]        []       |    [T/m^n]      [T.m/m^n]        []      
n=00:                                5.5169e-01    -2.3956e-01   +1.0000e+00  |      ---           ---           ---     
n=01:                                7.2450e+00    +3.2141e+00   -1.6100e-01  |      ---           ---           ---     
n=02:                                5.3236e+00    +6.5685e-01   -3.9483e-04  |      ---           ---           ---     
n=03:                                7.6395e+00    -2.2405e+01   +1.6161e-04  |      ---           ---           ---     
n=04:                                7.4358e+03    +1.9219e+03   -1.6636e-04  |      ---           ---           ---     
n=05:                                5.7468e+05    -1.0433e+05   +1.0837e-04  |      ---           ---           ---     
n=06:                                3.0876e+07    -1.2202e+07   +1.5208e-04  |      ---           ---           ---     
