--- multipoles on reference trajectory (rz > 0) ---
effective_length:                   435.54986720496106 mm
perpendicular_grid:                 41 points in [-10.000000,+10.000000] mm
max_fitting_error_normal            0.037/4876.447 G/G
max_fitting_error_skew              346.038/346.038 G/G
r0_for_relative_multipoles          12 mm
main_monomial                       n = 0, skew:False
                                       Nn(s=0)      Integ_Nn     Nn/N0(@r0)   |    Sn(s=0)      Integ_Sn     Sn/S0(@r0)  
<multipole_order n>                    [T/m^n]      [T.m/m^n]        []       |    [T/m^n]      [T.m/m^n]        []      
n=00:                                5.5276e-01    -2.4075e-01   +1.0000e+00  |      ---           ---           ---     
n=01:                                7.2481e+00    +3.2202e+00   -1.6051e-01  |      ---           ---           ---     
n=02:                                5.5641e+00    +8.8266e-01   -5.2794e-04  |      ---           ---           ---     
n=03:                                1.2381e+02    -2.2050e+01   +1.5826e-04  |      ---           ---           ---     
n=04:                                7.5910e+02    +4.5041e+03   -3.8794e-04  |      ---           ---           ---     
n=05:                                1.1401e+06    -3.9593e+04   +4.0922e-05  |      ---           ---           ---     
n=06:                                3.1726e+06    -2.4330e+07   +3.0176e-04  |      ---           ---           ---     
