--- multipoles on reference trajectory (rz > 0) ---
effective_length:                   434.4613663770526 mm
perpendicular_grid:                 41 points in [-10.000000,+10.000000] mm
max_fitting_error_normal            0.043/4632.018 G/G
max_fitting_error_skew              337.585/337.585 G/G
r0_for_relative_multipoles          12 mm
main_monomial                       n = 0, skew:False
                                       Nn(s=0)      Integ_Nn     Nn/N0(@r0)   |    Sn(s=0)      Integ_Sn     Sn/S0(@r0)  
<multipole_order n>                    [T/m^n]      [T.m/m^n]        []       |    [T/m^n]      [T.m/m^n]        []      
n=00:                                5.5401e-01    -2.4070e-01   +1.0000e+00  |      ---           ---           ---     
n=01:                                7.2547e+00    +3.2202e+00   -1.6054e-01  |      ---           ---           ---     
n=02:                                4.9825e+00    +9.0950e-01   -5.4412e-04  |      ---           ---           ---     
n=03:                                1.7496e+01    -1.4926e+01   +1.0716e-04  |      ---           ---           ---     
n=04:                                1.7520e+03    +1.9811e+02   -1.7068e-05  |      ---           ---           ---     
n=05:                                5.1350e+05    -1.2322e+05   +1.2739e-04  |      ---           ---           ---     
n=06:                                1.3927e+07    +1.6160e+06   -2.0047e-05  |      ---           ---           ---     
