--- multipoles on reference trajectory (rz > 0) ---
effective_length:                   437.31845927294347 mm
perpendicular_grid:                 41 points in [-10.000000,+10.000000] mm
max_fitting_error_normal            0.049/6714.453 G/G
max_fitting_error_skew              359.098/359.098 G/G
r0_for_relative_multipoles          12 mm
main_monomial                       n = 0, skew:False
                                       Nn(s=0)      Integ_Nn     Nn/N0(@r0)   |    Sn(s=0)      Integ_Sn     Sn/S0(@r0)  
<multipole_order n>                    [T/m^n]      [T.m/m^n]        []       |    [T/m^n]      [T.m/m^n]        []      
n=00:                                5.7889e-01    -2.5316e-01   +1.0000e+00  |      ---           ---           ---     
n=01:                                7.5512e+00    +3.3824e+00   -1.6033e-01  |      ---           ---           ---     
n=02:                                5.5971e+00    +9.7996e-01   -5.5741e-04  |      ---           ---           ---     
n=03:                                1.1415e+02    -4.3489e+01   +2.9684e-04  |      ---           ---           ---     
n=04:                                7.3137e+02    -2.3794e+03   +1.9489e-04  |      ---           ---           ---     
n=05:                                2.9277e+05    +1.3122e+04   -1.2898e-05  |      ---           ---           ---     
n=06:                                1.0642e+07    +1.3857e+07   -1.6344e-04  |      ---           ---           ---     
