--- multipoles on reference trajectory (rz > 0) ---
effective_length:                   434.84112122706875 mm
perpendicular_grid:                 41 points in [-10.000000,+10.000000] mm
max_fitting_error_normal            0.052/3927.393 G/G
max_fitting_error_skew              353.436/353.436 G/G
r0_for_relative_multipoles          12 mm
main_monomial                       n = 0, skew:False
                                       Nn(s=0)      Integ_Nn     Nn/N0(@r0)   |    Sn(s=0)      Integ_Sn     Sn/S0(@r0)  
<multipole_order n>                    [T/m^n]      [T.m/m^n]        []       |    [T/m^n]      [T.m/m^n]        []      
n=00:                                5.7765e-01    -2.5119e-01   +1.0000e+00  |      ---           ---           ---     
n=01:                                7.5503e+00    +3.3664e+00   -1.6082e-01  |      ---           ---           ---     
n=02:                                7.1514e+00    +1.1170e+00   -6.4037e-04  |      ---           ---           ---     
n=03:                                4.4331e+01    -8.9509e+00   +6.1576e-05  |      ---           ---           ---     
n=04:                                1.9772e+04    -2.5731e+03   +2.1242e-04  |      ---           ---           ---     
n=05:                                6.0545e+05    -1.4365e+05   +1.4230e-04  |      ---           ---           ---     
n=06:                                1.1877e+08    +1.6337e+07   -1.9421e-04  |      ---           ---           ---     
