--- multipoles on reference trajectory (rz > 0) ---
effective_length:                   434.63554240673744 mm
perpendicular_grid:                 41 points in [-10.000000,+10.000000] mm
max_fitting_error_normal            0.043/6698.581 G/G
max_fitting_error_skew              363.988/363.988 G/G
r0_for_relative_multipoles          12 mm
main_monomial                       n = 0, skew:False
                                       Nn(s=0)      Integ_Nn     Nn/N0(@r0)   |    Sn(s=0)      Integ_Sn     Sn/S0(@r0)  
<multipole_order n>                    [T/m^n]      [T.m/m^n]        []       |    [T/m^n]      [T.m/m^n]        []      
n=00:                                5.7890e-01    -2.5161e-01   +1.0000e+00  |      ---           ---           ---     
n=01:                                7.6011e+00    +3.3765e+00   -1.6103e-01  |      ---           ---           ---     
n=02:                                6.6863e+00    +1.1621e+00   -6.6506e-04  |      ---           ---           ---     
n=03:                                7.9757e+01    -2.4296e+01   +1.6686e-04  |      ---           ---           ---     
n=04:                                1.6724e+04    -1.2457e+03   +1.0266e-04  |      ---           ---           ---     
n=05:                                9.4291e+05    -3.0933e+04   +3.0592e-05  |      ---           ---           ---     
n=06:                                8.7847e+07    +2.5845e+06   -3.0672e-05  |      ---           ---           ---     
