--- multipoles on reference trajectory (rz > 0) ---
effective_length:                   435.5987132379097 mm
perpendicular_grid:                 41 points in [-10.000000,+10.000000] mm
max_fitting_error_normal            0.050/4609.346 G/G
max_fitting_error_skew              317.783/317.783 G/G
r0_for_relative_multipoles          12 mm
main_monomial                       n = 0, skew:False
                                       Nn(s=0)      Integ_Nn     Nn/N0(@r0)   |    Sn(s=0)      Integ_Sn     Sn/S0(@r0)  
<multipole_order n>                    [T/m^n]      [T.m/m^n]        []       |    [T/m^n]      [T.m/m^n]        []      
n=00:                                5.2345e-01    -2.2801e-01   +1.0000e+00  |      ---           ---           ---     
n=01:                                6.8914e+00    +3.0662e+00   -1.6137e-01  |      ---           ---           ---     
n=02:                                3.8618e+00    +6.6115e-01   -4.1755e-04  |      ---           ---           ---     
n=03:                                6.6161e+00    -2.8267e+01   +2.1422e-04  |      ---           ---           ---     
n=04:                                2.7622e+04    +4.6289e+03   -4.2096e-04  |      ---           ---           ---     
n=05:                                5.2176e+05    -1.5913e+04   +1.7366e-05  |      ---           ---           ---     
n=06:                                1.6920e+08    -2.7428e+07   +3.5919e-04  |      ---           ---           ---     
