--- multipoles on reference trajectory (rz > 0) ---
effective_length:                   434.84789431285753 mm
perpendicular_grid:                 41 points in [-10.000000,+10.000000] mm
max_fitting_error_normal            0.048/6408.686 G/G
max_fitting_error_skew              344.640/344.640 G/G
r0_for_relative_multipoles          12 mm
main_monomial                       n = 0, skew:False
                                       Nn(s=0)      Integ_Nn     Nn/N0(@r0)   |    Sn(s=0)      Integ_Sn     Sn/S0(@r0)  
<multipole_order n>                    [T/m^n]      [T.m/m^n]        []       |    [T/m^n]      [T.m/m^n]        []      
n=00:                                5.5342e-01    -2.4065e-01   +1.0000e+00  |      ---           ---           ---     
n=01:                                7.2912e+00    +3.2360e+00   -1.6136e-01  |      ---           ---           ---     
n=02:                                6.4571e+00    +1.2319e+00   -7.3716e-04  |      ---           ---           ---     
n=03:                                7.4646e+01    -2.4176e+01   +1.7359e-04  |      ---           ---           ---     
n=04:                                2.0547e+04    -4.6664e+03   +4.0209e-04  |      ---           ---           ---     
n=05:                                1.3689e+05    -6.2634e+04   +6.4763e-05  |      ---           ---           ---     
n=06:                                1.2557e+08    +2.6609e+07   -3.3016e-04  |      ---           ---           ---     
