--- multipoles on reference trajectory (rz > 0) ---
effective_length:                   434.39170485676146 mm
perpendicular_grid:                 41 points in [-10.000000,+10.000000] mm
max_fitting_error_normal            0.037/2913.278 G/G
max_fitting_error_skew              319.538/319.538 G/G
r0_for_relative_multipoles          12 mm
main_monomial                       n = 0, skew:False
                                       Nn(s=0)      Integ_Nn     Nn/N0(@r0)   |    Sn(s=0)      Integ_Sn     Sn/S0(@r0)  
<multipole_order n>                    [T/m^n]      [T.m/m^n]        []       |    [T/m^n]      [T.m/m^n]        []      
n=00:                                5.2506e-01    -2.2808e-01   +1.0000e+00  |      ---           ---           ---     
n=01:                                6.9080e+00    +3.0638e+00   -1.6120e-01  |      ---           ---           ---     
n=02:                                4.3445e+00    +9.5642e-01   -6.0383e-04  |      ---           ---           ---     
n=03:                                4.8218e+01    -2.2270e+01   +1.6872e-04  |      ---           ---           ---     
n=04:                                1.4061e+04    -1.1184e+03   +1.0168e-04  |      ---           ---           ---     
n=05:                                5.9106e+04    -4.1022e+04   +4.4753e-05  |      ---           ---           ---     
n=06:                                7.4622e+07    +5.7770e+06   -7.5631e-05  |      ---           ---           ---     
