--- multipoles on reference trajectory (rz > 0) ---
effective_length:                   436.94909282570404 mm
perpendicular_grid:                 41 points in [-10.000000,+10.000000] mm
max_fitting_error_normal            0.049/6390.944 G/G
max_fitting_error_skew              347.482/347.482 G/G
r0_for_relative_multipoles          12 mm
main_monomial                       n = 0, skew:False
                                       Nn(s=0)      Integ_Nn     Nn/N0(@r0)   |    Sn(s=0)      Integ_Sn     Sn/S0(@r0)  
<multipole_order n>                    [T/m^n]      [T.m/m^n]        []       |    [T/m^n]      [T.m/m^n]        []      
n=00:                                5.5153e-01    -2.4099e-01   +1.0000e+00  |      ---           ---           ---     
n=01:                                7.2105e+00    +3.2311e+00   -1.6089e-01  |      ---           ---           ---     
n=02:                                5.1659e+00    +8.7315e-01   -5.2173e-04  |      ---           ---           ---     
n=03:                                1.4729e+01    -3.7989e+01   +2.7239e-04  |      ---           ---           ---     
n=04:                                1.3899e+04    +2.6365e+03   -2.2685e-04  |      ---           ---           ---     
n=05:                                4.9932e+05    +4.3993e+04   -4.5424e-05  |      ---           ---           ---     
n=06:                                6.6192e+07    -1.6193e+07   +2.0064e-04  |      ---           ---           ---     
