--- multipoles on reference trajectory (rz > 0) ---
effective_length:                   436.0161144211395 mm
perpendicular_grid:                 41 points in [-10.000000,+10.000000] mm
max_fitting_error_normal            0.037/3257.495 G/G
max_fitting_error_skew              355.506/355.506 G/G
r0_for_relative_multipoles          12 mm
main_monomial                       n = 0, skew:False
                                       Nn(s=0)      Integ_Nn     Nn/N0(@r0)   |    Sn(s=0)      Integ_Sn     Sn/S0(@r0)  
<multipole_order n>                    [T/m^n]      [T.m/m^n]        []       |    [T/m^n]      [T.m/m^n]        []      
n=00:                                5.5264e-01    -2.4096e-01   +1.0000e+00  |      ---           ---           ---     
n=01:                                7.2351e+00    +3.2330e+00   -1.6101e-01  |      ---           ---           ---     
n=02:                                5.5052e+00    +8.1368e-01   -4.8627e-04  |      ---           ---           ---     
n=03:                                7.1909e+01    -2.1323e+01   +1.5291e-04  |      ---           ---           ---     
n=04:                                2.3762e+03    -8.1203e+02   +6.9880e-05  |      ---           ---           ---     
n=05:                                9.0492e+04    -4.5622e+04   +4.7113e-05  |      ---           ---           ---     
n=06:                                1.2725e+07    +3.7803e+06   -4.6846e-05  |      ---           ---           ---     
