--- multipoles on reference trajectory (rz > 0) ---
effective_length:                   436.7551532020755 mm
perpendicular_grid:                 41 points in [-10.000000,+10.000000] mm
max_fitting_error_normal            0.034/5091.036 G/G
max_fitting_error_skew              353.162/353.162 G/G
r0_for_relative_multipoles          12 mm
main_monomial                       n = 0, skew:False
                                       Nn(s=0)      Integ_Nn     Nn/N0(@r0)   |    Sn(s=0)      Integ_Sn     Sn/S0(@r0)  
<multipole_order n>                    [T/m^n]      [T.m/m^n]        []       |    [T/m^n]      [T.m/m^n]        []      
n=00:                                5.7638e-01    -2.5174e-01   +1.0000e+00  |      ---           ---           ---     
n=01:                                7.5562e+00    +3.3819e+00   -1.6121e-01  |      ---           ---           ---     
n=02:                                5.4136e+00    +8.1838e-01   -4.6814e-04  |      ---           ---           ---     
n=03:                                2.9753e+01    -2.1069e+01   +1.4462e-04  |      ---           ---           ---     
n=04:                                1.2855e+04    +3.2230e+03   -2.6549e-04  |      ---           ---           ---     
n=05:                                1.5739e+05    -4.3568e+04   +4.3065e-05  |      ---           ---           ---     
n=06:                                7.7947e+07    -2.1611e+07   +2.5634e-04  |      ---           ---           ---     
