--- multipoles on reference trajectory (rz > 0) ---
effective_length:                   435.6392115980862 mm
perpendicular_grid:                 41 points in [-10.000000,+10.000000] mm
max_fitting_error_normal            0.026/4979.090 G/G
max_fitting_error_skew              322.269/322.269 G/G
r0_for_relative_multipoles          12 mm
main_monomial                       n = 0, skew:False
                                       Nn(s=0)      Integ_Nn     Nn/N0(@r0)   |    Sn(s=0)      Integ_Sn     Sn/S0(@r0)  
<multipole_order n>                    [T/m^n]      [T.m/m^n]        []       |    [T/m^n]      [T.m/m^n]        []      
n=00:                                5.2444e-01    -2.2847e-01   +1.0000e+00  |      ---           ---           ---     
n=01:                                6.8761e+00    +3.0601e+00   -1.6073e-01  |      ---           ---           ---     
n=02:                                4.8997e+00    +7.3349e-01   -4.6231e-04  |      ---           ---           ---     
n=03:                                7.3664e+01    -3.8953e+01   +2.9462e-04  |      ---           ---           ---     
n=04:                                2.4217e+03    +2.5418e+03   -2.3070e-04  |      ---           ---           ---     
n=05:                                1.4638e+05    +4.0496e+04   -4.4105e-05  |      ---           ---           ---     
n=06:                                2.2224e+07    -1.7019e+07   +2.2244e-04  |      ---           ---           ---     
