--- multipoles on reference trajectory (rz > 0) ---
effective_length:                   435.4956108495505 mm
perpendicular_grid:                 41 points in [-10.000000,+10.000000] mm
max_fitting_error_normal            0.038/5167.215 G/G
max_fitting_error_skew              362.638/362.638 G/G
r0_for_relative_multipoles          12 mm
main_monomial                       n = 0, skew:False
                                       Nn(s=0)      Integ_Nn     Nn/N0(@r0)   |    Sn(s=0)      Integ_Sn     Sn/S0(@r0)  
<multipole_order n>                    [T/m^n]      [T.m/m^n]        []       |    [T/m^n]      [T.m/m^n]        []      
n=00:                                5.7985e-01    -2.5252e-01   +1.0000e+00  |      ---           ---           ---     
n=01:                                7.5729e+00    +3.3766e+00   -1.6046e-01  |      ---           ---           ---     
n=02:                                6.2477e+00    +1.2882e+00   -7.3462e-04  |      ---           ---           ---     
n=03:                                6.9884e+01    -1.7945e+01   +1.2279e-04  |      ---           ---           ---     
n=04:                                3.7921e+03    -2.0300e+03   +1.6670e-04  |      ---           ---           ---     
n=05:                                3.2600e+04    -5.0269e+04   +4.9535e-05  |      ---           ---           ---     
n=06:                                2.5255e+07    +7.1513e+06   -8.4562e-05  |      ---           ---           ---     
