--- multipoles on reference trajectory (rz > 0) ---
effective_length:                   435.2963513904883 mm
perpendicular_grid:                 41 points in [-10.000000,+10.000000] mm
max_fitting_error_normal            0.027/4876.452 G/G
max_fitting_error_skew              338.238/338.238 G/G
r0_for_relative_multipoles          12 mm
main_monomial                       n = 0, skew:False
                                       Nn(s=0)      Integ_Nn     Nn/N0(@r0)   |    Sn(s=0)      Integ_Sn     Sn/S0(@r0)  
<multipole_order n>                    [T/m^n]      [T.m/m^n]        []       |    [T/m^n]      [T.m/m^n]        []      
n=00:                                5.5113e-01    -2.3990e-01   +1.0000e+00  |      ---           ---           ---     
n=01:                                7.2170e+00    +3.2124e+00   -1.6069e-01  |      ---           ---           ---     
n=02:                                5.3007e+00    +9.0321e-01   -5.4215e-04  |      ---           ---           ---     
n=03:                                1.1083e+02    -4.6188e+01   +3.3269e-04  |      ---           ---           ---     
n=04:                                3.7281e+03    +3.4053e+00   -2.9434e-07  |      ---           ---           ---     
n=05:                                1.6658e+05    +5.5153e+04   -5.7206e-05  |      ---           ---           ---     
n=06:                                1.1732e+07    -4.7329e+06   +5.8908e-05  |      ---           ---           ---     
