--- multipoles on reference trajectory (rz > 0) ---
effective_length:                   434.9823519762034 mm
perpendicular_grid:                 41 points in [-10.000000,+10.000000] mm
max_fitting_error_normal            0.050/5112.722 G/G
max_fitting_error_skew              374.918/374.918 G/G
r0_for_relative_multipoles          12 mm
main_monomial                       n = 0, skew:False
                                       Nn(s=0)      Integ_Nn     Nn/N0(@r0)   |    Sn(s=0)      Integ_Sn     Sn/S0(@r0)  
<multipole_order n>                    [T/m^n]      [T.m/m^n]        []       |    [T/m^n]      [T.m/m^n]        []      
n=00:                                5.7974e-01    -2.5218e-01   +1.0000e+00  |      ---           ---           ---     
n=01:                                7.6050e+00    +3.3765e+00   -1.6067e-01  |      ---           ---           ---     
n=02:                                5.0531e+00    +1.1276e+00   -6.4391e-04  |      ---           ---           ---     
n=03:                                1.8461e+02    -6.6238e+01   +4.5388e-04  |      ---           ---           ---     
n=04:                                4.4252e+03    -3.2999e+03   +2.7134e-04  |      ---           ---           ---     
n=05:                                7.4757e+05    +1.5214e+05   -1.5012e-04  |      ---           ---           ---     
n=06:                                6.0949e+07    +1.8862e+07   -2.2334e-04  |      ---           ---           ---     
