--- multipoles on reference trajectory (rz > 0) ---
effective_length:                   434.87658936048706 mm
perpendicular_grid:                 41 points in [-10.000000,+10.000000] mm
max_fitting_error_normal            0.054/4184.400 G/G
max_fitting_error_skew              339.025/339.025 G/G
r0_for_relative_multipoles          12 mm
main_monomial                       n = 0, skew:False
                                       Nn(s=0)      Integ_Nn     Nn/N0(@r0)   |    Sn(s=0)      Integ_Sn     Sn/S0(@r0)  
<multipole_order n>                    [T/m^n]      [T.m/m^n]        []       |    [T/m^n]      [T.m/m^n]        []      
n=00:                                5.2552e-01    -2.2854e-01   +1.0000e+00  |      ---           ---           ---     
n=01:                                6.8989e+00    +3.0621e+00   -1.6079e-01  |      ---           ---           ---     
n=02:                                4.7640e+00    +8.2992e-01   -5.2293e-04  |      ---           ---           ---     
n=03:                                3.6793e+01    -4.3222e+01   +3.2681e-04  |      ---           ---           ---     
n=04:                                1.2075e+04    -2.6376e+03   +2.3933e-04  |      ---           ---           ---     
n=05:                                6.0519e+04    +1.1254e+05   -1.2254e-04  |      ---           ---           ---     
n=06:                                8.7883e+07    +1.9430e+07   -2.5387e-04  |      ---           ---           ---     
