--- multipoles on reference trajectory (rz > 0) ---
effective_length:                   434.80570483610694 mm
perpendicular_grid:                 41 points in [-10.000000,+10.000000] mm
max_fitting_error_normal            0.038/4865.472 G/G
max_fitting_error_skew              344.819/344.819 G/G
r0_for_relative_multipoles          12 mm
main_monomial                       n = 0, skew:False
                                       Nn(s=0)      Integ_Nn     Nn/N0(@r0)   |    Sn(s=0)      Integ_Sn     Sn/S0(@r0)  
<multipole_order n>                    [T/m^n]      [T.m/m^n]        []       |    [T/m^n]      [T.m/m^n]        []      
n=00:                                5.5177e-01    -2.3991e-01   +1.0000e+00  |      ---           ---           ---     
n=01:                                7.2530e+00    +3.2203e+00   -1.6107e-01  |      ---           ---           ---     
n=02:                                5.0715e+00    +7.6648e-01   -4.6005e-04  |      ---           ---           ---     
n=03:                                2.0895e+01    -6.6746e+00   +4.8074e-05  |      ---           ---           ---     
n=04:                                3.3358e+03    +3.8962e+03   -3.3675e-04  |      ---           ---           ---     
n=05:                                4.5510e+05    -1.5252e+05   +1.5819e-04  |      ---           ---           ---     
n=06:                                1.9222e+07    -2.0127e+07   +2.5051e-04  |      ---           ---           ---     
