--- multipoles on reference trajectory (rz > 0) ---
effective_length:                   437.2451882459494 mm
perpendicular_grid:                 41 points in [-10.000000,+10.000000] mm
max_fitting_error_normal            0.030/4904.914 G/G
max_fitting_error_skew              343.240/343.240 G/G
r0_for_relative_multipoles          12 mm
main_monomial                       n = 0, skew:False
                                       Nn(s=0)      Integ_Nn     Nn/N0(@r0)   |    Sn(s=0)      Integ_Sn     Sn/S0(@r0)  
<multipole_order n>                    [T/m^n]      [T.m/m^n]        []       |    [T/m^n]      [T.m/m^n]        []      
n=00:                                5.5424e-01    -2.4234e-01   +1.0000e+00  |      ---           ---           ---     
n=01:                                7.2351e+00    +3.2397e+00   -1.6042e-01  |      ---           ---           ---     
n=02:                                5.3704e+00    +8.0990e-01   -4.8125e-04  |      ---           ---           ---     
n=03:                                1.2294e+00    -2.4551e+01   +1.7506e-04  |      ---           ---           ---     
n=04:                                3.1385e+03    +9.0534e+02   -7.7466e-05  |      ---           ---           ---     
n=05:                                5.4255e+05    -6.4569e+04   +6.6298e-05  |      ---           ---           ---     
n=06:                                1.3130e+07    -5.8922e+06   +7.2600e-05  |      ---           ---           ---     
