--- multipoles on reference trajectory (rz > 0) ---
effective_length:                   437.2360046946732 mm
perpendicular_grid:                 41 points in [-10.000000,+10.000000] mm
max_fitting_error_normal            0.030/4898.753 G/G
max_fitting_error_skew              342.912/342.912 G/G
r0_for_relative_multipoles          12 mm
main_monomial                       n = 0, skew:False
                                       Nn(s=0)      Integ_Nn     Nn/N0(@r0)   |    Sn(s=0)      Integ_Sn     Sn/S0(@r0)  
<multipole_order n>                    [T/m^n]      [T.m/m^n]        []       |    [T/m^n]      [T.m/m^n]        []      
n=00:                                5.5367e-01    -2.4208e-01   +1.0000e+00  |      ---           ---           ---     
n=01:                                7.2360e+00    +3.2398e+00   -1.6060e-01  |      ---           ---           ---     
n=02:                                5.3778e+00    +8.0454e-01   -4.7857e-04  |      ---           ---           ---     
n=03:                                4.5876e-01    -2.4219e+01   +1.7288e-04  |      ---           ---           ---     
n=04:                                2.6522e+03    +8.6137e+02   -7.3782e-05  |      ---           ---           ---     
n=05:                                5.4667e+05    -6.7879e+04   +6.9771e-05  |      ---           ---           ---     
n=06:                                1.0897e+07    -5.7463e+06   +7.0879e-05  |      ---           ---           ---     
