--- multipoles on reference trajectory (rz > 0) ---
effective_length:                   433.8674089366277 mm
perpendicular_grid:                 41 points in [-10.000000,+10.000000] mm
max_fitting_error_normal            0.042/4594.887 G/G
max_fitting_error_skew              321.537/321.537 G/G
r0_for_relative_multipoles          12 mm
main_monomial                       n = 0, skew:False
                                       Nn(s=0)      Integ_Nn     Nn/N0(@r0)   |    Sn(s=0)      Integ_Sn     Sn/S0(@r0)  
<multipole_order n>                    [T/m^n]      [T.m/m^n]        []       |    [T/m^n]      [T.m/m^n]        []      
n=00:                                5.2484e-01    -2.2771e-01   +1.0000e+00  |      ---           ---           ---     
n=01:                                6.8970e+00    +3.0591e+00   -1.6121e-01  |      ---           ---           ---     
n=02:                                5.3357e+00    +9.7898e-01   -6.1909e-04  |      ---           ---           ---     
n=03:                                6.9922e+01    -1.2280e+01   +9.3191e-05  |      ---           ---           ---     
n=04:                                1.2014e+04    -4.9381e+03   +4.4968e-04  |      ---           ---           ---     
n=05:                                1.3760e+05    -1.3490e+05   +1.4741e-04  |      ---           ---           ---     
n=06:                                7.0860e+07    +2.6811e+07   -3.5158e-04  |      ---           ---           ---     
