--- multipoles on reference trajectory (rz > 0) ---
effective_length:                   435.62326145391586 mm
perpendicular_grid:                 41 points in [-10.000000,+10.000000] mm
max_fitting_error_normal            0.054/4853.890 G/G
max_fitting_error_skew              334.192/334.192 G/G
r0_for_relative_multipoles          12 mm
main_monomial                       n = 0, skew:False
                                       Nn(s=0)      Integ_Nn     Nn/N0(@r0)   |    Sn(s=0)      Integ_Sn     Sn/S0(@r0)  
<multipole_order n>                    [T/m^n]      [T.m/m^n]        []       |    [T/m^n]      [T.m/m^n]        []      
n=00:                                5.5074e-01    -2.3992e-01   +1.0000e+00  |      ---           ---           ---     
n=01:                                7.2483e+00    +3.2260e+00   -1.6136e-01  |      ---           ---           ---     
n=02:                                5.2422e+00    +9.7104e-01   -5.8283e-04  |      ---           ---           ---     
n=03:                                8.5316e+01    -2.8691e+01   +2.0664e-04  |      ---           ---           ---     
n=04:                                3.1540e+02    +5.4182e+01   -4.6830e-06  |      ---           ---           ---     
n=05:                                2.0726e+05    -3.6099e+04   +3.7441e-05  |      ---           ---           ---     
n=06:                                1.9158e+07    -1.2812e+06   +1.5946e-05  |      ---           ---           ---     
