--- multipoles on reference trajectory (rz > 0) ---
effective_length:                   433.786985600919 mm
perpendicular_grid:                 41 points in [-10.000000,+10.000000] mm
max_fitting_error_normal            0.031/5107.602 G/G
max_fitting_error_skew              349.374/349.374 G/G
r0_for_relative_multipoles          12 mm
main_monomial                       n = 0, skew:False
                                       Nn(s=0)      Integ_Nn     Nn/N0(@r0)   |    Sn(s=0)      Integ_Sn     Sn/S0(@r0)  
<multipole_order n>                    [T/m^n]      [T.m/m^n]        []       |    [T/m^n]      [T.m/m^n]        []      
n=00:                                5.7962e-01    -2.5143e-01   +1.0000e+00  |      ---           ---           ---     
n=01:                                7.6371e+00    +3.3707e+00   -1.6087e-01  |      ---           ---           ---     
n=02:                                4.4188e+00    +9.8735e-01   -5.6548e-04  |      ---           ---           ---     
n=03:                                6.3022e+01    -3.5735e+01   +2.4560e-04  |      ---           ---           ---     
n=04:                                1.1574e+04    +1.3174e+03   -1.0865e-04  |      ---           ---           ---     
n=05:                                1.0277e+05    -1.5880e+04   +1.5716e-05  |      ---           ---           ---     
n=06:                                7.3077e+07    -1.4247e+07   +1.6919e-04  |      ---           ---           ---     
