--- multipoles on reference trajectory (rz > 0) ---
effective_length:                   433.9950710607997 mm
perpendicular_grid:                 41 points in [-10.000000,+10.000000] mm
max_fitting_error_normal            0.026/6061.899 G/G
max_fitting_error_skew              317.646/317.646 G/G
r0_for_relative_multipoles          12 mm
main_monomial                       n = 0, skew:False
                                       Nn(s=0)      Integ_Nn     Nn/N0(@r0)   |    Sn(s=0)      Integ_Sn     Sn/S0(@r0)  
<multipole_order n>                    [T/m^n]      [T.m/m^n]        []       |    [T/m^n]      [T.m/m^n]        []      
n=00:                                5.2474e-01    -2.2774e-01   +1.0000e+00  |      ---           ---           ---     
n=01:                                6.9101e+00    +3.0618e+00   -1.6133e-01  |      ---           ---           ---     
n=02:                                4.0667e+00    +7.6689e-01   -4.8491e-04  |      ---           ---           ---     
n=03:                                4.2356e+01    -3.8958e+01   +2.9560e-04  |      ---           ---           ---     
n=04:                                1.6113e+04    +3.3666e+02   -3.0654e-05  |      ---           ---           ---     
n=05:                                1.5257e+04    +4.7650e+04   -5.2064e-05  |      ---           ---           ---     
n=06:                                8.2499e+07    -2.4945e+06   +3.2707e-05  |      ---           ---           ---     
