--- multipoles on reference trajectory (rz > 0) ---
effective_length:                   435.352246176429 mm
perpendicular_grid:                 41 points in [-10.000000,+10.000000] mm
max_fitting_error_normal            0.071/4624.337 G/G
max_fitting_error_skew              326.630/326.630 G/G
r0_for_relative_multipoles          12 mm
main_monomial                       n = 0, skew:False
                                       Nn(s=0)      Integ_Nn     Nn/N0(@r0)   |    Sn(s=0)      Integ_Sn     Sn/S0(@r0)  
<multipole_order n>                    [T/m^n]      [T.m/m^n]        []       |    [T/m^n]      [T.m/m^n]        []      
n=00:                                5.2384e-01    -2.2805e-01   +1.0000e+00  |      ---           ---           ---     
n=01:                                6.8794e+00    +3.0643e+00   -1.6124e-01  |      ---           ---           ---     
n=02:                                4.7868e+00    +9.3413e-01   -5.8984e-04  |      ---           ---           ---     
n=03:                                1.4325e+02    -2.2126e+01   +1.6765e-04  |      ---           ---           ---     
n=04:                                4.2554e+03    -2.3695e+03   +2.1545e-04  |      ---           ---           ---     
n=05:                                7.6694e+05    -4.2003e+04   +4.5830e-05  |      ---           ---           ---     
n=06:                                5.5473e+07    +1.4186e+07   -1.8574e-04  |      ---           ---           ---     
