--- multipoles on reference trajectory (rz > 0) ---
effective_length:                   434.27238309835707 mm
perpendicular_grid:                 41 points in [-10.000000,+10.000000] mm
max_fitting_error_normal            0.046/6060.488 G/G
max_fitting_error_skew              325.853/325.853 G/G
r0_for_relative_multipoles          12 mm
main_monomial                       n = 0, skew:False
                                       Nn(s=0)      Integ_Nn     Nn/N0(@r0)   |    Sn(s=0)      Integ_Sn     Sn/S0(@r0)  
<multipole_order n>                    [T/m^n]      [T.m/m^n]        []       |    [T/m^n]      [T.m/m^n]        []      
n=00:                                5.2472e-01    -2.2787e-01   +1.0000e+00  |      ---           ---           ---     
n=01:                                6.9142e+00    +3.0634e+00   -1.6132e-01  |      ---           ---           ---     
n=02:                                4.6050e+00    +1.0148e+00   -6.4129e-04  |      ---           ---           ---     
n=03:                                7.6040e+01    -3.9478e+01   +2.9937e-04  |      ---           ---           ---     
n=04:                                8.7598e+03    -1.4986e+03   +1.3637e-04  |      ---           ---           ---     
n=05:                                2.3262e+05    +1.1275e+05   -1.2312e-04  |      ---           ---           ---     
n=06:                                6.0621e+07    +1.4030e+06   -1.8384e-05  |      ---           ---           ---     
