--- multipoles on reference trajectory (rz > 0) ---
effective_length:                   435.20485228541816 mm
perpendicular_grid:                 41 points in [-10.000000,+10.000000] mm
max_fitting_error_normal            0.080/6694.226 G/G
max_fitting_error_skew              354.730/354.730 G/G
r0_for_relative_multipoles          12 mm
main_monomial                       n = 0, skew:False
                                       Nn(s=0)      Integ_Nn     Nn/N0(@r0)   |    Sn(s=0)      Integ_Sn     Sn/S0(@r0)  
<multipole_order n>                    [T/m^n]      [T.m/m^n]        []       |    [T/m^n]      [T.m/m^n]        []      
n=00:                                5.7850e-01    -2.5177e-01   +1.0000e+00  |      ---           ---           ---     
n=01:                                7.5855e+00    +3.3748e+00   -1.6085e-01  |      ---           ---           ---     
n=02:                                6.1772e+00    +1.2653e+00   -7.2368e-04  |      ---           ---           ---     
n=03:                                1.1919e+02    -3.0825e+01   +2.1157e-04  |      ---           ---           ---     
n=04:                                1.5017e+04    -7.8546e+03   +6.4692e-04  |      ---           ---           ---     
n=05:                                3.8796e+05    -1.0897e+05   +1.0770e-04  |      ---           ---           ---     
n=06:                                1.0573e+08    +4.7267e+07   -5.6059e-04  |      ---           ---           ---     
