--- multipoles on reference trajectory (rz > 0) ---
effective_length:                   436.56065407587676 mm
perpendicular_grid:                 41 points in [-10.000000,+10.000000] mm
max_fitting_error_normal            0.047/3850.756 G/G
max_fitting_error_skew              325.338/325.338 G/G
r0_for_relative_multipoles          12 mm
main_monomial                       n = 0, skew:False
                                       Nn(s=0)      Integ_Nn     Nn/N0(@r0)   |    Sn(s=0)      Integ_Sn     Sn/S0(@r0)  
<multipole_order n>                    [T/m^n]      [T.m/m^n]        []       |    [T/m^n]      [T.m/m^n]        []      
n=00:                                5.2465e-01    -2.2904e-01   +1.0000e+00  |      ---           ---           ---     
n=01:                                6.8481e+00    +3.0624e+00   -1.6045e-01  |      ---           ---           ---     
n=02:                                5.8669e+00    +9.1119e-01   -5.7287e-04  |      ---           ---           ---     
n=03:                                1.0705e+01    -7.1264e+00   +5.3766e-05  |      ---           ---           ---     
n=04:                                1.3475e+04    -2.3681e+02   +2.1439e-05  |      ---           ---           ---     
n=05:                                3.3244e+05    -1.5807e+05   +1.7173e-04  |      ---           ---           ---     
n=06:                                8.3309e+07    -3.1955e+06   +4.1659e-05  |      ---           ---           ---     
