--- multipoles on reference trajectory (rz > 0) ---
effective_length:                   436.0519911704584 mm
perpendicular_grid:                 41 points in [-10.000000,+10.000000] mm
max_fitting_error_normal            0.036/4458.004 G/G
max_fitting_error_skew              332.993/332.993 G/G
r0_for_relative_multipoles          12 mm
main_monomial                       n = 0, skew:False
                                       Nn(s=0)      Integ_Nn     Nn/N0(@r0)   |    Sn(s=0)      Integ_Sn     Sn/S0(@r0)  
<multipole_order n>                    [T/m^n]      [T.m/m^n]        []       |    [T/m^n]      [T.m/m^n]        []      
n=00:                                5.5011e-01    -2.3988e-01   +1.0000e+00  |      ---           ---           ---     
n=01:                                7.2241e+00    +3.2235e+00   -1.6125e-01  |      ---           ---           ---     
n=02:                                5.2732e+00    +8.3883e-01   -5.0356e-04  |      ---           ---           ---     
n=03:                                5.5463e+01    -3.0146e+01   +2.1716e-04  |      ---           ---           ---     
n=04:                                6.8039e+02    +2.7793e+02   -2.4025e-05  |      ---           ---           ---     
n=05:                                5.0244e+04    -3.6506e+04   +3.7869e-05  |      ---           ---           ---     
n=06:                                4.3042e+06    -4.2511e+06   +5.2918e-05  |      ---           ---           ---     
