--- multipoles on reference trajectory (rz > 0) ---
effective_length:                   433.3509595817691 mm
perpendicular_grid:                 41 points in [-10.000000,+10.000000] mm
max_fitting_error_normal            0.046/5507.379 G/G
max_fitting_error_skew              333.950/333.950 G/G
r0_for_relative_multipoles          12 mm
main_monomial                       n = 0, skew:False
                                       Nn(s=0)      Integ_Nn     Nn/N0(@r0)   |    Sn(s=0)      Integ_Sn     Sn/S0(@r0)  
<multipole_order n>                    [T/m^n]      [T.m/m^n]        []       |    [T/m^n]      [T.m/m^n]        []      
n=00:                                5.5763e-01    -2.4165e-01   +1.0000e+00  |      ---           ---           ---     
n=01:                                7.3223e+00    +3.2327e+00   -1.6053e-01  |      ---           ---           ---     
n=02:                                4.3391e+00    +1.0987e+00   -6.5473e-04  |      ---           ---           ---     
n=03:                                2.7560e+01    -3.9028e+01   +2.7909e-04  |      ---           ---           ---     
n=04:                                1.4160e+04    -2.5655e+03   +2.2015e-04  |      ---           ---           ---     
n=05:                                1.3328e+05    +3.5594e+04   -3.6652e-05  |      ---           ---           ---     
n=06:                                6.8833e+07    +1.5458e+07   -1.9101e-04  |      ---           ---           ---     
