--- multipoles on reference trajectory (rz > 0) ---
effective_length:                   434.09416413791496 mm
perpendicular_grid:                 41 points in [-10.000000,+10.000000] mm
max_fitting_error_normal            0.043/3641.135 G/G
max_fitting_error_skew              322.609/322.609 G/G
r0_for_relative_multipoles          12 mm
main_monomial                       n = 0, skew:False
                                       Nn(s=0)      Integ_Nn     Nn/N0(@r0)   |    Sn(s=0)      Integ_Sn     Sn/S0(@r0)  
<multipole_order n>                    [T/m^n]      [T.m/m^n]        []       |    [T/m^n]      [T.m/m^n]        []      
n=00:                                5.2625e-01    -2.2844e-01   +1.0000e+00  |      ---           ---           ---     
n=01:                                6.9061e+00    +3.0596e+00   -1.6072e-01  |      ---           ---           ---     
n=02:                                5.0442e+00    +8.4322e-01   -5.3153e-04  |      ---           ---           ---     
n=03:                                3.2036e+01    -2.6326e+01   +1.9914e-04  |      ---           ---           ---     
n=04:                                1.1041e+04    -3.9099e+03   +3.5491e-04  |      ---           ---           ---     
n=05:                                2.0797e+05    -5.6910e+04   +6.1990e-05  |      ---           ---           ---     
n=06:                                7.0225e+07    +2.2071e+07   -2.8849e-04  |      ---           ---           ---     
