--- multipoles on reference trajectory (rz > 0) ---
effective_length:                   435.5669673698174 mm
perpendicular_grid:                 41 points in [-10.000000,+10.000000] mm
max_fitting_error_normal            0.048/4631.343 G/G
max_fitting_error_skew              325.860/325.860 G/G
r0_for_relative_multipoles          12 mm
main_monomial                       n = 0, skew:False
                                       Nn(s=0)      Integ_Nn     Nn/N0(@r0)   |    Sn(s=0)      Integ_Sn     Sn/S0(@r0)  
<multipole_order n>                    [T/m^n]      [T.m/m^n]        []       |    [T/m^n]      [T.m/m^n]        []      
n=00:                                5.2318e-01    -2.2788e-01   +1.0000e+00  |      ---           ---           ---     
n=01:                                6.8815e+00    +3.0647e+00   -1.6139e-01  |      ---           ---           ---     
n=02:                                5.0618e+00    +6.8315e-01   -4.3169e-04  |      ---           ---           ---     
n=03:                                2.5527e+01    -1.7403e+01   +1.3196e-04  |      ---           ---           ---     
n=04:                                5.0862e+03    +3.8502e+03   -3.5035e-04  |      ---           ---           ---     
n=05:                                2.8240e+05    -9.6241e+04   +1.0509e-04  |      ---           ---           ---     
n=06:                                3.1996e+07    -2.5747e+07   +3.3737e-04  |      ---           ---           ---     
