--- multipoles on reference trajectory (rz > 0) ---
effective_length:                   434.40774148468734 mm
perpendicular_grid:                 41 points in [-10.000000,+10.000000] mm
max_fitting_error_normal            0.041/4783.204 G/G
max_fitting_error_skew              320.231/320.231 G/G
r0_for_relative_multipoles          12 mm
main_monomial                       n = 0, skew:False
                                       Nn(s=0)      Integ_Nn     Nn/N0(@r0)   |    Sn(s=0)      Integ_Sn     Sn/S0(@r0)  
<multipole_order n>                    [T/m^n]      [T.m/m^n]        []       |    [T/m^n]      [T.m/m^n]        []      
n=00:                                5.2627e-01    -2.2861e-01   +1.0000e+00  |      ---           ---           ---     
n=01:                                6.9065e+00    +3.0635e+00   -1.6080e-01  |      ---           ---           ---     
n=02:                                4.3788e+00    +9.6558e-01   -6.0820e-04  |      ---           ---           ---     
n=03:                                5.5810e+01    -2.1864e+01   +1.6526e-04  |      ---           ---           ---     
n=04:                                1.3734e+04    -9.9904e+02   +9.0616e-05  |      ---           ---           ---     
n=05:                                1.1388e+05    -4.3191e+04   +4.7011e-05  |      ---           ---           ---     
n=06:                                7.2520e+07    +5.0906e+06   -6.6490e-05  |      ---           ---           ---     
