--- multipoles on reference trajectory (rz > 0) ---
effective_length:                   434.66118534641004 mm
perpendicular_grid:                 41 points in [-10.000000,+10.000000] mm
max_fitting_error_normal            0.034/5107.283 G/G
max_fitting_error_skew              364.832/364.832 G/G
r0_for_relative_multipoles          12 mm
main_monomial                       n = 0, skew:False
                                       Nn(s=0)      Integ_Nn     Nn/N0(@r0)   |    Sn(s=0)      Integ_Sn     Sn/S0(@r0)  
<multipole_order n>                    [T/m^n]      [T.m/m^n]        []       |    [T/m^n]      [T.m/m^n]        []      
n=00:                                5.7689e-01    -2.5075e-01   +1.0000e+00  |      ---           ---           ---     
n=01:                                7.5629e+00    +3.3719e+00   -1.6136e-01  |      ---           ---           ---     
n=02:                                6.4163e+00    +9.6101e-01   -5.5188e-04  |      ---           ---           ---     
n=03:                                8.8561e+01    -3.3575e+01   +2.3138e-04  |      ---           ---           ---     
n=04:                                2.6761e+03    +3.1323e+03   -2.5903e-04  |      ---           ---           ---     
n=05:                                2.0781e+05    +1.2485e+04   -1.2390e-05  |      ---           ---           ---     
n=06:                                1.2975e+07    -1.9433e+07   +2.3141e-04  |      ---           ---           ---     
