--- multipoles on reference trajectory (rz > 0) ---
effective_length:                   434.27882325457824 mm
perpendicular_grid:                 41 points in [-10.000000,+10.000000] mm
max_fitting_error_normal            0.032/6698.414 G/G
max_fitting_error_skew              360.363/360.363 G/G
r0_for_relative_multipoles          12 mm
main_monomial                       n = 0, skew:False
                                       Nn(s=0)      Integ_Nn     Nn/N0(@r0)   |    Sn(s=0)      Integ_Sn     Sn/S0(@r0)  
<multipole_order n>                    [T/m^n]      [T.m/m^n]        []       |    [T/m^n]      [T.m/m^n]        []      
n=00:                                5.7796e-01    -2.5099e-01   +1.0000e+00  |      ---           ---           ---     
n=01:                                7.6028e+00    +3.3718e+00   -1.6121e-01  |      ---           ---           ---     
n=02:                                5.8737e+00    +1.2270e+00   -7.0398e-04  |      ---           ---           ---     
n=03:                                5.1583e+01    -3.1808e+01   +2.1899e-04  |      ---           ---           ---     
n=04:                                8.7956e+03    -1.3705e+03   +1.1322e-04  |      ---           ---           ---     
n=05:                                1.0293e+05    +4.6627e+04   -4.6225e-05  |      ---           ---           ---     
n=06:                                5.6475e+07    +4.1933e+06   -4.9885e-05  |      ---           ---           ---     
