--- multipoles on reference trajectory (rz > 0) ---
effective_length:                   437.20894515033314 mm
perpendicular_grid:                 41 points in [-10.000000,+10.000000] mm
max_fitting_error_normal            0.030/4880.802 G/G
max_fitting_error_skew              341.957/341.957 G/G
r0_for_relative_multipoles          12 mm
main_monomial                       n = 0, skew:False
                                       Nn(s=0)      Integ_Nn     Nn/N0(@r0)   |    Sn(s=0)      Integ_Sn     Sn/S0(@r0)  
<multipole_order n>                    [T/m^n]      [T.m/m^n]        []       |    [T/m^n]      [T.m/m^n]        []      
n=00:                                5.5198e-01    -2.4133e-01   +1.0000e+00  |      ---           ---           ---     
n=01:                                7.2385e+00    +3.2403e+00   -1.6112e-01  |      ---           ---           ---     
n=02:                                5.4004e+00    +7.8936e-01   -4.7101e-04  |      ---           ---           ---     
n=03:                                9.3366e-01    -2.3354e+01   +1.6722e-04  |      ---           ---           ---     
n=04:                                1.2251e+03    +7.2602e+02   -6.2383e-05  |      ---           ---           ---     
n=05:                                5.5296e+05    -7.6932e+04   +7.9324e-05  |      ---           ---           ---     
n=06:                                4.3626e+06    -5.3211e+06   +6.5838e-05  |      ---           ---           ---     
