--- multipoles on reference trajectory (rz > 0) ---
effective_length:                   435.1946661383519 mm
perpendicular_grid:                 41 points in [-10.000000,+10.000000] mm
max_fitting_error_normal            0.045/5451.706 G/G
max_fitting_error_skew              317.978/317.978 G/G
r0_for_relative_multipoles          12 mm
main_monomial                       n = 0, skew:False
                                       Nn(s=0)      Integ_Nn     Nn/N0(@r0)   |    Sn(s=0)      Integ_Sn     Sn/S0(@r0)  
<multipole_order n>                    [T/m^n]      [T.m/m^n]        []       |    [T/m^n]      [T.m/m^n]        []      
n=00:                                5.2650e-01    -2.2913e-01   +1.0000e+00  |      ---           ---           ---     
n=01:                                6.9079e+00    +3.0699e+00   -1.6078e-01  |      ---           ---           ---     
n=02:                                4.1045e+00    +9.8755e-01   -6.2064e-04  |      ---           ---           ---     
n=03:                                5.4807e+01    -4.3099e+01   +3.2504e-04  |      ---           ---           ---     
n=04:                                1.6054e+04    -8.5386e+02   +7.7273e-05  |      ---           ---           ---     
n=05:                                6.9103e+04    +1.0566e+05   -1.1475e-04  |      ---           ---           ---     
n=06:                                8.2285e+07    +2.9544e+06   -3.8501e-05  |      ---           ---           ---     
