--- multipoles on reference trajectory (rz > 0) ---
effective_length:                   434.3179122081809 mm
perpendicular_grid:                 41 points in [-10.000000,+10.000000] mm
max_fitting_error_normal            0.067/6407.044 G/G
max_fitting_error_skew              344.595/344.595 G/G
r0_for_relative_multipoles          12 mm
main_monomial                       n = 0, skew:False
                                       Nn(s=0)      Integ_Nn     Nn/N0(@r0)   |    Sn(s=0)      Integ_Sn     Sn/S0(@r0)  
<multipole_order n>                    [T/m^n]      [T.m/m^n]        []       |    [T/m^n]      [T.m/m^n]        []      
n=00:                                5.5427e-01    -2.4073e-01   +1.0000e+00  |      ---           ---           ---     
n=01:                                7.2939e+00    +3.2341e+00   -1.6122e-01  |      ---           ---           ---     
n=02:                                4.1320e+00    +6.6252e-01   -3.9631e-04  |      ---           ---           ---     
n=03:                                3.6460e+00    -2.9085e+01   +2.0878e-04  |      ---           ---           ---     
n=04:                                2.1805e+04    +4.9767e+03   -4.2868e-04  |      ---           ---           ---     
n=05:                                2.2781e+05    +3.6184e+04   -3.7402e-05  |      ---           ---           ---     
n=06:                                1.1523e+08    -2.8494e+07   +3.5344e-04  |      ---           ---           ---     
