--- multipoles on reference trajectory (rz > 0) ---
effective_length:                   435.0438409597288 mm
perpendicular_grid:                 41 points in [-10.000000,+10.000000] mm
max_fitting_error_normal            0.044/3424.126 G/G
max_fitting_error_skew              339.151/339.151 G/G
r0_for_relative_multipoles          12 mm
main_monomial                       n = 0, skew:False
                                       Nn(s=0)      Integ_Nn     Nn/N0(@r0)   |    Sn(s=0)      Integ_Sn     Sn/S0(@r0)  
<multipole_order n>                    [T/m^n]      [T.m/m^n]        []       |    [T/m^n]      [T.m/m^n]        []      
n=00:                                5.5332e-01    -2.4072e-01   +1.0000e+00  |      ---           ---           ---     
n=01:                                7.2676e+00    +3.2333e+00   -1.6118e-01  |      ---           ---           ---     
n=02:                                5.6003e+00    +1.0934e+00   -6.5410e-04  |      ---           ---           ---     
n=03:                                8.6115e+01    -3.3645e+01   +2.4152e-04  |      ---           ---           ---     
n=04:                                8.0786e+03    -2.2849e+03   +1.9682e-04  |      ---           ---           ---     
n=05:                                1.1618e+05    +3.4485e+03   -3.5647e-06  |      ---           ---           ---     
n=06:                                5.0490e+07    +9.7890e+06   -1.2143e-04  |      ---           ---           ---     
