--- multipoles on reference trajectory (rz > 0) ---
effective_length:                   435.3337920508621 mm
perpendicular_grid:                 41 points in [-10.000000,+10.000000] mm
max_fitting_error_normal            0.049/6712.241 G/G
max_fitting_error_skew              358.275/358.275 G/G
r0_for_relative_multipoles          12 mm
main_monomial                       n = 0, skew:False
                                       Nn(s=0)      Integ_Nn     Nn/N0(@r0)   |    Sn(s=0)      Integ_Sn     Sn/S0(@r0)  
<multipole_order n>                    [T/m^n]      [T.m/m^n]        []       |    [T/m^n]      [T.m/m^n]        []      
n=00:                                5.7936e-01    -2.5222e-01   +1.0000e+00  |      ---           ---           ---     
n=01:                                7.5844e+00    +3.3787e+00   -1.6075e-01  |      ---           ---           ---     
n=02:                                5.4247e+00    +1.0806e+00   -6.1698e-04  |      ---           ---           ---     
n=03:                                8.6635e+01    -2.8885e+01   +1.9790e-04  |      ---           ---           ---     
n=04:                                1.8965e+04    +1.8458e+03   -1.5175e-04  |      ---           ---           ---     
n=05:                                3.1997e+05    +5.7292e+04   -5.6523e-05  |      ---           ---           ---     
n=06:                                1.2059e+08    -1.2556e+07   +1.4865e-04  |      ---           ---           ---     
