--- multipoles on reference trajectory (rz > 0) ---
effective_length:                   435.3133206526333 mm
perpendicular_grid:                 41 points in [-10.000000,+10.000000] mm
max_fitting_error_normal            0.043/5483.068 G/G
max_fitting_error_skew              326.286/326.286 G/G
r0_for_relative_multipoles          12 mm
main_monomial                       n = 0, skew:False
                                       Nn(s=0)      Integ_Nn     Nn/N0(@r0)   |    Sn(s=0)      Integ_Sn     Sn/S0(@r0)  
<multipole_order n>                    [T/m^n]      [T.m/m^n]        []       |    [T/m^n]      [T.m/m^n]        []      
n=00:                                5.2333e-01    -2.2781e-01   +1.0000e+00  |      ---           ---           ---     
n=01:                                6.8839e+00    +3.0640e+00   -1.6140e-01  |      ---           ---           ---     
n=02:                                3.8815e+00    +6.7827e-01   -4.2873e-04  |      ---           ---           ---     
n=03:                                2.3756e+01    -1.5595e+01   +1.1829e-04  |      ---           ---           ---     
n=04:                                2.7244e+04    +3.7371e+03   -3.4016e-04  |      ---           ---           ---     
n=05:                                1.8695e+05    -9.8632e+04   +1.0773e-04  |      ---           ---           ---     
n=06:                                1.5311e+08    -1.9616e+07   +2.5711e-04  |      ---           ---           ---     
