--- multipoles on reference trajectory (rz > 0) ---
effective_length:                   435.44414013462426 mm
perpendicular_grid:                 41 points in [-10.000000,+10.000000] mm
max_fitting_error_normal            0.050/3922.803 G/G
max_fitting_error_skew              353.125/353.125 G/G
r0_for_relative_multipoles          12 mm
main_monomial                       n = 0, skew:False
                                       Nn(s=0)      Integ_Nn     Nn/N0(@r0)   |    Sn(s=0)      Integ_Sn     Sn/S0(@r0)  
<multipole_order n>                    [T/m^n]      [T.m/m^n]        []       |    [T/m^n]      [T.m/m^n]        []      
n=00:                                5.7712e-01    -2.5130e-01   +1.0000e+00  |      ---           ---           ---     
n=01:                                7.5513e+00    +3.3712e+00   -1.6098e-01  |      ---           ---           ---     
n=02:                                7.1612e+00    +1.1199e+00   -6.4170e-04  |      ---           ---           ---     
n=03:                                4.0393e+01    -9.3462e+00   +6.4266e-05  |      ---           ---           ---     
n=04:                                2.0010e+04    -2.6928e+03   +2.2220e-04  |      ---           ---           ---     
n=05:                                5.7291e+05    -1.4062e+05   +1.3924e-04  |      ---           ---           ---     
n=06:                                1.1901e+08    +1.6894e+07   -2.0073e-04  |      ---           ---           ---     
