--- multipoles on reference trajectory (rz > 0) ---
effective_length:                   435.8082375409367 mm
perpendicular_grid:                 41 points in [-10.000000,+10.000000] mm
max_fitting_error_normal            0.038/6711.009 G/G
max_fitting_error_skew              365.056/365.056 G/G
r0_for_relative_multipoles          12 mm
main_monomial                       n = 0, skew:False
                                       Nn(s=0)      Integ_Nn     Nn/N0(@r0)   |    Sn(s=0)      Integ_Sn     Sn/S0(@r0)  
<multipole_order n>                    [T/m^n]      [T.m/m^n]        []       |    [T/m^n]      [T.m/m^n]        []      
n=00:                                5.7921e-01    -2.5243e-01   +1.0000e+00  |      ---           ---           ---     
n=01:                                7.5712e+00    +3.3776e+00   -1.6057e-01  |      ---           ---           ---     
n=02:                                6.4150e+00    +1.2686e+00   -7.2367e-04  |      ---           ---           ---     
n=03:                                3.6548e+01    -1.4276e+01   +9.7727e-05  |      ---           ---           ---     
n=04:                                7.9154e+03    -3.2426e+03   +2.6637e-04  |      ---           ---           ---     
n=05:                                2.0111e+05    -1.0581e+05   +1.0430e-04  |      ---           ---           ---     
n=06:                                5.1675e+07    +1.4547e+07   -1.7207e-04  |      ---           ---           ---     
