--- multipoles on reference trajectory (rz > 0) ---
effective_length:                   434.5633155914238 mm
perpendicular_grid:                 41 points in [-10.000000,+10.000000] mm
max_fitting_error_normal            0.047/6084.205 G/G
max_fitting_error_skew              326.556/326.556 G/G
r0_for_relative_multipoles          12 mm
main_monomial                       n = 0, skew:False
                                       Nn(s=0)      Integ_Nn     Nn/N0(@r0)   |    Sn(s=0)      Integ_Sn     Sn/S0(@r0)  
<multipole_order n>                    [T/m^n]      [T.m/m^n]        []       |    [T/m^n]      [T.m/m^n]        []      
n=00:                                5.2592e-01    -2.2855e-01   +1.0000e+00  |      ---           ---           ---     
n=01:                                6.9126e+00    +3.0669e+00   -1.6103e-01  |      ---           ---           ---     
n=02:                                4.6523e+00    +1.0150e+00   -6.3955e-04  |      ---           ---           ---     
n=03:                                7.9341e+01    -3.7885e+01   +2.8644e-04  |      ---           ---           ---     
n=04:                                8.3028e+03    -3.9409e+02   +3.5756e-05  |      ---           ---           ---     
n=05:                                2.6696e+05    +1.1524e+05   -1.2547e-04  |      ---           ---           ---     
n=06:                                5.8622e+07    -3.5725e+06   +4.6676e-05  |      ---           ---           ---     
