--- multipoles on reference trajectory (rz > 0) ---
effective_length:                   435.7015969490578 mm
perpendicular_grid:                 41 points in [-10.000000,+10.000000] mm
max_fitting_error_normal            0.054/6378.102 G/G
max_fitting_error_skew              334.995/334.995 G/G
r0_for_relative_multipoles          12 mm
main_monomial                       n = 0, skew:False
                                       Nn(s=0)      Integ_Nn     Nn/N0(@r0)   |    Sn(s=0)      Integ_Sn     Sn/S0(@r0)  
<multipole_order n>                    [T/m^n]      [T.m/m^n]        []       |    [T/m^n]      [T.m/m^n]        []      
n=00:                                5.5088e-01    -2.4002e-01   +1.0000e+00  |      ---           ---           ---     
n=01:                                7.2436e+00    +3.2226e+00   -1.6112e-01  |      ---           ---           ---     
n=02:                                6.2744e+00    +1.0945e+00   -6.5667e-04  |      ---           ---           ---     
n=03:                                4.0947e-01    -1.3880e+01   +9.9929e-05  |      ---           ---           ---     
n=04:                                2.4941e+04    -4.2078e+03   +3.6353e-04  |      ---           ---           ---     
n=05:                                4.1848e+05    -1.2722e+05   +1.3189e-04  |      ---           ---           ---     
n=06:                                1.4099e+08    +2.2427e+07   -2.7901e-04  |      ---           ---           ---     
