--- multipoles on reference trajectory (rz > 0) ---
effective_length:                   434.46308026362686 mm
perpendicular_grid:                 41 points in [-10.000000,+10.000000] mm
max_fitting_error_normal            0.036/4878.114 G/G
max_fitting_error_skew              339.414/339.414 G/G
r0_for_relative_multipoles          12 mm
main_monomial                       n = 0, skew:False
                                       Nn(s=0)      Integ_Nn     Nn/N0(@r0)   |    Sn(s=0)      Integ_Sn     Sn/S0(@r0)  
<multipole_order n>                    [T/m^n]      [T.m/m^n]        []       |    [T/m^n]      [T.m/m^n]        []      
n=00:                                5.5442e-01    -2.4087e-01   +1.0000e+00  |      ---           ---           ---     
n=01:                                7.3133e+00    +3.2362e+00   -1.6122e-01  |      ---           ---           ---     
n=02:                                4.3596e+00    +1.0067e+00   -6.0181e-04  |      ---           ---           ---     
n=03:                                3.4709e+01    -3.7583e+01   +2.6962e-04  |      ---           ---           ---     
n=04:                                2.0611e+03    -2.9149e+03   +2.5094e-04  |      ---           ---           ---     
n=05:                                2.2441e+05    +2.7593e+04   -2.8505e-05  |      ---           ---           ---     
n=06:                                8.9180e+06    +1.4739e+07   -1.8271e-04  |      ---           ---           ---     
