--- multipoles on reference trajectory (rz > 0) ---
effective_length:                   434.7093037675461 mm
perpendicular_grid:                 41 points in [-10.000000,+10.000000] mm
max_fitting_error_normal            0.020/5323.862 G/G
max_fitting_error_skew              325.165/325.165 G/G
r0_for_relative_multipoles          12 mm
main_monomial                       n = 0, skew:False
                                       Nn(s=0)      Integ_Nn     Nn/N0(@r0)   |    Sn(s=0)      Integ_Sn     Sn/S0(@r0)  
<multipole_order n>                    [T/m^n]      [T.m/m^n]        []       |    [T/m^n]      [T.m/m^n]        []      
n=00:                                5.2252e-01    -2.2714e-01   +1.0000e+00  |      ---           ---           ---     
n=01:                                6.8567e+00    +3.0530e+00   -1.6129e-01  |      ---           ---           ---     
n=02:                                5.0042e+00    +6.7059e-01   -4.2513e-04  |      ---           ---           ---     
n=03:                                5.4912e+00    -1.6479e+01   +1.2536e-04  |      ---           ---           ---     
n=04:                                3.3445e+03    -5.7041e+02   +5.2072e-05  |      ---           ---           ---     
n=05:                                3.1039e+05    -7.7212e+04   +8.4584e-05  |      ---           ---           ---     
n=06:                                1.5104e+07    -4.3392e+05   +5.7042e-06  |      ---           ---           ---     
