--- multipoles on reference trajectory (rz > 0) ---
effective_length:                   435.0649669954419 mm
perpendicular_grid:                 41 points in [-10.000000,+10.000000] mm
max_fitting_error_normal            0.047/4545.740 G/G
max_fitting_error_skew              325.149/325.149 G/G
r0_for_relative_multipoles          12 mm
main_monomial                       n = 0, skew:False
                                       Nn(s=0)      Integ_Nn     Nn/N0(@r0)   |    Sn(s=0)      Integ_Sn     Sn/S0(@r0)  
<multipole_order n>                    [T/m^n]      [T.m/m^n]        []       |    [T/m^n]      [T.m/m^n]        []      
n=00:                                5.2393e-01    -2.2795e-01   +1.0000e+00  |      ---           ---           ---     
n=01:                                6.8908e+00    +3.0655e+00   -1.6138e-01  |      ---           ---           ---     
n=02:                                3.8460e+00    +7.4225e-01   -4.6890e-04  |      ---           ---           ---     
n=03:                                1.6767e+00    -3.0216e+01   +2.2906e-04  |      ---           ---           ---     
n=04:                                2.8323e+04    +3.8262e+03   -3.4806e-04  |      ---           ---           ---     
n=05:                                4.8054e+05    +8.1141e+03   -8.8576e-06  |      ---           ---           ---     
n=06:                                1.7354e+08    -2.4806e+07   +3.2495e-04  |      ---           ---           ---     
