--- multipoles on reference trajectory (rz > 0) ---
effective_length:                   436.0763084913432 mm
perpendicular_grid:                 41 points in [-10.000000,+10.000000] mm
max_fitting_error_normal            0.044/4884.257 G/G
max_fitting_error_skew              355.062/355.062 G/G
r0_for_relative_multipoles          12 mm
main_monomial                       n = 0, skew:False
                                       Nn(s=0)      Integ_Nn     Nn/N0(@r0)   |    Sn(s=0)      Integ_Sn     Sn/S0(@r0)  
<multipole_order n>                    [T/m^n]      [T.m/m^n]        []       |    [T/m^n]      [T.m/m^n]        []      
n=00:                                5.5207e-01    -2.4074e-01   +1.0000e+00  |      ---           ---           ---     
n=01:                                7.2062e+00    +3.2204e+00   -1.6053e-01  |      ---           ---           ---     
n=02:                                5.2370e+00    +8.1791e-01   -4.8923e-04  |      ---           ---           ---     
n=03:                                1.1716e+02    -3.9779e+01   +2.8552e-04  |      ---           ---           ---     
n=04:                                3.4778e+03    -1.1313e+03   +9.7445e-05  |      ---           ---           ---     
n=05:                                2.3720e+05    +3.2500e+04   -3.3592e-05  |      ---           ---           ---     
n=06:                                1.7631e+07    +7.9024e+06   -9.8015e-05  |      ---           ---           ---     
