--- multipoles on reference trajectory (rz > 0) ---
effective_length:                   436.2822369198485 mm
perpendicular_grid:                 41 points in [-10.000000,+10.000000] mm
max_fitting_error_normal            0.054/4854.738 G/G
max_fitting_error_skew              355.874/355.874 G/G
r0_for_relative_multipoles          12 mm
main_monomial                       n = 0, skew:False
                                       Nn(s=0)      Integ_Nn     Nn/N0(@r0)   |    Sn(s=0)      Integ_Sn     Sn/S0(@r0)  
<multipole_order n>                    [T/m^n]      [T.m/m^n]        []       |    [T/m^n]      [T.m/m^n]        []      
n=00:                                5.4921e-01    -2.3961e-01   +1.0000e+00  |      ---           ---           ---     
n=01:                                7.1967e+00    +3.2235e+00   -1.6144e-01  |      ---           ---           ---     
n=02:                                4.9997e+00    +9.4902e-01   -5.7034e-04  |      ---           ---           ---     
n=03:                                7.3678e+01    -5.2601e+01   +3.7934e-04  |      ---           ---           ---     
n=04:                                2.0572e+04    -3.6633e+02   +3.1703e-05  |      ---           ---           ---     
n=05:                                1.0944e+05    +1.3661e+05   -1.4186e-04  |      ---           ---           ---     
n=06:                                1.1463e+08    -1.3230e+06   +1.6487e-05  |      ---           ---           ---     
