--- multipoles on reference trajectory (rz > 0) ---
effective_length:                   436.14166426203093 mm
perpendicular_grid:                 41 points in [-10.000000,+10.000000] mm
max_fitting_error_normal            0.025/6057.211 G/G
max_fitting_error_skew              321.286/321.286 G/G
r0_for_relative_multipoles          12 mm
main_monomial                       n = 0, skew:False
                                       Nn(s=0)      Integ_Nn     Nn/N0(@r0)   |    Sn(s=0)      Integ_Sn     Sn/S0(@r0)  
<multipole_order n>                    [T/m^n]      [T.m/m^n]        []       |    [T/m^n]      [T.m/m^n]        []      
n=00:                                5.2249e-01    -2.2788e-01   +1.0000e+00  |      ---           ---           ---     
n=01:                                6.8390e+00    +3.0656e+00   -1.6143e-01  |      ---           ---           ---     
n=02:                                5.8901e+00    +9.2985e-01   -5.8758e-04  |      ---           ---           ---     
n=03:                                1.1044e+01    -1.5577e+01   +1.1812e-04  |      ---           ---           ---     
n=04:                                1.5902e+03    -1.3718e+02   +1.2483e-05  |      ---           ---           ---     
n=05:                                1.7338e+05    -4.3995e+04   +4.8040e-05  |      ---           ---           ---     
n=06:                                5.1764e+06    -2.4410e+06   +3.1986e-05  |      ---           ---           ---     
