--- multipoles on reference trajectory (rz > 0) ---
effective_length:                   436.29391955672935 mm
perpendicular_grid:                 41 points in [-10.000000,+10.000000] mm
max_fitting_error_normal            0.036/4881.426 G/G
max_fitting_error_skew              357.701/357.701 G/G
r0_for_relative_multipoles          12 mm
main_monomial                       n = 0, skew:False
                                       Nn(s=0)      Integ_Nn     Nn/N0(@r0)   |    Sn(s=0)      Integ_Sn     Sn/S0(@r0)  
<multipole_order n>                    [T/m^n]      [T.m/m^n]        []       |    [T/m^n]      [T.m/m^n]        []      
n=00:                                5.5210e-01    -2.4088e-01   +1.0000e+00  |      ---           ---           ---     
n=01:                                7.2227e+00    +3.2359e+00   -1.6121e-01  |      ---           ---           ---     
n=02:                                5.4967e+00    +8.5091e-01   -5.0868e-04  |      ---           ---           ---     
n=03:                                1.8690e+01    -2.8179e+01   +2.0215e-04  |      ---           ---           ---     
n=04:                                3.5927e+03    -6.9359e+02   +5.9708e-05  |      ---           ---           ---     
n=05:                                1.2743e+05    -6.1203e+03   +6.3224e-06  |      ---           ---           ---     
n=06:                                7.2481e+06    +6.2429e+06   -7.7388e-05  |      ---           ---           ---     
