--- multipoles on reference trajectory (rz > 0) ---
effective_length:                   434.8534709178284 mm
perpendicular_grid:                 41 points in [-10.000000,+10.000000] mm
max_fitting_error_normal            0.038/6719.288 G/G
max_fitting_error_skew              363.379/363.379 G/G
r0_for_relative_multipoles          12 mm
main_monomial                       n = 0, skew:False
                                       Nn(s=0)      Integ_Nn     Nn/N0(@r0)   |    Sn(s=0)      Integ_Sn     Sn/S0(@r0)  
<multipole_order n>                    [T/m^n]      [T.m/m^n]        []       |    [T/m^n]      [T.m/m^n]        []      
n=00:                                5.8083e-01    -2.5258e-01   +1.0000e+00  |      ---           ---           ---     
n=01:                                7.5978e+00    +3.3758e+00   -1.6039e-01  |      ---           ---           ---     
n=02:                                6.5801e+00    +1.2025e+00   -6.8556e-04  |      ---           ---           ---     
n=03:                                9.2312e+01    -1.0163e+01   +6.9530e-05  |      ---           ---           ---     
n=04:                                1.4040e+04    -7.1136e+02   +5.8401e-05  |      ---           ---           ---     
n=05:                                1.0352e+06    -1.2453e+05   +1.2269e-04  |      ---           ---           ---     
n=06:                                7.5982e+07    +8.1339e+05   -9.6160e-06  |      ---           ---           ---     
