--- multipoles on reference trajectory (rz > 0) ---
effective_length:                   434.4678447123976 mm
perpendicular_grid:                 41 points in [-10.000000,+10.000000] mm
max_fitting_error_normal            0.036/4882.647 G/G
max_fitting_error_skew              339.660/339.660 G/G
r0_for_relative_multipoles          12 mm
main_monomial                       n = 0, skew:False
                                       Nn(s=0)      Integ_Nn     Nn/N0(@r0)   |    Sn(s=0)      Integ_Sn     Sn/S0(@r0)  
<multipole_order n>                    [T/m^n]      [T.m/m^n]        []       |    [T/m^n]      [T.m/m^n]        []      
n=00:                                5.5485e-01    -2.4106e-01   +1.0000e+00  |      ---           ---           ---     
n=01:                                7.3128e+00    +3.2361e+00   -1.6109e-01  |      ---           ---           ---     
n=02:                                4.3626e+00    +1.0147e+00   -6.0613e-04  |      ---           ---           ---     
n=03:                                3.4890e+01    -3.6973e+01   +2.6503e-04  |      ---           ---           ---     
n=04:                                2.2395e+03    -2.9728e+03   +2.5571e-04  |      ---           ---           ---     
n=05:                                2.2454e+05    +2.3193e+04   -2.3940e-05  |      ---           ---           ---     
n=06:                                9.8492e+06    +1.5157e+07   -1.8774e-04  |      ---           ---           ---     
