--- multipoles on reference trajectory (rz > 0) ---
effective_length:                   435.4291608414897 mm
perpendicular_grid:                 41 points in [-10.000000,+10.000000] mm
max_fitting_error_normal            0.049/4801.809 G/G
max_fitting_error_skew              337.831/337.831 G/G
r0_for_relative_multipoles          12 mm
main_monomial                       n = 0, skew:False
                                       Nn(s=0)      Integ_Nn     Nn/N0(@r0)   |    Sn(s=0)      Integ_Sn     Sn/S0(@r0)  
<multipole_order n>                    [T/m^n]      [T.m/m^n]        []       |    [T/m^n]      [T.m/m^n]        []      
n=00:                                5.5309e-01    -2.4083e-01   +1.0000e+00  |      ---           ---           ---     
n=01:                                7.2436e+00    +3.2313e+00   -1.6101e-01  |      ---           ---           ---     
n=02:                                6.2153e+00    +1.1104e+00   -6.6393e-04  |      ---           ---           ---     
n=03:                                1.8268e+02    -4.2118e+01   +3.0220e-04  |      ---           ---           ---     
n=04:                                1.3997e+04    -4.5321e+03   +3.9022e-04  |      ---           ---           ---     
n=05:                                9.1412e+05    +6.4285e+04   -6.6420e-05  |      ---           ---           ---     
n=06:                                1.0260e+08    +2.7688e+07   -3.4329e-04  |      ---           ---           ---     
