--- multipoles on reference trajectory (rz > 0) ---
effective_length:                   433.7911096364287 mm
perpendicular_grid:                 41 points in [-10.000000,+10.000000] mm
max_fitting_error_normal            0.028/6458.553 G/G
max_fitting_error_skew              335.398/335.398 G/G
r0_for_relative_multipoles          12 mm
main_monomial                       n = 0, skew:False
                                       Nn(s=0)      Integ_Nn     Nn/N0(@r0)   |    Sn(s=0)      Integ_Sn     Sn/S0(@r0)  
<multipole_order n>                    [T/m^n]      [T.m/m^n]        []       |    [T/m^n]      [T.m/m^n]        []      
n=00:                                5.5721e-01    -2.4171e-01   +1.0000e+00  |      ---           ---           ---     
n=01:                                7.3159e+00    +3.2281e+00   -1.6026e-01  |      ---           ---           ---     
n=02:                                4.5815e+00    +8.7541e-01   -5.2153e-04  |      ---           ---           ---     
n=03:                                1.2512e+02    -3.1655e+01   +2.2630e-04  |      ---           ---           ---     
n=04:                                8.5315e+01    -2.8208e+02   +2.4199e-05  |      ---           ---           ---     
n=05:                                4.5738e+05    -2.6684e+03   +2.7470e-06  |      ---           ---           ---     
n=06:                                5.9661e+06    +1.0864e+06   -1.3421e-05  |      ---           ---           ---     
