--- multipoles on reference trajectory (rz > 0) ---
effective_length:                   434.90932337460407 mm
perpendicular_grid:                 41 points in [-10.000000,+10.000000] mm
max_fitting_error_normal            0.049/6403.447 G/G
max_fitting_error_skew              357.580/357.580 G/G
r0_for_relative_multipoles          12 mm
main_monomial                       n = 0, skew:False
                                       Nn(s=0)      Integ_Nn     Nn/N0(@r0)   |    Sn(s=0)      Integ_Sn     Sn/S0(@r0)  
<multipole_order n>                    [T/m^n]      [T.m/m^n]        []       |    [T/m^n]      [T.m/m^n]        []      
n=00:                                5.5339e-01    -2.4067e-01   +1.0000e+00  |      ---           ---           ---     
n=01:                                7.2844e+00    +3.2334e+00   -1.6122e-01  |      ---           ---           ---     
n=02:                                5.2879e+00    +1.0248e+00   -6.1317e-04  |      ---           ---           ---     
n=03:                                3.6156e+01    -2.3926e+01   +1.7179e-04  |      ---           ---           ---     
n=04:                                1.1992e+04    -4.0878e+03   +3.5220e-04  |      ---           ---           ---     
n=05:                                1.1498e+05    -8.6406e+04   +8.9335e-05  |      ---           ---           ---     
n=06:                                8.1059e+07    +2.5412e+07   -3.1529e-04  |      ---           ---           ---     
