--- multipoles on reference trajectory (rz > 0) ---
effective_length:                   435.0604104086218 mm
perpendicular_grid:                 41 points in [-10.000000,+10.000000] mm
max_fitting_error_normal            0.044/4887.940 G/G
max_fitting_error_skew              342.459/342.459 G/G
r0_for_relative_multipoles          12 mm
main_monomial                       n = 0, skew:False
                                       Nn(s=0)      Integ_Nn     Nn/N0(@r0)   |    Sn(s=0)      Integ_Sn     Sn/S0(@r0)  
<multipole_order n>                    [T/m^n]      [T.m/m^n]        []       |    [T/m^n]      [T.m/m^n]        []      
n=00:                                5.5351e-01    -2.4081e-01   +1.0000e+00  |      ---           ---           ---     
n=01:                                7.2735e+00    +3.2340e+00   -1.6115e-01  |      ---           ---           ---     
n=02:                                5.4814e+00    +7.6977e-01   -4.6031e-04  |      ---           ---           ---     
n=03:                                5.5986e+01    -3.6943e+01   +2.6509e-04  |      ---           ---           ---     
n=04:                                3.1912e+03    +3.2728e+03   -2.8182e-04  |      ---           ---           ---     
n=05:                                1.1920e+05    +1.1641e+04   -1.2029e-05  |      ---           ---           ---     
n=06:                                1.2211e+07    -2.1694e+07   +2.6900e-04  |      ---           ---           ---     
