--- multipoles on reference trajectory (rz > 0) ---
effective_length:                   434.2006553964363 mm
perpendicular_grid:                 41 points in [-10.000000,+10.000000] mm
max_fitting_error_normal            0.060/6061.447 G/G
max_fitting_error_skew              310.418/310.418 G/G
r0_for_relative_multipoles          12 mm
main_monomial                       n = 0, skew:False
                                       Nn(s=0)      Integ_Nn     Nn/N0(@r0)   |    Sn(s=0)      Integ_Sn     Sn/S0(@r0)  
<multipole_order n>                    [T/m^n]      [T.m/m^n]        []       |    [T/m^n]      [T.m/m^n]        []      
n=00:                                5.2462e-01    -2.2779e-01   +1.0000e+00  |      ---           ---           ---     
n=01:                                6.8923e+00    +3.0563e+00   -1.6101e-01  |      ---           ---           ---     
n=02:                                4.8793e+00    +6.6451e-01   -4.2008e-04  |      ---           ---           ---     
n=03:                                3.3185e+01    -5.9435e+00   +4.5088e-05  |      ---           ---           ---     
n=04:                                1.4230e+04    -8.9796e+02   +8.1743e-05  |      ---           ---           ---     
n=05:                                5.9763e+04    -2.1912e+05   +2.3937e-04  |      ---           ---           ---     
n=06:                                9.7420e+07    +8.5081e+06   -1.1153e-04  |      ---           ---           ---     
