--- multipoles on reference trajectory (rz > 0) ---
effective_length:                   436.5759863271711 mm
perpendicular_grid:                 41 points in [-10.000000,+10.000000] mm
max_fitting_error_normal            0.037/6434.971 G/G
max_fitting_error_skew              359.476/359.476 G/G
r0_for_relative_multipoles          12 mm
main_monomial                       n = 0, skew:False
                                       Nn(s=0)      Integ_Nn     Nn/N0(@r0)   |    Sn(s=0)      Integ_Sn     Sn/S0(@r0)  
<multipole_order n>                    [T/m^n]      [T.m/m^n]        []       |    [T/m^n]      [T.m/m^n]        []      
n=00:                                5.5385e-01    -2.4180e-01   +1.0000e+00  |      ---           ---           ---     
n=01:                                7.2200e+00    +3.2355e+00   -1.6057e-01  |      ---           ---           ---     
n=02:                                5.5252e+00    +1.1894e+00   -7.0832e-04  |      ---           ---           ---     
n=03:                                2.4899e+01    -2.0304e+01   +1.4510e-04  |      ---           ---           ---     
n=04:                                3.2891e+03    -3.7379e+03   +3.2056e-04  |      ---           ---           ---     
n=05:                                1.1025e+05    -1.4448e+04   +1.4868e-05  |      ---           ---           ---     
n=06:                                1.0961e+07    +2.0905e+07   -2.5816e-04  |      ---           ---           ---     
