--- multipoles on reference trajectory (rz > 0) ---
effective_length:                   436.72362865816945 mm
perpendicular_grid:                 41 points in [-10.000000,+10.000000] mm
max_fitting_error_normal            0.025/4868.723 G/G
max_fitting_error_skew              337.704/337.704 G/G
r0_for_relative_multipoles          12 mm
main_monomial                       n = 0, skew:False
                                       Nn(s=0)      Integ_Nn     Nn/N0(@r0)   |    Sn(s=0)      Integ_Sn     Sn/S0(@r0)  
<multipole_order n>                    [T/m^n]      [T.m/m^n]        []       |    [T/m^n]      [T.m/m^n]        []      
n=00:                                5.5184e-01    -2.4100e-01   +1.0000e+00  |      ---           ---           ---     
n=01:                                7.2422e+00    +3.2399e+00   -1.6132e-01  |      ---           ---           ---     
n=02:                                4.8790e+00    +7.2329e-01   -4.3217e-04  |      ---           ---           ---     
n=03:                                3.3732e+01    -1.6355e+01   +1.1726e-04  |      ---           ---           ---     
n=04:                                9.6939e+03    +2.6617e+03   -2.2901e-04  |      ---           ---           ---     
n=05:                                8.8466e+04    -8.2212e+04   +8.4883e-05  |      ---           ---           ---     
n=06:                                4.4204e+07    -1.3111e+07   +1.6245e-04  |      ---           ---           ---     
