--- multipoles on reference trajectory (rz > 0) ---
effective_length:                   435.0899214143719 mm
perpendicular_grid:                 41 points in [-10.000000,+10.000000] mm
max_fitting_error_normal            0.043/6690.401 G/G
max_fitting_error_skew              357.981/357.981 G/G
r0_for_relative_multipoles          12 mm
main_monomial                       n = 0, skew:False
                                       Nn(s=0)      Integ_Nn     Nn/N0(@r0)   |    Sn(s=0)      Integ_Sn     Sn/S0(@r0)  
<multipole_order n>                    [T/m^n]      [T.m/m^n]        []       |    [T/m^n]      [T.m/m^n]        []      
n=00:                                5.7760e-01    -2.5131e-01   +1.0000e+00  |      ---           ---           ---     
n=01:                                7.5870e+00    +3.3747e+00   -1.6115e-01  |      ---           ---           ---     
n=02:                                5.3568e+00    +9.7145e-01   -5.5665e-04  |      ---           ---           ---     
n=03:                                7.5209e+01    -3.2788e+01   +2.2545e-04  |      ---           ---           ---     
n=04:                                1.9677e+04    +5.8443e+02   -4.8223e-05  |      ---           ---           ---     
n=05:                                2.1873e+05    +2.8493e+04   -2.8213e-05  |      ---           ---           ---     
n=06:                                1.2392e+08    -8.5615e+06   +1.0173e-04  |      ---           ---           ---     
