--- multipoles on reference trajectory (rz > 0) ---
effective_length:                   436.28971187514134 mm
perpendicular_grid:                 41 points in [-10.000000,+10.000000] mm
max_fitting_error_normal            0.054/4859.256 G/G
max_fitting_error_skew              356.113/356.113 G/G
r0_for_relative_multipoles          12 mm
main_monomial                       n = 0, skew:False
                                       Nn(s=0)      Integ_Nn     Nn/N0(@r0)   |    Sn(s=0)      Integ_Sn     Sn/S0(@r0)  
<multipole_order n>                    [T/m^n]      [T.m/m^n]        []       |    [T/m^n]      [T.m/m^n]        []      
n=00:                                5.4963e-01    -2.3980e-01   +1.0000e+00  |      ---           ---           ---     
n=01:                                7.1961e+00    +3.2234e+00   -1.6130e-01  |      ---           ---           ---     
n=02:                                5.0137e+00    +9.6119e-01   -5.7720e-04  |      ---           ---           ---     
n=03:                                7.7248e+01    -5.2458e+01   +3.7801e-04  |      ---           ---           ---     
n=04:                                2.0510e+04    -5.0778e+02   +4.3909e-05  |      ---           ---           ---     
n=05:                                1.3647e+05    +1.3651e+05   -1.4165e-04  |      ---           ---           ---     
n=06:                                1.1442e+08    -4.8223e+05   +6.0048e-06  |      ---           ---           ---     
