--- multipoles on reference trajectory (rz > 0) ---
effective_length:                   433.3702414911418 mm
perpendicular_grid:                 41 points in [-10.000000,+10.000000] mm
max_fitting_error_normal            0.059/6085.324 G/G
max_fitting_error_skew              324.659/324.659 G/G
r0_for_relative_multipoles          12 mm
main_monomial                       n = 0, skew:False
                                       Nn(s=0)      Integ_Nn     Nn/N0(@r0)   |    Sn(s=0)      Integ_Sn     Sn/S0(@r0)  
<multipole_order n>                    [T/m^n]      [T.m/m^n]        []       |    [T/m^n]      [T.m/m^n]        []      
n=00:                                5.2820e-01    -2.2891e-01   +1.0000e+00  |      ---           ---           ---     
n=01:                                6.9585e+00    +3.0591e+00   -1.6037e-01  |      ---           ---           ---     
n=02:                                4.1176e+00    +8.3801e-01   -5.2717e-04  |      ---           ---           ---     
n=03:                                9.2486e+01    -2.0352e+01   +1.5363e-04  |      ---           ---           ---     
n=04:                                7.1625e+03    -8.4539e+02   +7.6582e-05  |      ---           ---           ---     
n=05:                                2.3345e+05    -9.7696e+04   +1.0620e-04  |      ---           ---           ---     
n=06:                                4.0594e+07    +8.8164e+05   -1.1501e-05  |      ---           ---           ---     
