--- multipoles on reference trajectory (rz > 0) ---
effective_length:                   435.0287830887526 mm
perpendicular_grid:                 41 points in [-10.000000,+10.000000] mm
max_fitting_error_normal            0.027/5505.916 G/G
max_fitting_error_skew              336.617/336.617 G/G
r0_for_relative_multipoles          12 mm
main_monomial                       n = 0, skew:False
                                       Nn(s=0)      Integ_Nn     Nn/N0(@r0)   |    Sn(s=0)      Integ_Sn     Sn/S0(@r0)  
<multipole_order n>                    [T/m^n]      [T.m/m^n]        []       |    [T/m^n]      [T.m/m^n]        []      
n=00:                                5.5424e-01    -2.4111e-01   +1.0000e+00  |      ---           ---           ---     
n=01:                                7.2493e+00    +3.2252e+00   -1.6052e-01  |      ---           ---           ---     
n=02:                                5.7149e+00    +9.6362e-01   -5.7551e-04  |      ---           ---           ---     
n=03:                                2.1622e+01    -1.5607e+01   +1.1185e-04  |      ---           ---           ---     
n=04:                                7.3523e+03    -1.4794e+03   +1.2723e-04  |      ---           ---           ---     
n=05:                                5.5047e+05    -9.3453e+04   +9.6446e-05  |      ---           ---           ---     
n=06:                                3.8949e+07    +3.8538e+06   -4.7727e-05  |      ---           ---           ---     
