--- multipoles on reference trajectory (rz > 0) ---
effective_length:                   435.2239037458099 mm
perpendicular_grid:                 41 points in [-10.000000,+10.000000] mm
max_fitting_error_normal            0.035/2780.249 G/G
max_fitting_error_skew              338.595/338.595 G/G
r0_for_relative_multipoles          12 mm
main_monomial                       n = 0, skew:False
                                       Nn(s=0)      Integ_Nn     Nn/N0(@r0)   |    Sn(s=0)      Integ_Sn     Sn/S0(@r0)  
<multipole_order n>                    [T/m^n]      [T.m/m^n]        []       |    [T/m^n]      [T.m/m^n]        []      
n=00:                                5.5311e-01    -2.4073e-01   +1.0000e+00  |      ---           ---           ---     
n=01:                                7.2312e+00    +3.2173e+00   -1.6038e-01  |      ---           ---           ---     
n=02:                                5.2533e+00    +7.6535e-01   -4.5782e-04  |      ---           ---           ---     
n=03:                                5.2931e+01    -1.5191e+01   +1.0904e-04  |      ---           ---           ---     
n=04:                                5.9698e+03    -7.9707e+02   +6.8658e-05  |      ---           ---           ---     
n=05:                                1.0321e+05    -1.0679e+05   +1.1039e-04  |      ---           ---           ---     
n=06:                                4.4427e+07    +6.5853e+06   -8.1683e-05  |      ---           ---           ---     
