--- multipoles on reference trajectory (rz > 0) ---
effective_length:                   434.1241169429241 mm
perpendicular_grid:                 41 points in [-10.000000,+10.000000] mm
max_fitting_error_normal            0.043/3208.456 G/G
max_fitting_error_skew              339.232/339.232 G/G
r0_for_relative_multipoles          12 mm
main_monomial                       n = 0, skew:False
                                       Nn(s=0)      Integ_Nn     Nn/N0(@r0)   |    Sn(s=0)      Integ_Sn     Sn/S0(@r0)  
<multipole_order n>                    [T/m^n]      [T.m/m^n]        []       |    [T/m^n]      [T.m/m^n]        []      
n=00:                                5.5227e-01    -2.3975e-01   +1.0000e+00  |      ---           ---           ---     
n=01:                                7.2598e+00    +3.2174e+00   -1.6103e-01  |      ---           ---           ---     
n=02:                                4.9222e+00    +8.0712e-01   -4.8477e-04  |      ---           ---           ---     
n=03:                                6.6073e+01    -4.3268e+01   +3.1185e-04  |      ---           ---           ---     
n=04:                                9.2117e+01    -2.1237e+03   +1.8368e-04  |      ---           ---           ---     
n=05:                                2.3338e+04    +1.2346e+04   -1.2814e-05  |      ---           ---           ---     
n=06:                                2.6659e+06    +1.1774e+07   -1.4664e-04  |      ---           ---           ---     
