--- multipoles on reference trajectory (rz > 0) ---
effective_length:                   434.43453702898034 mm
perpendicular_grid:                 41 points in [-10.000000,+10.000000] mm
max_fitting_error_normal            0.036/4880.993 G/G
max_fitting_error_skew              337.982/337.982 G/G
r0_for_relative_multipoles          12 mm
main_monomial                       n = 0, skew:False
                                       Nn(s=0)      Integ_Nn     Nn/N0(@r0)   |    Sn(s=0)      Integ_Sn     Sn/S0(@r0)  
<multipole_order n>                    [T/m^n]      [T.m/m^n]        []       |    [T/m^n]      [T.m/m^n]        []      
n=00:                                5.5461e-01    -2.4094e-01   +1.0000e+00  |      ---           ---           ---     
n=01:                                7.2931e+00    +3.2361e+00   -1.6117e-01  |      ---           ---           ---     
n=02:                                5.6780e+00    +9.0974e-01   -5.4371e-04  |      ---           ---           ---     
n=03:                                1.0231e+02    -3.7670e+01   +2.7016e-04  |      ---           ---           ---     
n=04:                                6.3437e+03    +1.4661e+03   -1.2618e-04  |      ---           ---           ---     
n=05:                                2.8605e+05    -4.3303e+03   +4.4721e-06  |      ---           ---           ---     
n=06:                                4.0932e+07    -9.6074e+06   +1.1906e-04  |      ---           ---           ---     
