--- multipoles on reference trajectory (rz > 0) ---
effective_length:                   435.12140216884194 mm
perpendicular_grid:                 41 points in [-10.000000,+10.000000] mm
max_fitting_error_normal            0.041/4876.573 G/G
max_fitting_error_skew              350.981/350.981 G/G
r0_for_relative_multipoles          12 mm
main_monomial                       n = 0, skew:False
                                       Nn(s=0)      Integ_Nn     Nn/N0(@r0)   |    Sn(s=0)      Integ_Sn     Sn/S0(@r0)  
<multipole_order n>                    [T/m^n]      [T.m/m^n]        []       |    [T/m^n]      [T.m/m^n]        []      
n=00:                                5.5335e-01    -2.4078e-01   +1.0000e+00  |      ---           ---           ---     
n=01:                                7.2574e+00    +3.2334e+00   -1.6115e-01  |      ---           ---           ---     
n=02:                                5.3541e+00    +8.9092e-01   -5.3283e-04  |      ---           ---           ---     
n=03:                                2.6711e+01    -2.9614e+01   +2.1254e-04  |      ---           ---           ---     
n=04:                                9.7491e+03    +1.0493e+02   -9.0364e-06  |      ---           ---           ---     
n=05:                                2.3471e+05    -2.0879e+04   +2.1578e-05  |      ---           ---           ---     
n=06:                                6.7780e+07    -2.1606e+06   +2.6794e-05  |      ---           ---           ---     
