--- multipoles on reference trajectory (rz > 0) ---
effective_length:                   433.3442249127288 mm
perpendicular_grid:                 41 points in [-10.000000,+10.000000] mm
max_fitting_error_normal            0.045/5501.186 G/G
max_fitting_error_skew              333.609/333.609 G/G
r0_for_relative_multipoles          12 mm
main_monomial                       n = 0, skew:False
                                       Nn(s=0)      Integ_Nn     Nn/N0(@r0)   |    Sn(s=0)      Integ_Sn     Sn/S0(@r0)  
<multipole_order n>                    [T/m^n]      [T.m/m^n]        []       |    [T/m^n]      [T.m/m^n]        []      
n=00:                                5.5704e-01    -2.4139e-01   +1.0000e+00  |      ---           ---           ---     
n=01:                                7.3230e+00    +3.2329e+00   -1.6071e-01  |      ---           ---           ---     
n=02:                                4.3335e+00    +1.0908e+00   -6.5071e-04  |      ---           ---           ---     
n=03:                                2.3944e+01    -3.9515e+01   +2.8287e-04  |      ---           ---           ---     
n=04:                                1.4079e+04    -2.6036e+03   +2.2366e-04  |      ---           ---           ---     
n=05:                                1.5673e+05    +3.9517e+04   -4.0735e-05  |      ---           ---           ---     
n=06:                                6.8644e+07    +1.5898e+07   -1.9665e-04  |      ---           ---           ---     
