--- multipoles on reference trajectory (rz > 0) ---
effective_length:                   436.27351968392657 mm
perpendicular_grid:                 41 points in [-10.000000,+10.000000] mm
max_fitting_error_normal            0.206/5198.419 G/G
max_fitting_error_skew              4.968/4.968 G/G
r0_for_relative_multipoles          12 mm
main_monomial                       n = 0, skew:False
                                       Nn(s=0)      Integ_Nn     Nn/N0(@r0)   |    Sn(s=0)      Integ_Sn     Sn/S0(@r0)  
<multipole_order n>                    [T/m^n]      [T.m/m^n]        []       |    [T/m^n]      [T.m/m^n]        []      
n=00:                                5.5731e-01    -2.4314e-01   +1.0000e+00  |      ---           ---           ---     
n=01:                                7.3119e+00    +3.2702e+00   -1.6140e-01  |      ---           ---           ---     
n=02:                                6.5190e+00    +1.0935e+00   -6.4766e-04  |      ---           ---           ---     
n=03:                                8.9817e+01    -3.4915e+01   +2.4814e-04  |      ---           ---           ---     
n=04:                                2.2743e+04    -6.2734e+03   +5.3503e-04  |      ---           ---           ---     
n=05:                                1.3892e+05    -5.2050e+03   +5.3269e-06  |      ---           ---           ---     
n=06:                                1.2281e+08    +2.4365e+07   -2.9923e-04  |      ---           ---           ---     
