--- multipoles on reference trajectory (rz > 0) ---
effective_length:                   436.3230125719505 mm
perpendicular_grid:                 41 points in [-10.000000,+10.000000] mm
max_fitting_error_normal            0.047/3745.957 G/G
max_fitting_error_skew              357.065/357.065 G/G
r0_for_relative_multipoles          12 mm
main_monomial                       n = 0, skew:False
                                       Nn(s=0)      Integ_Nn     Nn/N0(@r0)   |    Sn(s=0)      Integ_Sn     Sn/S0(@r0)  
<multipole_order n>                    [T/m^n]      [T.m/m^n]        []       |    [T/m^n]      [T.m/m^n]        []      
n=00:                                5.7662e-01    -2.5159e-01   +1.0000e+00  |      ---           ---           ---     
n=01:                                7.5348e+00    +3.3765e+00   -1.6105e-01  |      ---           ---           ---     
n=02:                                6.0694e+00    +8.6789e-01   -4.9674e-04  |      ---           ---           ---     
n=03:                                4.6199e+00    -1.1245e+01   +7.7231e-05  |      ---           ---           ---     
n=04:                                9.8664e+03    +1.3667e+03   -1.1264e-04  |      ---           ---           ---     
n=05:                                3.7495e+05    -1.2277e+05   +1.2142e-04  |      ---           ---           ---     
n=06:                                5.6450e+07    -5.0941e+06   +6.0458e-05  |      ---           ---           ---     
