--- multipoles on reference trajectory (rz > 0) ---
effective_length:                   434.6388306560094 mm
perpendicular_grid:                 41 points in [-10.000000,+10.000000] mm
max_fitting_error_normal            0.048/3033.564 G/G
max_fitting_error_skew              323.068/323.068 G/G
r0_for_relative_multipoles          12 mm
main_monomial                       n = 0, skew:False
                                       Nn(s=0)      Integ_Nn     Nn/N0(@r0)   |    Sn(s=0)      Integ_Sn     Sn/S0(@r0)  
<multipole_order n>                    [T/m^n]      [T.m/m^n]        []       |    [T/m^n]      [T.m/m^n]        []      
n=00:                                5.2680e-01    -2.2897e-01   +1.0000e+00  |      ---           ---           ---     
n=01:                                6.9053e+00    +3.0602e+00   -1.6038e-01  |      ---           ---           ---     
n=02:                                5.0512e+00    +7.8821e-01   -4.9571e-04  |      ---           ---           ---     
n=03:                                2.9806e+01    -1.4244e+01   +1.0750e-04  |      ---           ---           ---     
n=04:                                1.0940e+04    +1.0876e+03   -9.8498e-05  |      ---           ---           ---     
n=05:                                2.2804e+05    -1.4142e+05   +1.5368e-04  |      ---           ---           ---     
n=06:                                7.0112e+07    -1.0235e+07   +1.3348e-04  |      ---           ---           ---     
