--- multipoles on reference trajectory (rz > 0) ---
effective_length:                   435.40791340209995 mm
perpendicular_grid:                 41 points in [-10.000000,+10.000000] mm
max_fitting_error_normal            0.048/6691.797 G/G
max_fitting_error_skew              361.341/361.341 G/G
r0_for_relative_multipoles          12 mm
main_monomial                       n = 0, skew:False
                                       Nn(s=0)      Integ_Nn     Nn/N0(@r0)   |    Sn(s=0)      Integ_Sn     Sn/S0(@r0)  
<multipole_order n>                    [T/m^n]      [T.m/m^n]        []       |    [T/m^n]      [T.m/m^n]        []      
n=00:                                5.7782e-01    -2.5159e-01   +1.0000e+00  |      ---           ---           ---     
n=01:                                7.5808e+00    +3.3776e+00   -1.6110e-01  |      ---           ---           ---     
n=02:                                5.8715e+00    +1.1184e+00   -6.4016e-04  |      ---           ---           ---     
n=03:                                9.8342e+00    -2.3838e+01   +1.6373e-04  |      ---           ---           ---     
n=04:                                1.0961e+04    +1.1362e+03   -9.3649e-05  |      ---           ---           ---     
n=05:                                4.1562e+05    -1.3637e+04   +1.3487e-05  |      ---           ---           ---     
n=06:                                7.6611e+07    -1.1585e+07   +1.3749e-04  |      ---           ---           ---     
