--- multipoles on reference trajectory (rz > 0) ---
effective_length:                   436.0157886465672 mm
perpendicular_grid:                 41 points in [-10.000000,+10.000000] mm
max_fitting_error_normal            0.037/3779.553 G/G
max_fitting_error_skew              354.055/354.055 G/G
r0_for_relative_multipoles          12 mm
main_monomial                       n = 0, skew:False
                                       Nn(s=0)      Integ_Nn     Nn/N0(@r0)   |    Sn(s=0)      Integ_Sn     Sn/S0(@r0)  
<multipole_order n>                    [T/m^n]      [T.m/m^n]        []       |    [T/m^n]      [T.m/m^n]        []      
n=00:                                5.5032e-01    -2.3995e-01   +1.0000e+00  |      ---           ---           ---     
n=01:                                7.2088e+00    +3.2208e+00   -1.6108e-01  |      ---           ---           ---     
n=02:                                5.1363e+00    +7.8487e-01   -4.7102e-04  |      ---           ---           ---     
n=03:                                1.1357e+02    -4.0431e+01   +2.9116e-04  |      ---           ---           ---     
n=04:                                4.3445e+03    -9.4724e+02   +8.1859e-05  |      ---           ---           ---     
n=05:                                2.1006e+05    +3.9343e+04   -4.0800e-05  |      ---           ---           ---     
n=06:                                2.2583e+07    +6.7235e+06   -8.3669e-05  |      ---           ---           ---     
