--- multipoles on reference trajectory (rz > 0) ---
effective_length:                   435.60870333038736 mm
perpendicular_grid:                 41 points in [-10.000000,+10.000000] mm
max_fitting_error_normal            0.019/4859.143 G/G
max_fitting_error_skew              338.430/338.430 G/G
r0_for_relative_multipoles          12 mm
main_monomial                       n = 0, skew:False
                                       Nn(s=0)      Integ_Nn     Nn/N0(@r0)   |    Sn(s=0)      Integ_Sn     Sn/S0(@r0)  
<multipole_order n>                    [T/m^n]      [T.m/m^n]        []       |    [T/m^n]      [T.m/m^n]        []      
n=00:                                5.4950e-01    -2.3937e-01   +1.0000e+00  |      ---           ---           ---     
n=01:                                7.1853e+00    +3.2177e+00   -1.6131e-01  |      ---           ---           ---     
n=02:                                6.0416e+00    +1.0409e+00   -6.2622e-04  |      ---           ---           ---     
n=03:                                2.3990e+01    -1.2349e+01   +8.9148e-05  |      ---           ---           ---     
n=04:                                2.2720e+03    -2.4460e+02   +2.1189e-05  |      ---           ---           ---     
n=05:                                1.6088e+05    -6.6614e+04   +6.9248e-05  |      ---           ---           ---     
n=06:                                5.7149e+06    -6.5705e+05   +8.1964e-06  |      ---           ---           ---     
