--- multipoles on reference trajectory (rz > 0) ---
effective_length:                   435.1382866140256 mm
perpendicular_grid:                 41 points in [-10.000000,+10.000000] mm
max_fitting_error_normal            0.045/3970.209 G/G
max_fitting_error_skew              321.216/321.216 G/G
r0_for_relative_multipoles          12 mm
main_monomial                       n = 0, skew:False
                                       Nn(s=0)      Integ_Nn     Nn/N0(@r0)   |    Sn(s=0)      Integ_Sn     Sn/S0(@r0)  
<multipole_order n>                    [T/m^n]      [T.m/m^n]        []       |    [T/m^n]      [T.m/m^n]        []      
n=00:                                5.2540e-01    -2.2862e-01   +1.0000e+00  |      ---           ---           ---     
n=01:                                6.8813e+00    +3.0595e+00   -1.6059e-01  |      ---           ---           ---     
n=02:                                4.6340e+00    +9.4973e-01   -5.9820e-04  |      ---           ---           ---     
n=03:                                9.9163e+01    -3.5846e+01   +2.7093e-04  |      ---           ---           ---     
n=04:                                6.5353e+03    -4.5285e+03   +4.1073e-04  |      ---           ---           ---     
n=05:                                2.5253e+05    +1.4296e+04   -1.5560e-05  |      ---           ---           ---     
n=06:                                4.9681e+07    +2.4196e+07   -3.1602e-04  |      ---           ---           ---     
