--- multipoles on reference trajectory (rz > 0) ---
effective_length:                   435.6170565951163 mm
perpendicular_grid:                 41 points in [-10.000000,+10.000000] mm
max_fitting_error_normal            0.046/4799.429 G/G
max_fitting_error_skew              335.724/335.724 G/G
r0_for_relative_multipoles          12 mm
main_monomial                       n = 0, skew:False
                                       Nn(s=0)      Integ_Nn     Nn/N0(@r0)   |    Sn(s=0)      Integ_Sn     Sn/S0(@r0)  
<multipole_order n>                    [T/m^n]      [T.m/m^n]        []       |    [T/m^n]      [T.m/m^n]        []      
n=00:                                5.5318e-01    -2.4097e-01   +1.0000e+00  |      ---           ---           ---     
n=01:                                7.2804e+00    +3.2393e+00   -1.6131e-01  |      ---           ---           ---     
n=02:                                6.2407e+00    +1.1435e+00   -6.8335e-04  |      ---           ---           ---     
n=03:                                1.8443e+02    -3.4085e+01   +2.4442e-04  |      ---           ---           ---     
n=04:                                1.4943e+04    -3.2777e+03   +2.8204e-04  |      ---           ---           ---     
n=05:                                9.4973e+05    +2.8612e+04   -2.9545e-05  |      ---           ---           ---     
n=06:                                9.0266e+07    +1.7410e+07   -2.1573e-04  |      ---           ---           ---     
