--- multipoles on reference trajectory (rz > 0) ---
effective_length:                   434.45842244367566 mm
perpendicular_grid:                 41 points in [-10.000000,+10.000000] mm
max_fitting_error_normal            0.053/6378.086 G/G
max_fitting_error_skew              337.928/337.928 G/G
r0_for_relative_multipoles          12 mm
main_monomial                       n = 0, skew:False
                                       Nn(s=0)      Integ_Nn     Nn/N0(@r0)   |    Sn(s=0)      Integ_Sn     Sn/S0(@r0)  
<multipole_order n>                    [T/m^n]      [T.m/m^n]        []       |    [T/m^n]      [T.m/m^n]        []      
n=00:                                5.5203e-01    -2.3983e-01   +1.0000e+00  |      ---           ---           ---     
n=01:                                7.2803e+00    +3.2210e+00   -1.6116e-01  |      ---           ---           ---     
n=02:                                4.5440e+00    +9.7361e-01   -5.8457e-04  |      ---           ---           ---     
n=03:                                2.2565e+00    +4.8857e+00   -3.5201e-05  |      ---           ---           ---     
n=04:                                6.4446e+02    -1.8907e+03   +1.6347e-04  |      ---           ---           ---     
n=05:                                2.9523e+05    -2.4759e+05   +2.5688e-04  |      ---           ---           ---     
n=06:                                9.4822e+06    +1.0045e+07   -1.2506e-04  |      ---           ---           ---     
