--- multipoles on reference trajectory (rz > 0) ---
effective_length:                   436.2626939848072 mm
perpendicular_grid:                 41 points in [-10.000000,+10.000000] mm
max_fitting_error_normal            0.043/6376.795 G/G
max_fitting_error_skew              339.750/339.750 G/G
r0_for_relative_multipoles          12 mm
main_monomial                       n = 0, skew:False
                                       Nn(s=0)      Integ_Nn     Nn/N0(@r0)   |    Sn(s=0)      Integ_Sn     Sn/S0(@r0)  
<multipole_order n>                    [T/m^n]      [T.m/m^n]        []       |    [T/m^n]      [T.m/m^n]        []      
n=00:                                5.4923e-01    -2.3961e-01   +1.0000e+00  |      ---           ---           ---     
n=01:                                7.1962e+00    +3.2226e+00   -1.6139e-01  |      ---           ---           ---     
n=02:                                5.3158e+00    +9.4446e-01   -5.6760e-04  |      ---           ---           ---     
n=03:                                7.0996e+01    -3.9866e+01   +2.8750e-04  |      ---           ---           ---     
n=04:                                9.8935e+03    -1.3301e+03   +1.1511e-04  |      ---           ---           ---     
n=05:                                4.5566e+04    +3.0378e+04   -3.1547e-05  |      ---           ---           ---     
n=06:                                3.8624e+07    +8.9479e+06   -1.1151e-04  |      ---           ---           ---     
