--- multipoles on reference trajectory (rz > 0) ---
effective_length:                   434.4232262205443 mm
perpendicular_grid:                 41 points in [-10.000000,+10.000000] mm
max_fitting_error_normal            0.039/6696.512 G/G
max_fitting_error_skew              351.427/351.427 G/G
r0_for_relative_multipoles          12 mm
main_monomial                       n = 0, skew:False
                                       Nn(s=0)      Integ_Nn     Nn/N0(@r0)   |    Sn(s=0)      Integ_Sn     Sn/S0(@r0)  
<multipole_order n>                    [T/m^n]      [T.m/m^n]        []       |    [T/m^n]      [T.m/m^n]        []      
n=00:                                5.7765e-01    -2.5094e-01   +1.0000e+00  |      ---           ---           ---     
n=01:                                7.5683e+00    +3.3632e+00   -1.6083e-01  |      ---           ---           ---     
n=02:                                5.6536e+00    +8.5778e-01   -4.9223e-04  |      ---           ---           ---     
n=03:                                5.3128e+00    -3.0160e+01   +2.0768e-04  |      ---           ---           ---     
n=04:                                4.7710e+02    +1.5417e+03   -1.2740e-04  |      ---           ---           ---     
n=05:                                5.7289e+05    -4.6120e+04   +4.5732e-05  |      ---           ---           ---     
n=06:                                1.5735e+07    -9.8756e+06   +1.1751e-04  |      ---           ---           ---     
