--- multipoles on reference trajectory (rz > 0) ---
effective_length:                   434.04070336935956 mm
perpendicular_grid:                 41 points in [-10.000000,+10.000000] mm
max_fitting_error_normal            0.044/6388.368 G/G
max_fitting_error_skew              335.105/335.105 G/G
r0_for_relative_multipoles          12 mm
main_monomial                       n = 0, skew:False
                                       Nn(s=0)      Integ_Nn     Nn/N0(@r0)   |    Sn(s=0)      Integ_Sn     Sn/S0(@r0)  
<multipole_order n>                    [T/m^n]      [T.m/m^n]        []       |    [T/m^n]      [T.m/m^n]        []      
n=00:                                5.5310e-01    -2.4007e-01   +1.0000e+00  |      ---           ---           ---     
n=01:                                7.2558e+00    +3.2160e+00   -1.6075e-01  |      ---           ---           ---     
n=02:                                6.7193e+00    +1.0740e+00   -6.4422e-04  |      ---           ---           ---     
n=03:                                5.0666e+00    -4.3628e+00   +3.1403e-05  |      ---           ---           ---     
n=04:                                3.2590e+04    -4.1789e+03   +3.6096e-04  |      ---           ---           ---     
n=05:                                3.7355e+05    -1.8433e+05   +1.9106e-04  |      ---           ---           ---     
n=06:                                2.0382e+08    +2.3395e+07   -2.9099e-04  |      ---           ---           ---     
