--- multipoles on reference trajectory (rz > 0) ---
effective_length:                   435.1106823811895 mm
perpendicular_grid:                 41 points in [-10.000000,+10.000000] mm
max_fitting_error_normal            0.039/5010.353 G/G
max_fitting_error_skew              354.855/354.855 G/G
r0_for_relative_multipoles          12 mm
main_monomial                       n = 0, skew:False
                                       Nn(s=0)      Integ_Nn     Nn/N0(@r0)   |    Sn(s=0)      Integ_Sn     Sn/S0(@r0)  
<multipole_order n>                    [T/m^n]      [T.m/m^n]        []       |    [T/m^n]      [T.m/m^n]        []      
n=00:                                5.7709e-01    -2.5110e-01   +1.0000e+00  |      ---           ---           ---     
n=01:                                7.5546e+00    +3.3712e+00   -1.6111e-01  |      ---           ---           ---     
n=02:                                5.1294e+00    +8.6489e-01   -4.9600e-04  |      ---           ---           ---     
n=03:                                1.0097e+01    -1.8743e+01   +1.2899e-04  |      ---           ---           ---     
n=04:                                2.5025e+04    +2.9336e+03   -2.4226e-04  |      ---           ---           ---     
n=05:                                5.3649e+05    -1.0498e+05   +1.0403e-04  |      ---           ---           ---     
n=06:                                1.4649e+08    -1.7839e+07   +2.1214e-04  |      ---           ---           ---     
