--- multipoles on reference trajectory (rz > 0) ---
effective_length:                   435.7175769001123 mm
perpendicular_grid:                 41 points in [-10.000000,+10.000000] mm
max_fitting_error_normal            0.039/5010.369 G/G
max_fitting_error_skew              354.855/354.855 G/G
r0_for_relative_multipoles          12 mm
main_monomial                       n = 0, skew:False
                                       Nn(s=0)      Integ_Nn     Nn/N0(@r0)   |    Sn(s=0)      Integ_Sn     Sn/S0(@r0)  
<multipole_order n>                    [T/m^n]      [T.m/m^n]        []       |    [T/m^n]      [T.m/m^n]        []      
n=00:                                5.7709e-01    -2.5145e-01   +1.0000e+00  |      ---           ---           ---     
n=01:                                7.5546e+00    +3.3759e+00   -1.6111e-01  |      ---           ---           ---     
n=02:                                5.1294e+00    +8.6723e-01   -4.9665e-04  |      ---           ---           ---     
n=03:                                1.0097e+01    -1.8769e+01   +1.2898e-04  |      ---           ---           ---     
n=04:                                2.5025e+04    +2.9413e+03   -2.4256e-04  |      ---           ---           ---     
n=05:                                5.3649e+05    -1.0518e+05   +1.0408e-04  |      ---           ---           ---     
n=06:                                1.4649e+08    -1.7882e+07   +2.1235e-04  |      ---           ---           ---     
