--- multipoles on reference trajectory (rz > 0) ---
effective_length:                   435.1716284228713 mm
perpendicular_grid:                 41 points in [-10.000000,+10.000000] mm
max_fitting_error_normal            0.040/4881.431 G/G
max_fitting_error_skew              339.057/339.057 G/G
r0_for_relative_multipoles          12 mm
main_monomial                       n = 0, skew:False
                                       Nn(s=0)      Integ_Nn     Nn/N0(@r0)   |    Sn(s=0)      Integ_Sn     Sn/S0(@r0)  
<multipole_order n>                    [T/m^n]      [T.m/m^n]        []       |    [T/m^n]      [T.m/m^n]        []      
n=00:                                5.5375e-01    -2.4098e-01   +1.0000e+00  |      ---           ---           ---     
n=01:                                7.2670e+00    +3.2317e+00   -1.6093e-01  |      ---           ---           ---     
n=02:                                5.6204e+00    +1.0296e+00   -6.1525e-04  |      ---           ---           ---     
n=03:                                8.4964e+01    -3.1405e+01   +2.2520e-04  |      ---           ---           ---     
n=04:                                8.2848e+03    -3.1227e+03   +2.6870e-04  |      ---           ---           ---     
n=05:                                1.0630e+05    -4.8069e+04   +4.9636e-05  |      ---           ---           ---     
n=06:                                5.1929e+07    +1.4894e+07   -1.8455e-04  |      ---           ---           ---     
