--- multipoles on reference trajectory (rz > 0) ---
effective_length:                   435.88553022376374 mm
perpendicular_grid:                 41 points in [-10.000000,+10.000000] mm
max_fitting_error_normal            0.040/4469.093 G/G
max_fitting_error_skew              339.016/339.016 G/G
r0_for_relative_multipoles          12 mm
main_monomial                       n = 0, skew:False
                                       Nn(s=0)      Integ_Nn     Nn/N0(@r0)   |    Sn(s=0)      Integ_Sn     Sn/S0(@r0)  
<multipole_order n>                    [T/m^n]      [T.m/m^n]        []       |    [T/m^n]      [T.m/m^n]        []      
n=00:                                5.5381e-01    -2.4140e-01   +1.0000e+00  |      ---           ---           ---     
n=01:                                7.2274e+00    +3.2303e+00   -1.6058e-01  |      ---           ---           ---     
n=02:                                5.0819e+00    +7.3672e-01   -4.3947e-04  |      ---           ---           ---     
n=03:                                1.9620e+01    -1.7918e+01   +1.2826e-04  |      ---           ---           ---     
n=04:                                4.9565e+03    +5.0700e+02   -4.3551e-05  |      ---           ---           ---     
n=05:                                2.5157e+05    -9.8863e+04   +1.0191e-04  |      ---           ---           ---     
n=06:                                5.4440e+06    +3.3809e+05   -4.1820e-06  |      ---           ---           ---     
