--- multipoles on reference trajectory (rz > 0) ---
effective_length:                   435.2492298730109 mm
perpendicular_grid:                 41 points in [-10.000000,+10.000000] mm
max_fitting_error_normal            0.041/6071.776 G/G
max_fitting_error_skew              323.972/323.972 G/G
r0_for_relative_multipoles          12 mm
main_monomial                       n = 0, skew:False
                                       Nn(s=0)      Integ_Nn     Nn/N0(@r0)   |    Sn(s=0)      Integ_Sn     Sn/S0(@r0)  
<multipole_order n>                    [T/m^n]      [T.m/m^n]        []       |    [T/m^n]      [T.m/m^n]        []      
n=00:                                5.2516e-01    -2.2858e-01   +1.0000e+00  |      ---           ---           ---     
n=01:                                6.8915e+00    +3.0663e+00   -1.6098e-01  |      ---           ---           ---     
n=02:                                4.5362e+00    +9.9151e-01   -6.2464e-04  |      ---           ---           ---     
n=03:                                1.2379e+02    -2.9752e+01   +2.2492e-04  |      ---           ---           ---     
n=04:                                1.7491e+04    +1.6120e+03   -1.4624e-04  |      ---           ---           ---     
n=05:                                3.2880e+05    +4.3857e+03   -4.7744e-06  |      ---           ---           ---     
n=06:                                1.0743e+08    -1.5125e+07   +1.9759e-04  |      ---           ---           ---     
