--- multipoles on reference trajectory (rz > 0) ---
effective_length:                   436.6155203273518 mm
perpendicular_grid:                 41 points in [-10.000000,+10.000000] mm
max_fitting_error_normal            0.029/3912.546 G/G
max_fitting_error_skew              318.681/318.681 G/G
r0_for_relative_multipoles          12 mm
main_monomial                       n = 0, skew:False
                                       Nn(s=0)      Integ_Nn     Nn/N0(@r0)   |    Sn(s=0)      Integ_Sn     Sn/S0(@r0)  
<multipole_order n>                    [T/m^n]      [T.m/m^n]        []       |    [T/m^n]      [T.m/m^n]        []      
n=00:                                5.2274e-01    -2.2823e-01   +1.0000e+00  |      ---           ---           ---     
n=01:                                6.8546e+00    +3.0655e+00   -1.6118e-01  |      ---           ---           ---     
n=02:                                5.5561e+00    +9.9933e-01   -6.3051e-04  |      ---           ---           ---     
n=03:                                2.3124e+01    -2.4933e+01   +1.8877e-04  |      ---           ---           ---     
n=04:                                6.9038e+03    -2.9100e+03   +2.6438e-04  |      ---           ---           ---     
n=05:                                5.8726e+05    -3.6191e+04   +3.9457e-05  |      ---           ---           ---     
n=06:                                3.3716e+07    +1.1157e+07   -1.4597e-04  |      ---           ---           ---     
