--- multipoles on reference trajectory (rz > 0) ---
effective_length:                   436.0070524254669 mm
perpendicular_grid:                 41 points in [-10.000000,+10.000000] mm
max_fitting_error_normal            0.029/3915.881 G/G
max_fitting_error_skew              318.681/318.681 G/G
r0_for_relative_multipoles          12 mm
main_monomial                       n = 0, skew:False
                                       Nn(s=0)      Integ_Nn     Nn/N0(@r0)   |    Sn(s=0)      Integ_Sn     Sn/S0(@r0)  
<multipole_order n>                    [T/m^n]      [T.m/m^n]        []       |    [T/m^n]      [T.m/m^n]        []      
n=00:                                5.2274e-01    -2.2792e-01   +1.0000e+00  |      ---           ---           ---     
n=01:                                6.8546e+00    +3.0613e+00   -1.6118e-01  |      ---           ---           ---     
n=02:                                5.5561e+00    +9.9679e-01   -6.2979e-04  |      ---           ---           ---     
n=03:                                2.3124e+01    -2.4917e+01   +1.8891e-04  |      ---           ---           ---     
n=04:                                6.9038e+03    -2.9036e+03   +2.6417e-04  |      ---           ---           ---     
n=05:                                5.8726e+05    -3.5999e+04   +3.9302e-05  |      ---           ---           ---     
n=06:                                3.3716e+07    +1.1123e+07   -1.4573e-04  |      ---           ---           ---     
