--- multipoles on reference trajectory (rz > 0) ---
effective_length:                   433.403912887421 mm
perpendicular_grid:                 41 points in [-10.000000,+10.000000] mm
max_fitting_error_normal            0.059/6085.700 G/G
max_fitting_error_skew              324.659/324.659 G/G
r0_for_relative_multipoles          12 mm
main_monomial                       n = 0, skew:False
                                       Nn(s=0)      Integ_Nn     Nn/N0(@r0)   |    Sn(s=0)      Integ_Sn     Sn/S0(@r0)  
<multipole_order n>                    [T/m^n]      [T.m/m^n]        []       |    [T/m^n]      [T.m/m^n]        []      
n=00:                                5.2820e-01    -2.2892e-01   +1.0000e+00  |      ---           ---           ---     
n=01:                                6.9585e+00    +3.0591e+00   -1.6036e-01  |      ---           ---           ---     
n=02:                                4.1176e+00    +8.3743e-01   -5.2677e-04  |      ---           ---           ---     
n=03:                                9.2486e+01    -2.0374e+01   +1.5379e-04  |      ---           ---           ---     
n=04:                                7.1625e+03    -8.2658e+02   +7.4872e-05  |      ---           ---           ---     
n=05:                                2.3345e+05    -9.7412e+04   +1.0588e-04  |      ---           ---           ---     
n=06:                                4.0594e+07    +7.6915e+05   -1.0033e-05  |      ---           ---           ---     
