--- multipoles on reference trajectory (rz > 0) ---
effective_length:                   435.19817835790826 mm
perpendicular_grid:                 41 points in [-10.000000,+10.000000] mm
max_fitting_error_normal            0.041/6425.401 G/G
max_fitting_error_skew              340.080/340.080 G/G
r0_for_relative_multipoles          12 mm
main_monomial                       n = 0, skew:False
                                       Nn(s=0)      Integ_Nn     Nn/N0(@r0)   |    Sn(s=0)      Integ_Sn     Sn/S0(@r0)  
<multipole_order n>                    [T/m^n]      [T.m/m^n]        []       |    [T/m^n]      [T.m/m^n]        []      
n=00:                                5.5560e-01    -2.4179e-01   +1.0000e+00  |      ---           ---           ---     
n=01:                                7.2642e+00    +3.2312e+00   -1.6036e-01  |      ---           ---           ---     
n=02:                                5.7005e+00    +1.0457e+00   -6.2279e-04  |      ---           ---           ---     
n=03:                                7.9677e+01    -2.9111e+01   +2.0805e-04  |      ---           ---           ---     
n=04:                                9.0038e+03    -2.8107e+03   +2.4104e-04  |      ---           ---           ---     
n=05:                                6.0270e+04    -6.1598e+04   +6.3391e-05  |      ---           ---           ---     
n=06:                                5.7019e+07    +1.2886e+07   -1.5914e-04  |      ---           ---           ---     
