--- multipoles on reference trajectory (rz > 0) ---
effective_length:                   435.82466771164167 mm
perpendicular_grid:                 41 points in [-10.000000,+10.000000] mm
max_fitting_error_normal            0.039/4858.954 G/G
max_fitting_error_skew              341.442/341.442 G/G
r0_for_relative_multipoles          12 mm
main_monomial                       n = 0, skew:False
                                       Nn(s=0)      Integ_Nn     Nn/N0(@r0)   |    Sn(s=0)      Integ_Sn     Sn/S0(@r0)  
<multipole_order n>                    [T/m^n]      [T.m/m^n]        []       |    [T/m^n]      [T.m/m^n]        []      
n=00:                                5.5030e-01    -2.3984e-01   +1.0000e+00  |      ---           ---           ---     
n=01:                                7.2228e+00    +3.2236e+00   -1.6129e-01  |      ---           ---           ---     
n=02:                                5.9362e+00    +9.3518e-01   -5.6149e-04  |      ---           ---           ---     
n=03:                                3.4512e+01    -2.3778e+00   +1.7132e-05  |      ---           ---           ---     
n=04:                                1.3172e+04    -1.0209e+03   +8.8268e-05  |      ---           ---           ---     
n=05:                                4.7154e+05    -1.4080e+05   +1.4608e-04  |      ---           ---           ---     
n=06:                                7.2075e+07    +4.7681e+06   -5.9363e-05  |      ---           ---           ---     
