--- multipoles on reference trajectory (rz > 0) ---
effective_length:                   434.9872749696837 mm
perpendicular_grid:                 41 points in [-10.000000,+10.000000] mm
max_fitting_error_normal            0.027/6059.140 G/G
max_fitting_error_skew              325.755/325.755 G/G
r0_for_relative_multipoles          12 mm
main_monomial                       n = 0, skew:False
                                       Nn(s=0)      Integ_Nn     Nn/N0(@r0)   |    Sn(s=0)      Integ_Sn     Sn/S0(@r0)  
<multipole_order n>                    [T/m^n]      [T.m/m^n]        []       |    [T/m^n]      [T.m/m^n]        []      
n=00:                                5.2373e-01    -2.2781e-01   +1.0000e+00  |      ---           ---           ---     
n=01:                                6.8680e+00    +3.0623e+00   -1.6131e-01  |      ---           ---           ---     
n=02:                                5.6379e+00    +9.1668e-01   -5.7943e-04  |      ---           ---           ---     
n=03:                                2.0181e+00    -2.4137e+01   +1.8308e-04  |      ---           ---           ---     
n=04:                                7.5173e+03    -9.3249e+01   +8.4876e-06  |      ---           ---           ---     
n=05:                                3.6053e+05    -4.9347e+04   +5.3899e-05  |      ---           ---           ---     
n=06:                                3.4614e+07    -5.8506e+06   +7.6685e-05  |      ---           ---           ---     
