--- multipoles on reference trajectory (rz > 0) ---
effective_length:                   435.25373365877965 mm
perpendicular_grid:                 41 points in [-10.000000,+10.000000] mm
max_fitting_error_normal            0.061/4881.035 G/G
max_fitting_error_skew              345.687/345.687 G/G
r0_for_relative_multipoles          12 mm
main_monomial                       n = 0, skew:False
                                       Nn(s=0)      Integ_Nn     Nn/N0(@r0)   |    Sn(s=0)      Integ_Sn     Sn/S0(@r0)  
<multipole_order n>                    [T/m^n]      [T.m/m^n]        []       |    [T/m^n]      [T.m/m^n]        []      
n=00:                                5.5312e-01    -2.4075e-01   +1.0000e+00  |      ---           ---           ---     
n=01:                                7.2560e+00    +3.2364e+00   -1.6132e-01  |      ---           ---           ---     
n=02:                                5.0243e+00    +1.0595e+00   -6.3375e-04  |      ---           ---           ---     
n=03:                                9.2143e+01    -9.3604e+00   +6.7185e-05  |      ---           ---           ---     
n=04:                                2.2885e+04    -1.0931e+03   +9.4147e-05  |      ---           ---           ---     
n=05:                                9.4907e+05    -7.3834e+04   +7.6313e-05  |      ---           ---           ---     
n=06:                                1.5419e+08    +8.1149e+05   -1.0065e-05  |      ---           ---           ---     
