--- multipoles on reference trajectory (rz > 0) ---
effective_length:                   434.7529912158859 mm
perpendicular_grid:                 41 points in [-10.000000,+10.000000] mm
max_fitting_error_normal            0.032/6397.507 G/G
max_fitting_error_skew              343.702/343.702 G/G
r0_for_relative_multipoles          12 mm
main_monomial                       n = 0, skew:False
                                       Nn(s=0)      Integ_Nn     Nn/N0(@r0)   |    Sn(s=0)      Integ_Sn     Sn/S0(@r0)  
<multipole_order n>                    [T/m^n]      [T.m/m^n]        []       |    [T/m^n]      [T.m/m^n]        []      
n=00:                                5.5198e-01    -2.3997e-01   +1.0000e+00  |      ---           ---           ---     
n=01:                                7.2385e+00    +3.2244e+00   -1.6124e-01  |      ---           ---           ---     
n=02:                                5.4004e+00    +6.4591e-01   -3.8759e-04  |      ---           ---           ---     
n=03:                                9.3366e-01    -2.2487e+01   +1.6192e-04  |      ---           ---           ---     
n=04:                                1.2251e+03    +2.9551e+03   -2.5534e-04  |      ---           ---           ---     
n=05:                                5.5296e+05    -1.1796e+05   +1.2232e-04  |      ---           ---           ---     
n=06:                                4.3626e+06    -1.6053e+07   +1.9975e-04  |      ---           ---           ---     
