--- multipoles on reference trajectory (rz > 0) ---
effective_length:                   435.02694197381174 mm
perpendicular_grid:                 41 points in [-10.000000,+10.000000] mm
max_fitting_error_normal            0.038/6690.843 G/G
max_fitting_error_skew              351.117/351.117 G/G
r0_for_relative_multipoles          12 mm
main_monomial                       n = 0, skew:False
                                       Nn(s=0)      Integ_Nn     Nn/N0(@r0)   |    Sn(s=0)      Integ_Sn     Sn/S0(@r0)  
<multipole_order n>                    [T/m^n]      [T.m/m^n]        []       |    [T/m^n]      [T.m/m^n]        []      
n=00:                                5.7711e-01    -2.5106e-01   +1.0000e+00  |      ---           ---           ---     
n=01:                                7.5691e+00    +3.3680e+00   -1.6098e-01  |      ---           ---           ---     
n=02:                                5.6608e+00    +8.5374e-01   -4.8968e-04  |      ---           ---           ---     
n=03:                                5.4226e+00    -2.9877e+01   +2.0564e-04  |      ---           ---           ---     
n=04:                                8.9331e+02    +1.5287e+03   -1.2627e-04  |      ---           ---           ---     
n=05:                                5.6903e+05    -4.9219e+04   +4.8783e-05  |      ---           ---           ---     
n=06:                                1.7512e+07    -9.9042e+06   +1.1780e-04  |      ---           ---           ---     
