--- multipoles on reference trajectory (rz > 0) ---
effective_length:                   433.77066037935055 mm
perpendicular_grid:                 41 points in [-10.000000,+10.000000] mm
max_fitting_error_normal            0.034/4649.770 G/G
max_fitting_error_skew              322.417/322.417 G/G
r0_for_relative_multipoles          12 mm
main_monomial                       n = 0, skew:False
                                       Nn(s=0)      Integ_Nn     Nn/N0(@r0)   |    Sn(s=0)      Integ_Sn     Sn/S0(@r0)  
<multipole_order n>                    [T/m^n]      [T.m/m^n]        []       |    [T/m^n]      [T.m/m^n]        []      
n=00:                                5.2754e-01    -2.2883e-01   +1.0000e+00  |      ---           ---           ---     
n=01:                                6.9294e+00    +3.0615e+00   -1.6055e-01  |      ---           ---           ---     
n=02:                                3.6726e+00    +8.5505e-01   -5.3806e-04  |      ---           ---           ---     
n=03:                                1.0099e+02    -3.3361e+01   +2.5192e-04  |      ---           ---           ---     
n=04:                                1.3758e+04    +1.9626e+02   -1.7784e-05  |      ---           ---           ---     
n=05:                                3.6295e+05    +2.7827e+04   -3.0259e-05  |      ---           ---           ---     
n=06:                                9.3588e+07    -6.3066e+06   +8.2293e-05  |      ---           ---           ---     
