--- multipoles on reference trajectory (rz > 0) ---
effective_length:                   435.1829692380611 mm
perpendicular_grid:                 41 points in [-10.000000,+10.000000] mm
max_fitting_error_normal            0.034/2778.877 G/G
max_fitting_error_skew              338.273/338.273 G/G
r0_for_relative_multipoles          12 mm
main_monomial                       n = 0, skew:False
                                       Nn(s=0)      Integ_Nn     Nn/N0(@r0)   |    Sn(s=0)      Integ_Sn     Sn/S0(@r0)  
<multipole_order n>                    [T/m^n]      [T.m/m^n]        []       |    [T/m^n]      [T.m/m^n]        []      
n=00:                                5.5254e-01    -2.4045e-01   +1.0000e+00  |      ---           ---           ---     
n=01:                                7.2320e+00    +3.2174e+00   -1.6057e-01  |      ---           ---           ---     
n=02:                                5.2321e+00    +7.6303e-01   -4.5695e-04  |      ---           ---           ---     
n=03:                                5.3727e+01    -1.5248e+01   +1.0958e-04  |      ---           ---           ---     
n=04:                                5.6325e+03    -8.8897e+02   +7.6662e-05  |      ---           ---           ---     
n=05:                                1.1273e+05    -1.0562e+05   +1.0930e-04  |      ---           ---           ---     
n=06:                                4.1982e+07    +6.9632e+06   -8.6470e-05  |      ---           ---           ---     
