--- multipoles on reference trajectory (rz > 0) ---
effective_length:                   436.2356361517569 mm
perpendicular_grid:                 41 points in [-10.000000,+10.000000] mm
max_fitting_error_normal            0.032/4601.047 G/G
max_fitting_error_skew              338.180/338.180 G/G
r0_for_relative_multipoles          12 mm
main_monomial                       n = 0, skew:False
                                       Nn(s=0)      Integ_Nn     Nn/N0(@r0)   |    Sn(s=0)      Integ_Sn     Sn/S0(@r0)  
<multipole_order n>                    [T/m^n]      [T.m/m^n]        []       |    [T/m^n]      [T.m/m^n]        []      
n=00:                                5.2264e-01    -2.2800e-01   +1.0000e+00  |      ---           ---           ---     
n=01:                                6.8447e+00    +3.0653e+00   -1.6133e-01  |      ---           ---           ---     
n=02:                                5.2121e+00    +5.9690e-01   -3.7700e-04  |      ---           ---           ---     
n=03:                                2.6219e+01    -2.4100e+01   +1.8266e-04  |      ---           ---           ---     
n=04:                                3.1613e+03    +4.4552e+03   -4.0520e-04  |      ---           ---           ---     
n=05:                                4.6004e+05    -3.2344e+04   +3.5300e-05  |      ---           ---           ---     
n=06:                                5.4211e+06    -2.4467e+07   +3.2044e-04  |      ---           ---           ---     
