--- multipoles on reference trajectory (rz > 0) ---
effective_length:                   434.4032769927027 mm
perpendicular_grid:                 41 points in [-10.000000,+10.000000] mm
max_fitting_error_normal            0.024/4554.391 G/G
max_fitting_error_skew              320.845/320.845 G/G
r0_for_relative_multipoles          12 mm
main_monomial                       n = 0, skew:False
                                       Nn(s=0)      Integ_Nn     Nn/N0(@r0)   |    Sn(s=0)      Integ_Sn     Sn/S0(@r0)  
<multipole_order n>                    [T/m^n]      [T.m/m^n]        []       |    [T/m^n]      [T.m/m^n]        []      
n=00:                                5.2498e-01    -2.2805e-01   +1.0000e+00  |      ---           ---           ---     
n=01:                                6.9338e+00    +3.0654e+00   -1.6130e-01  |      ---           ---           ---     
n=02:                                4.4256e+00    +9.7605e-01   -6.1631e-04  |      ---           ---           ---     
n=03:                                1.4666e+02    -4.5606e+01   +3.4557e-04  |      ---           ---           ---     
n=04:                                6.2466e+03    -3.2998e+03   +3.0004e-04  |      ---           ---           ---     
n=05:                                5.7545e+05    +9.6977e+04   -1.0581e-04  |      ---           ---           ---     
n=06:                                4.3072e+07    +1.7344e+07   -2.2709e-04  |      ---           ---           ---     
