--- multipoles on reference trajectory (rz > 0) ---
effective_length:                   433.7367602507085 mm
perpendicular_grid:                 41 points in [-10.000000,+10.000000] mm
max_fitting_error_normal            0.024/4776.170 G/G
max_fitting_error_skew              339.705/339.705 G/G
r0_for_relative_multipoles          12 mm
main_monomial                       n = 0, skew:False
                                       Nn(s=0)      Integ_Nn     Nn/N0(@r0)   |    Sn(s=0)      Integ_Sn     Sn/S0(@r0)  
<multipole_order n>                    [T/m^n]      [T.m/m^n]        []       |    [T/m^n]      [T.m/m^n]        []      
n=00:                                5.5492e-01    -2.4069e-01   +1.0000e+00  |      ---           ---           ---     
n=01:                                7.3187e+00    +3.2334e+00   -1.6121e-01  |      ---           ---           ---     
n=02:                                4.4290e+00    +9.0034e-01   -5.3866e-04  |      ---           ---           ---     
n=03:                                1.2500e+02    -3.0426e+01   +2.1844e-04  |      ---           ---           ---     
n=04:                                1.8520e+03    -2.7187e+02   +2.3422e-05  |      ---           ---           ---     
n=05:                                4.4708e+05    -1.0090e+02   +1.0431e-07  |      ---           ---           ---     
n=06:                                1.6177e+07    -2.3284e+06   +2.8886e-05  |      ---           ---           ---     
