--- multipoles on reference trajectory (rz > 0) ---
effective_length:                   435.67019526964106 mm
perpendicular_grid:                 41 points in [-10.000000,+10.000000] mm
max_fitting_error_normal            0.029/5214.758 G/G
max_fitting_error_skew              339.443/339.443 G/G
r0_for_relative_multipoles          12 mm
main_monomial                       n = 0, skew:False
                                       Nn(s=0)      Integ_Nn     Nn/N0(@r0)   |    Sn(s=0)      Integ_Sn     Sn/S0(@r0)  
<multipole_order n>                    [T/m^n]      [T.m/m^n]        []       |    [T/m^n]      [T.m/m^n]        []      
n=00:                                5.5156e-01    -2.4030e-01   +1.0000e+00  |      ---           ---           ---     
n=01:                                7.2208e+00    +3.2158e+00   -1.6059e-01  |      ---           ---           ---     
n=02:                                5.9120e+00    +7.5131e-01   -4.5023e-04  |      ---           ---           ---     
n=03:                                4.1170e+01    -3.4499e+00   +2.4809e-05  |      ---           ---           ---     
n=04:                                1.2584e+04    +1.7982e+03   -1.5517e-04  |      ---           ---           ---     
n=05:                                5.2172e+05    -1.6600e+05   +1.7190e-04  |      ---           ---           ---     
n=06:                                7.0778e+07    -1.0027e+07   +1.2460e-04  |      ---           ---           ---     
