--- multipoles on reference trajectory (rz > 0) ---
effective_length:                   436.9200756706707 mm
perpendicular_grid:                 41 points in [-10.000000,+10.000000] mm
max_fitting_error_normal            0.050/6372.948 G/G
max_fitting_error_skew              346.541/346.541 G/G
r0_for_relative_multipoles          12 mm
main_monomial                       n = 0, skew:False
                                       Nn(s=0)      Integ_Nn     Nn/N0(@r0)   |    Sn(s=0)      Integ_Sn     Sn/S0(@r0)  
<multipole_order n>                    [T/m^n]      [T.m/m^n]        []       |    [T/m^n]      [T.m/m^n]        []      
n=00:                                5.4985e-01    -2.4024e-01   +1.0000e+00  |      ---           ---           ---     
n=01:                                7.2130e+00    +3.2315e+00   -1.6141e-01  |      ---           ---           ---     
n=02:                                5.2058e+00    +8.4114e-01   -5.0418e-04  |      ---           ---           ---     
n=03:                                2.3823e+01    -3.6255e+01   +2.6077e-04  |      ---           ---           ---     
n=04:                                1.2354e+04    +2.8918e+03   -2.4960e-04  |      ---           ---           ---     
n=05:                                5.5323e+05    +2.9025e+04   -3.0063e-05  |      ---           ---           ---     
n=06:                                5.8461e+07    -1.7958e+07   +2.2320e-04  |      ---           ---           ---     
