--- multipoles on reference trajectory (rz > 0) ---
effective_length:                   435.98937039617726 mm
perpendicular_grid:                 41 points in [-10.000000,+10.000000] mm
max_fitting_error_normal            0.032/6384.400 G/G
max_fitting_error_skew              351.271/351.271 G/G
r0_for_relative_multipoles          12 mm
main_monomial                       n = 0, skew:False
                                       Nn(s=0)      Integ_Nn     Nn/N0(@r0)   |    Sn(s=0)      Integ_Sn     Sn/S0(@r0)  
<multipole_order n>                    [T/m^n]      [T.m/m^n]        []       |    [T/m^n]      [T.m/m^n]        []      
n=00:                                5.5071e-01    -2.4010e-01   +1.0000e+00  |      ---           ---           ---     
n=01:                                7.2168e+00    +3.2201e+00   -1.6093e-01  |      ---           ---           ---     
n=02:                                5.8652e+00    +9.1112e-01   -5.4644e-04  |      ---           ---           ---     
n=03:                                2.8598e+00    -1.3274e+01   +9.5531e-05  |      ---           ---           ---     
n=04:                                4.7529e+03    -1.2543e+03   +1.0832e-04  |      ---           ---           ---     
n=05:                                2.1734e+05    -6.1456e+04   +6.3690e-05  |      ---           ---           ---     
n=06:                                2.2020e+07    +4.6914e+06   -5.8343e-05  |      ---           ---           ---     
