--- multipoles on reference trajectory (rz > 0) ---
effective_length:                   434.1803714731202 mm
perpendicular_grid:                 41 points in [-10.000000,+10.000000] mm
max_fitting_error_normal            0.049/3226.572 G/G
max_fitting_error_skew              340.214/340.214 G/G
r0_for_relative_multipoles          12 mm
main_monomial                       n = 0, skew:False
                                       Nn(s=0)      Integ_Nn     Nn/N0(@r0)   |    Sn(s=0)      Integ_Sn     Sn/S0(@r0)  
<multipole_order n>                    [T/m^n]      [T.m/m^n]        []       |    [T/m^n]      [T.m/m^n]        []      
n=00:                                5.5403e-01    -2.4055e-01   +1.0000e+00  |      ---           ---           ---     
n=01:                                7.2574e+00    +3.2169e+00   -1.6048e-01  |      ---           ---           ---     
n=02:                                4.9823e+00    +8.3607e-01   -5.0050e-04  |      ---           ---           ---     
n=03:                                6.6377e+01    -4.1867e+01   +3.0075e-04  |      ---           ---           ---     
n=04:                                3.5785e+02    -2.0476e+03   +1.7651e-04  |      ---           ---           ---     
n=05:                                2.1482e+04    +2.4422e+03   -2.5263e-06  |      ---           ---           ---     
n=06:                                6.1795e+06    +1.1073e+07   -1.3745e-04  |      ---           ---           ---     
