--- multipoles on reference trajectory (rz > 0) ---
effective_length:                   436.23082020209114 mm
perpendicular_grid:                 41 points in [-10.000000,+10.000000] mm
max_fitting_error_normal            0.066/6371.387 G/G
max_fitting_error_skew              335.479/335.479 G/G
r0_for_relative_multipoles          12 mm
main_monomial                       n = 0, skew:False
                                       Nn(s=0)      Integ_Nn     Nn/N0(@r0)   |    Sn(s=0)      Integ_Sn     Sn/S0(@r0)  
<multipole_order n>                    [T/m^n]      [T.m/m^n]        []       |    [T/m^n]      [T.m/m^n]        []      
n=00:                                5.4901e-01    -2.3949e-01   +1.0000e+00  |      ---           ---           ---     
n=01:                                7.1891e+00    +3.2198e+00   -1.6133e-01  |      ---           ---           ---     
n=02:                                6.1221e+00    +9.6513e-01   -5.8030e-04  |      ---           ---           ---     
n=03:                                8.4328e+01    -1.0428e+01   +7.5239e-05  |      ---           ---           ---     
n=04:                                1.2416e+04    -3.5416e+03   +3.0664e-04  |      ---           ---           ---     
n=05:                                1.7875e+05    -1.6396e+05   +1.7036e-04  |      ---           ---           ---     
n=06:                                8.0942e+07    +2.2338e+07   -2.7851e-04  |      ---           ---           ---     
