--- multipoles on reference trajectory (rz > 0) ---
effective_length:                   435.96953947867723 mm
perpendicular_grid:                 41 points in [-10.000000,+10.000000] mm
max_fitting_error_normal            0.033/4135.525 G/G
max_fitting_error_skew              314.646/314.646 G/G
r0_for_relative_multipoles          12 mm
main_monomial                       n = 0, skew:False
                                       Nn(s=0)      Integ_Nn     Nn/N0(@r0)   |    Sn(s=0)      Integ_Sn     Sn/S0(@r0)  
<multipole_order n>                    [T/m^n]      [T.m/m^n]        []       |    [T/m^n]      [T.m/m^n]        []      
n=00:                                5.2494e-01    -2.2886e-01   +1.0000e+00  |      ---           ---           ---     
n=01:                                6.8573e+00    +3.0624e+00   -1.6058e-01  |      ---           ---           ---     
n=02:                                5.2764e+00    +7.5387e-01   -4.7435e-04  |      ---           ---           ---     
n=03:                                6.7246e+01    -2.0953e+01   +1.5821e-04  |      ---           ---           ---     
n=04:                                4.4627e+03    -5.6373e+02   +5.1078e-05  |      ---           ---           ---     
n=05:                                1.0852e+05    -5.4745e+04   +5.9523e-05  |      ---           ---           ---     
n=06:                                3.6498e+07    +4.6165e+06   -6.0234e-05  |      ---           ---           ---     
