--- multipoles on reference trajectory (rz > 0) ---
effective_length:                   434.1555808034793 mm
perpendicular_grid:                 41 points in [-10.000000,+10.000000] mm
max_fitting_error_normal            0.044/4382.959 G/G
max_fitting_error_skew              338.358/338.358 G/G
r0_for_relative_multipoles          12 mm
main_monomial                       n = 0, skew:False
                                       Nn(s=0)      Integ_Nn     Nn/N0(@r0)   |    Sn(s=0)      Integ_Sn     Sn/S0(@r0)  
<multipole_order n>                    [T/m^n]      [T.m/m^n]        []       |    [T/m^n]      [T.m/m^n]        []      
n=00:                                5.5470e-01    -2.4083e-01   +1.0000e+00  |      ---           ---           ---     
n=01:                                7.2929e+00    +3.2348e+00   -1.6119e-01  |      ---           ---           ---     
n=02:                                5.6827e+00    +1.0631e+00   -6.3568e-04  |      ---           ---           ---     
n=03:                                1.0211e+02    -2.8132e+01   +2.0185e-04  |      ---           ---           ---     
n=04:                                6.3954e+03    -1.6413e+03   +1.4132e-04  |      ---           ---           ---     
n=05:                                2.8428e+05    -5.3155e+04   +5.4922e-05  |      ---           ---           ---     
n=06:                                4.1219e+07    +8.1776e+06   -1.0139e-04  |      ---           ---           ---     
