--- multipoles on reference trajectory (rz > 0) ---
effective_length:                   434.2658008803808 mm
perpendicular_grid:                 41 points in [-10.000000,+10.000000] mm
max_fitting_error_normal            0.046/6056.137 G/G
max_fitting_error_skew              325.613/325.613 G/G
r0_for_relative_multipoles          12 mm
main_monomial                       n = 0, skew:False
                                       Nn(s=0)      Integ_Nn     Nn/N0(@r0)   |    Sn(s=0)      Integ_Sn     Sn/S0(@r0)  
<multipole_order n>                    [T/m^n]      [T.m/m^n]        []       |    [T/m^n]      [T.m/m^n]        []      
n=00:                                5.2431e-01    -2.2769e-01   +1.0000e+00  |      ---           ---           ---     
n=01:                                6.9148e+00    +3.0635e+00   -1.6146e-01  |      ---           ---           ---     
n=02:                                4.5902e+00    +1.0052e+00   -6.3576e-04  |      ---           ---           ---     
n=03:                                7.4822e+01    -3.9915e+01   +3.0293e-04  |      ---           ---           ---     
n=04:                                8.8768e+03    -1.3763e+03   +1.2534e-04  |      ---           ---           ---     
n=05:                                2.2021e+05    +1.1413e+05   -1.2473e-04  |      ---           ---           ---     
n=06:                                6.1041e+07    +6.6443e+05   -8.7136e-06  |      ---           ---           ---     
