--- multipoles on reference trajectory (rz > 0) ---
effective_length:                   436.5888024748133 mm
perpendicular_grid:                 41 points in [-10.000000,+10.000000] mm
max_fitting_error_normal            0.041/5108.835 G/G
max_fitting_error_skew              375.771/375.771 G/G
r0_for_relative_multipoles          12 mm
main_monomial                       n = 0, skew:False
                                       Nn(s=0)      Integ_Nn     Nn/N0(@r0)   |    Sn(s=0)      Integ_Sn     Sn/S0(@r0)  
<multipole_order n>                    [T/m^n]      [T.m/m^n]        []       |    [T/m^n]      [T.m/m^n]        []      
n=00:                                5.7788e-01    -2.5230e-01   +1.0000e+00  |      ---           ---           ---     
n=01:                                7.5374e+00    +3.3783e+00   -1.6068e-01  |      ---           ---           ---     
n=02:                                6.8814e+00    +1.2450e+00   -7.1058e-04  |      ---           ---           ---     
n=03:                                6.3535e+01    -2.8826e+01   +1.9743e-04  |      ---           ---           ---     
n=04:                                7.8813e+03    -2.5227e+03   +2.0734e-04  |      ---           ---           ---     
n=05:                                6.5890e+04    -4.2358e+03   +4.1776e-06  |      ---           ---           ---     
n=06:                                4.9089e+07    +1.2491e+07   -1.4784e-04  |      ---           ---           ---     
