--- multipoles on reference trajectory (rz > 0) ---
effective_length:                   436.6762363477011 mm
perpendicular_grid:                 41 points in [-10.000000,+10.000000] mm
max_fitting_error_normal            0.034/3943.127 G/G
max_fitting_error_skew              319.708/319.708 G/G
r0_for_relative_multipoles          12 mm
main_monomial                       n = 0, skew:False
                                       Nn(s=0)      Integ_Nn     Nn/N0(@r0)   |    Sn(s=0)      Integ_Sn     Sn/S0(@r0)  
<multipole_order n>                    [T/m^n]      [T.m/m^n]        []       |    [T/m^n]      [T.m/m^n]        []      
n=00:                                5.2439e-01    -2.2899e-01   +1.0000e+00  |      ---           ---           ---     
n=01:                                6.8519e+00    +3.0650e+00   -1.6062e-01  |      ---           ---           ---     
n=02:                                5.5132e+00    +1.0159e+00   -6.3884e-04  |      ---           ---           ---     
n=03:                                2.8159e+01    -2.2443e+01   +1.6936e-04  |      ---           ---           ---     
n=04:                                5.3188e+03    -2.8447e+03   +2.5760e-04  |      ---           ---           ---     
n=05:                                6.2172e+05    -4.8989e+04   +5.3234e-05  |      ---           ---           ---     
n=06:                                2.6623e+07    +1.1060e+07   -1.4422e-04  |      ---           ---           ---     
