--- multipoles on reference trajectory (rz > 0) ---
effective_length:                   433.39028628317334 mm
perpendicular_grid:                 41 points in [-10.000000,+10.000000] mm
max_fitting_error_normal            0.026/6062.757 G/G
max_fitting_error_skew              317.691/317.691 G/G
r0_for_relative_multipoles          12 mm
main_monomial                       n = 0, skew:False
                                       Nn(s=0)      Integ_Nn     Nn/N0(@r0)   |    Sn(s=0)      Integ_Sn     Sn/S0(@r0)  
<multipole_order n>                    [T/m^n]      [T.m/m^n]        []       |    [T/m^n]      [T.m/m^n]        []      
n=00:                                5.2483e-01    -2.2745e-01   +1.0000e+00  |      ---           ---           ---     
n=01:                                6.9100e+00    +3.0575e+00   -1.6131e-01  |      ---           ---           ---     
n=02:                                4.0681e+00    +7.6657e-01   -4.8531e-04  |      ---           ---           ---     
n=03:                                4.2950e+01    -3.8920e+01   +2.9568e-04  |      ---           ---           ---     
n=04:                                1.6119e+04    +3.2590e+02   -2.9711e-05  |      ---           ---           ---     
n=05:                                1.1214e+04    +4.7737e+04   -5.2224e-05  |      ---           ---           ---     
n=06:                                8.2540e+07    -2.4395e+06   +3.2026e-05  |      ---           ---           ---     
