--- multipoles on reference trajectory (rz > 0) ---
effective_length:                   435.3659589529513 mm
perpendicular_grid:                 41 points in [-10.000000,+10.000000] mm
max_fitting_error_normal            0.037/6374.694 G/G
max_fitting_error_skew              343.941/343.941 G/G
r0_for_relative_multipoles          12 mm
main_monomial                       n = 0, skew:False
                                       Nn(s=0)      Integ_Nn     Nn/N0(@r0)   |    Sn(s=0)      Integ_Sn     Sn/S0(@r0)  
<multipole_order n>                    [T/m^n]      [T.m/m^n]        []       |    [T/m^n]      [T.m/m^n]        []      
n=00:                                5.5081e-01    -2.3980e-01   +1.0000e+00  |      ---           ---           ---     
n=01:                                7.2343e+00    +3.2207e+00   -1.6117e-01  |      ---           ---           ---     
n=02:                                5.7723e+00    +9.3797e-01   -5.6325e-04  |      ---           ---           ---     
n=03:                                8.3273e+01    -2.1888e+01   +1.5773e-04  |      ---           ---           ---     
n=04:                                2.1796e+01    +9.7787e+02   -8.4558e-05  |      ---           ---           ---     
n=05:                                2.9697e+05    +9.5745e+03   -9.9350e-06  |      ---           ---           ---     
n=06:                                1.1708e+06    -7.3099e+06   +9.1022e-05  |      ---           ---           ---     
