--- multipoles on reference trajectory (rz > 0) ---
effective_length:                   435.1820159976824 mm
perpendicular_grid:                 41 points in [-10.000000,+10.000000] mm
max_fitting_error_normal            0.052/6377.580 G/G
max_fitting_error_skew              333.639/333.639 G/G
r0_for_relative_multipoles          12 mm
main_monomial                       n = 0, skew:False
                                       Nn(s=0)      Integ_Nn     Nn/N0(@r0)   |    Sn(s=0)      Integ_Sn     Sn/S0(@r0)  
<multipole_order n>                    [T/m^n]      [T.m/m^n]        []       |    [T/m^n]      [T.m/m^n]        []      
n=00:                                5.5141e-01    -2.3996e-01   +1.0000e+00  |      ---           ---           ---     
n=01:                                7.2588e+00    +3.2257e+00   -1.6131e-01  |      ---           ---           ---     
n=02:                                6.7044e+00    +1.0705e+00   -6.4242e-04  |      ---           ---           ---     
n=03:                                1.4798e+01    -6.6493e+00   +4.7882e-05  |      ---           ---           ---     
n=04:                                3.2524e+04    -3.0379e+03   +2.6251e-04  |      ---           ---           ---     
n=05:                                2.0183e+05    -1.6714e+05   +1.7332e-04  |      ---           ---           ---     
n=06:                                2.0051e+08    +2.0919e+07   -2.6030e-04  |      ---           ---           ---     
