--- multipoles on reference trajectory (rz > 0) ---
effective_length:                   435.5661429011454 mm
perpendicular_grid:                 41 points in [-10.000000,+10.000000] mm
max_fitting_error_normal            0.053/4576.504 G/G
max_fitting_error_skew              333.717/333.717 G/G
r0_for_relative_multipoles          12 mm
main_monomial                       n = 0, skew:False
                                       Nn(s=0)      Integ_Nn     Nn/N0(@r0)   |    Sn(s=0)      Integ_Sn     Sn/S0(@r0)  
<multipole_order n>                    [T/m^n]      [T.m/m^n]        []       |    [T/m^n]      [T.m/m^n]        []      
n=00:                                5.5219e-01    -2.4052e-01   +1.0000e+00  |      ---           ---           ---     
n=01:                                7.2244e+00    +3.2217e+00   -1.6074e-01  |      ---           ---           ---     
n=02:                                5.9056e+00    +9.3310e-01   -5.5866e-04  |      ---           ---           ---     
n=03:                                4.5000e+01    -2.5015e+01   +1.7972e-04  |      ---           ---           ---     
n=04:                                7.9262e+02    +2.0642e+03   -1.7796e-04  |      ---           ---           ---     
n=05:                                6.6533e+05    -1.3206e+03   +1.3663e-06  |      ---           ---           ---     
n=06:                                5.6766e+06    -1.5021e+07   +1.8648e-04  |      ---           ---           ---     
