--- multipoles on reference trajectory (rz > 0) ---
effective_length:                   435.77364746340845 mm
perpendicular_grid:                 41 points in [-10.000000,+10.000000] mm
max_fitting_error_normal            0.030/6423.272 G/G
max_fitting_error_skew              349.155/349.155 G/G
r0_for_relative_multipoles          12 mm
main_monomial                       n = 0, skew:False
                                       Nn(s=0)      Integ_Nn     Nn/N0(@r0)   |    Sn(s=0)      Integ_Sn     Sn/S0(@r0)  
<multipole_order n>                    [T/m^n]      [T.m/m^n]        []       |    [T/m^n]      [T.m/m^n]        []      
n=00:                                5.5453e-01    -2.4165e-01   +1.0000e+00  |      ---           ---           ---     
n=01:                                7.2556e+00    +3.2361e+00   -1.6070e-01  |      ---           ---           ---     
n=02:                                5.3586e+00    +1.0238e+00   -6.1007e-04  |      ---           ---           ---     
n=03:                                3.0047e+01    -1.3130e+01   +9.3888e-05  |      ---           ---           ---     
n=04:                                1.0253e+04    +6.9738e+02   -5.9843e-05  |      ---           ---           ---     
n=05:                                2.0077e+05    -1.0473e+05   +1.0785e-04  |      ---           ---           ---     
n=06:                                7.0496e+07    -8.7789e+06   +1.0848e-04  |      ---           ---           ---     
