--- multipoles on reference trajectory (rz > 0) ---
effective_length:                   435.3151595367151 mm
perpendicular_grid:                 41 points in [-10.000000,+10.000000] mm
max_fitting_error_normal            0.044/4623.762 G/G
max_fitting_error_skew              333.672/333.672 G/G
r0_for_relative_multipoles          12 mm
main_monomial                       n = 0, skew:False
                                       Nn(s=0)      Integ_Nn     Nn/N0(@r0)   |    Sn(s=0)      Integ_Sn     Sn/S0(@r0)  
<multipole_order n>                    [T/m^n]      [T.m/m^n]        []       |    [T/m^n]      [T.m/m^n]        []      
n=00:                                5.2373e-01    -2.2799e-01   +1.0000e+00  |      ---           ---           ---     
n=01:                                6.8680e+00    +3.0586e+00   -1.6099e-01  |      ---           ---           ---     
n=02:                                5.6379e+00    +9.4416e-01   -5.9635e-04  |      ---           ---           ---     
n=03:                                2.0181e+00    -2.2632e+01   +1.7154e-04  |      ---           ---           ---     
n=04:                                7.5173e+03    -2.0421e+03   +1.8573e-04  |      ---           ---           ---     
n=05:                                3.6053e+05    -1.4071e+04   +1.5358e-05  |      ---           ---           ---     
n=06:                                3.4614e+07    +4.5310e+06   -5.9344e-05  |      ---           ---           ---     
