--- multipoles on reference trajectory (rz > 0) ---
effective_length:                   434.67615925381074 mm
perpendicular_grid:                 41 points in [-10.000000,+10.000000] mm
max_fitting_error_normal            0.032/3836.883 G/G
max_fitting_error_skew              340.040/340.040 G/G
r0_for_relative_multipoles          12 mm
main_monomial                       n = 0, skew:False
                                       Nn(s=0)      Integ_Nn     Nn/N0(@r0)   |    Sn(s=0)      Integ_Sn     Sn/S0(@r0)  
<multipole_order n>                    [T/m^n]      [T.m/m^n]        []       |    [T/m^n]      [T.m/m^n]        []      
n=00:                                5.5345e-01    -2.4057e-01   +1.0000e+00  |      ---           ---           ---     
n=01:                                7.2582e+00    +3.2177e+00   -1.6050e-01  |      ---           ---           ---     
n=02:                                4.9625e+00    +9.0866e-01   -5.4390e-04  |      ---           ---           ---     
n=03:                                6.6324e+01    -3.0610e+01   +2.1987e-04  |      ---           ---           ---     
n=04:                                2.1050e+02    -1.2388e+03   +1.0678e-04  |      ---           ---           ---     
n=05:                                2.2650e+04    -2.0186e+04   +2.0879e-05  |      ---           ---           ---     
n=06:                                5.0272e+06    +5.1684e+06   -6.4151e-05  |      ---           ---           ---     
