--- multipoles on reference trajectory (rz > 0) ---
effective_length:                   436.687007772633 mm
perpendicular_grid:                 41 points in [-10.000000,+10.000000] mm
max_fitting_error_normal            0.058/5109.096 G/G
max_fitting_error_skew              345.310/345.310 G/G
r0_for_relative_multipoles          12 mm
main_monomial                       n = 0, skew:False
                                       Nn(s=0)      Integ_Nn     Nn/N0(@r0)   |    Sn(s=0)      Integ_Sn     Sn/S0(@r0)  
<multipole_order n>                    [T/m^n]      [T.m/m^n]        []       |    [T/m^n]      [T.m/m^n]        []      
n=00:                                5.7670e-01    -2.5184e-01   +1.0000e+00  |      ---           ---           ---     
n=01:                                7.5403e+00    +3.3761e+00   -1.6087e-01  |      ---           ---           ---     
n=02:                                6.0193e+00    +9.1106e-01   -5.2094e-04  |      ---           ---           ---     
n=03:                                1.2626e+02    -5.5771e+01   +3.8268e-04  |      ---           ---           ---     
n=04:                                6.8835e+03    +1.0342e+03   -8.5155e-05  |      ---           ---           ---     
n=05:                                4.2026e+05    +1.0415e+05   -1.0290e-04  |      ---           ---           ---     
n=06:                                7.4093e+07    -4.1883e+06   +4.9660e-05  |      ---           ---           ---     
