--- multipoles on reference trajectory (rz > 0) ---
effective_length:                   436.35893607443313 mm
perpendicular_grid:                 41 points in [-10.000000,+10.000000] mm
max_fitting_error_normal            0.041/5121.814 G/G
max_fitting_error_skew              375.192/375.192 G/G
r0_for_relative_multipoles          12 mm
main_monomial                       n = 0, skew:False
                                       Nn(s=0)      Integ_Nn     Nn/N0(@r0)   |    Sn(s=0)      Integ_Sn     Sn/S0(@r0)  
<multipole_order n>                    [T/m^n]      [T.m/m^n]        []       |    [T/m^n]      [T.m/m^n]        []      
n=00:                                5.7849e-01    -2.5243e-01   +1.0000e+00  |      ---           ---           ---     
n=01:                                7.5363e+00    +3.3773e+00   -1.6055e-01  |      ---           ---           ---     
n=02:                                6.9021e+00    +1.2434e+00   -7.0928e-04  |      ---           ---           ---     
n=03:                                6.1892e+01    -2.5204e+01   +1.7253e-04  |      ---           ---           ---     
n=04:                                8.1045e+03    -4.9617e+03   +4.0758e-04  |      ---           ---           ---     
n=05:                                5.1604e+04    -3.6923e+04   +3.6397e-05  |      ---           ---           ---     
n=06:                                5.0749e+07    +2.5342e+07   -2.9977e-04  |      ---           ---           ---     
