--- multipoles on reference trajectory (rz > 0) ---
effective_length:                   436.037511925714 mm
perpendicular_grid:                 41 points in [-10.000000,+10.000000] mm
max_fitting_error_normal            0.034/6058.447 G/G
max_fitting_error_skew              311.217/311.217 G/G
r0_for_relative_multipoles          12 mm
main_monomial                       n = 0, skew:False
                                       Nn(s=0)      Integ_Nn     Nn/N0(@r0)   |    Sn(s=0)      Integ_Sn     Sn/S0(@r0)  
<multipole_order n>                    [T/m^n]      [T.m/m^n]        []       |    [T/m^n]      [T.m/m^n]        []      
n=00:                                5.2220e-01    -2.2770e-01   +1.0000e+00  |      ---           ---           ---     
n=01:                                6.8490e+00    +3.0618e+00   -1.6136e-01  |      ---           ---           ---     
n=02:                                4.6812e+00    +6.7045e-01   -4.2400e-04  |      ---           ---           ---     
n=03:                                8.1601e+01    -4.7952e+01   +3.6391e-04  |      ---           ---           ---     
n=04:                                7.7768e+03    +1.3606e+03   -1.2390e-04  |      ---           ---           ---     
n=05:                                1.4123e+05    +7.8137e+04   -8.5390e-05  |      ---           ---           ---     
n=06:                                4.4328e+07    -9.9628e+06   +1.3065e-04  |      ---           ---           ---     
