--- multipoles on reference trajectory (rz > 0) ---
effective_length:                   435.1117594460208 mm
perpendicular_grid:                 41 points in [-10.000000,+10.000000] mm
max_fitting_error_normal            0.042/5800.664 G/G
max_fitting_error_skew              343.931/343.931 G/G
r0_for_relative_multipoles          12 mm
main_monomial                       n = 0, skew:False
                                       Nn(s=0)      Integ_Nn     Nn/N0(@r0)   |    Sn(s=0)      Integ_Sn     Sn/S0(@r0)  
<multipole_order n>                    [T/m^n]      [T.m/m^n]        []       |    [T/m^n]      [T.m/m^n]        []      
n=00:                                5.5338e-01    -2.4078e-01   +1.0000e+00  |      ---           ---           ---     
n=01:                                7.2732e+00    +3.2359e+00   -1.6127e-01  |      ---           ---           ---     
n=02:                                5.7577e+00    +1.3531e+00   -8.0923e-04  |      ---           ---           ---     
n=03:                                1.2076e+02    -3.7077e+01   +2.6609e-04  |      ---           ---           ---     
n=04:                                2.7217e+03    -5.8015e+03   +4.9962e-04  |      ---           ---           ---     
n=05:                                4.5650e+05    +7.1288e+04   -7.3671e-05  |      ---           ---           ---     
n=06:                                1.3861e+07    +2.8010e+07   -3.4736e-04  |      ---           ---           ---     
