--- multipoles on reference trajectory (rz > 0) ---
effective_length:                   436.190852823572 mm
perpendicular_grid:                 41 points in [-10.000000,+10.000000] mm
max_fitting_error_normal            0.174/5326.742 G/G
max_fitting_error_skew              4.912/4.912 G/G
r0_for_relative_multipoles          12 mm
main_monomial                       n = 0, skew:False
                                       Nn(s=0)      Integ_Nn     Nn/N0(@r0)   |    Sn(s=0)      Integ_Sn     Sn/S0(@r0)  
<multipole_order n>                    [T/m^n]      [T.m/m^n]        []       |    [T/m^n]      [T.m/m^n]        []      
n=00:                                5.1905e-01    -2.2641e-01   +1.0000e+00  |      ---           ---           ---     
n=01:                                6.8136e+00    +3.0466e+00   -1.6148e-01  |      ---           ---           ---     
n=02:                                4.3086e+00    +4.6755e-01   -2.9738e-04  |      ---           ---           ---     
n=03:                                5.7261e+01    -5.6958e+01   +4.3472e-04  |      ---           ---           ---     
n=04:                                5.0184e+03    +1.5167e+03   -1.3891e-04  |      ---           ---           ---     
n=05:                                3.6342e+04    +1.8407e+05   -2.0230e-04  |      ---           ---           ---     
n=06:                                1.0479e+07    -7.9204e+06   +1.0446e-04  |      ---           ---           ---     
