--- multipoles on reference trajectory (rz > 0) ---
effective_length:                   434.9935359892869 mm
perpendicular_grid:                 41 points in [-10.000000,+10.000000] mm
max_fitting_error_normal            0.036/4195.417 G/G
max_fitting_error_skew              320.785/320.785 G/G
r0_for_relative_multipoles          12 mm
main_monomial                       n = 0, skew:False
                                       Nn(s=0)      Integ_Nn     Nn/N0(@r0)   |    Sn(s=0)      Integ_Sn     Sn/S0(@r0)  
<multipole_order n>                    [T/m^n]      [T.m/m^n]        []       |    [T/m^n]      [T.m/m^n]        []      
n=00:                                5.2428e-01    -2.2806e-01   +1.0000e+00  |      ---           ---           ---     
n=01:                                6.8829e+00    +3.0609e+00   -1.6106e-01  |      ---           ---           ---     
n=02:                                4.5828e+00    +9.6574e-01   -6.0978e-04  |      ---           ---           ---     
n=03:                                9.7158e+01    -3.5298e+01   +2.6745e-04  |      ---           ---           ---     
n=04:                                6.8546e+03    -2.2456e+03   +2.0418e-04  |      ---           ---           ---     
n=05:                                2.2841e+05    +5.4353e+04   -5.9303e-05  |      ---           ---           ---     
n=06:                                5.0722e+07    +7.9446e+06   -1.0402e-04  |      ---           ---           ---     
