--- multipoles on reference trajectory (rz > 0) ---
effective_length:                   434.42886908757504 mm
perpendicular_grid:                 41 points in [-10.000000,+10.000000] mm
max_fitting_error_normal            0.036/4876.456 G/G
max_fitting_error_skew              337.732/337.732 G/G
r0_for_relative_multipoles          12 mm
main_monomial                       n = 0, skew:False
                                       Nn(s=0)      Integ_Nn     Nn/N0(@r0)   |    Sn(s=0)      Integ_Sn     Sn/S0(@r0)  
<multipole_order n>                    [T/m^n]      [T.m/m^n]        []       |    [T/m^n]      [T.m/m^n]        []      
n=00:                                5.5418e-01    -2.4075e-01   +1.0000e+00  |      ---           ---           ---     
n=01:                                7.2937e+00    +3.2362e+00   -1.6131e-01  |      ---           ---           ---     
n=02:                                5.6549e+00    +9.0396e-01   -5.4068e-04  |      ---           ---           ---     
n=03:                                1.0323e+02    -3.7374e+01   +2.6825e-04  |      ---           ---           ---     
n=04:                                6.0838e+03    +1.4343e+03   -1.2354e-04  |      ---           ---           ---     
n=05:                                2.9455e+05    -7.1986e+03   +7.4402e-06  |      ---           ---           ---     
n=06:                                3.9484e+07    -9.3576e+06   +1.1606e-04  |      ---           ---           ---     
