--- multipoles on reference trajectory (rz > 0) ---
effective_length:                   436.56319360553744 mm
perpendicular_grid:                 41 points in [-10.000000,+10.000000] mm
max_fitting_error_normal            0.058/3924.931 G/G
max_fitting_error_skew              324.482/324.482 G/G
r0_for_relative_multipoles          12 mm
main_monomial                       n = 0, skew:False
                                       Nn(s=0)      Integ_Nn     Nn/N0(@r0)   |    Sn(s=0)      Integ_Sn     Sn/S0(@r0)  
<multipole_order n>                    [T/m^n]      [T.m/m^n]        []       |    [T/m^n]      [T.m/m^n]        []      
n=00:                                5.2439e-01    -2.2893e-01   +1.0000e+00  |      ---           ---           ---     
n=01:                                6.8464e+00    +3.0642e+00   -1.6062e-01  |      ---           ---           ---     
n=02:                                5.6752e+00    +8.3690e-01   -5.2643e-04  |      ---           ---           ---     
n=03:                                5.5957e+01    -9.8130e+00   +7.4071e-05  |      ---           ---           ---     
n=04:                                9.2454e+03    -1.5148e+03   +1.3721e-04  |      ---           ---           ---     
n=05:                                2.6257e+04    -1.4380e+05   +1.5630e-04  |      ---           ---           ---     
n=06:                                6.1666e+07    +8.4604e+06   -1.1035e-04  |      ---           ---           ---     
