--- multipoles on reference trajectory (rz > 0) ---
effective_length:                   436.47274403525245 mm
perpendicular_grid:                 41 points in [-10.000000,+10.000000] mm
max_fitting_error_normal            0.054/5102.851 G/G
max_fitting_error_skew              340.142/340.142 G/G
r0_for_relative_multipoles          12 mm
main_monomial                       n = 0, skew:False
                                       Nn(s=0)      Integ_Nn     Nn/N0(@r0)   |    Sn(s=0)      Integ_Sn     Sn/S0(@r0)  
<multipole_order n>                    [T/m^n]      [T.m/m^n]        []       |    [T/m^n]      [T.m/m^n]        []      
n=00:                                5.5128e-01    -2.4062e-01   +1.0000e+00  |      ---           ---           ---     
n=01:                                7.2064e+00    +3.2195e+00   -1.6056e-01  |      ---           ---           ---     
n=02:                                5.9860e+00    +9.8167e-01   -5.8749e-04  |      ---           ---           ---     
n=03:                                4.6380e+01    -2.8140e+01   +2.0209e-04  |      ---           ---           ---     
n=04:                                1.0804e+04    -2.3012e+03   +1.9831e-04  |      ---           ---           ---     
n=05:                                4.0087e+04    -1.2103e+04   +1.2516e-05  |      ---           ---           ---     
n=06:                                7.7740e+07    +1.1380e+07   -1.4122e-04  |      ---           ---           ---     
