--- multipoles on reference trajectory (rz > 0) ---
effective_length:                   435.43414999607273 mm
perpendicular_grid:                 41 points in [-10.000000,+10.000000] mm
max_fitting_error_normal            0.045/6426.186 G/G
max_fitting_error_skew              346.655/346.655 G/G
r0_for_relative_multipoles          12 mm
main_monomial                       n = 0, skew:False
                                       Nn(s=0)      Integ_Nn     Nn/N0(@r0)   |    Sn(s=0)      Integ_Sn     Sn/S0(@r0)  
<multipole_order n>                    [T/m^n]      [T.m/m^n]        []       |    [T/m^n]      [T.m/m^n]        []      
n=00:                                5.5512e-01    -2.4172e-01   +1.0000e+00  |      ---           ---           ---     
n=01:                                7.2582e+00    +3.2358e+00   -1.6064e-01  |      ---           ---           ---     
n=02:                                5.9947e+00    +1.2607e+00   -7.5106e-04  |      ---           ---           ---     
n=03:                                1.2433e+02    -4.2472e+01   +3.0362e-04  |      ---           ---           ---     
n=04:                                6.5718e+03    -3.1667e+03   +2.7166e-04  |      ---           ---           ---     
n=05:                                5.4729e+05    +1.0140e+05   -1.0439e-04  |      ---           ---           ---     
n=06:                                3.2310e+07    +1.2647e+07   -1.5623e-04  |      ---           ---           ---     
