--- multipoles on reference trajectory (rz > 0) ---
effective_length:                   436.0972395059245 mm
perpendicular_grid:                 41 points in [-10.000000,+10.000000] mm
max_fitting_error_normal            0.038/4842.498 G/G
max_fitting_error_skew              328.056/328.056 G/G
r0_for_relative_multipoles          12 mm
main_monomial                       n = 0, skew:False
                                       Nn(s=0)      Integ_Nn     Nn/N0(@r0)   |    Sn(s=0)      Integ_Sn     Sn/S0(@r0)  
<multipole_order n>                    [T/m^n]      [T.m/m^n]        []       |    [T/m^n]      [T.m/m^n]        []      
n=00:                                5.4969e-01    -2.3972e-01   +1.0000e+00  |      ---           ---           ---     
n=01:                                7.1945e+00    +3.2186e+00   -1.6112e-01  |      ---           ---           ---     
n=02:                                5.4368e+00    +8.1488e-01   -4.8951e-04  |      ---           ---           ---     
n=03:                                6.3465e+01    -4.1728e+01   +3.0080e-04  |      ---           ---           ---     
n=04:                                4.5632e+03    -9.7855e+02   +8.4647e-05  |      ---           ---           ---     
n=05:                                9.1185e+04    +3.2717e+04   -3.3961e-05  |      ---           ---           ---     
n=06:                                5.0285e+07    +5.7384e+06   -7.1479e-05  |      ---           ---           ---     
