--- multipoles on reference trajectory (rz > 0) ---
effective_length:                   434.1649809191035 mm
perpendicular_grid:                 41 points in [-10.000000,+10.000000] mm
max_fitting_error_normal            0.050/4153.768 G/G
max_fitting_error_skew              336.851/336.851 G/G
r0_for_relative_multipoles          12 mm
main_monomial                       n = 0, skew:False
                                       Nn(s=0)      Integ_Nn     Nn/N0(@r0)   |    Sn(s=0)      Integ_Sn     Sn/S0(@r0)  
<multipole_order n>                    [T/m^n]      [T.m/m^n]        []       |    [T/m^n]      [T.m/m^n]        []      
n=00:                                5.5217e-01    -2.3973e-01   +1.0000e+00  |      ---           ---           ---     
n=01:                                7.2572e+00    +3.2203e+00   -1.6120e-01  |      ---           ---           ---     
n=02:                                5.0126e+00    +7.9633e-01   -4.7833e-04  |      ---           ---           ---     
n=03:                                2.0664e+01    -2.3409e+01   +1.6873e-04  |      ---           ---           ---     
n=04:                                5.5618e+02    +2.7371e+03   -2.3675e-04  |      ---           ---           ---     
n=05:                                5.0991e+05    -7.3787e+04   +7.6588e-05  |      ---           ---           ---     
n=06:                                1.8466e+07    -1.4239e+07   +1.7736e-04  |      ---           ---           ---     
