--- multipoles on reference trajectory (rz > 0) ---
effective_length:                   434.1685494682166 mm
perpendicular_grid:                 41 points in [-10.000000,+10.000000] mm
max_fitting_error_normal            0.048/4175.560 G/G
max_fitting_error_skew              320.788/320.788 G/G
r0_for_relative_multipoles          12 mm
main_monomial                       n = 0, skew:False
                                       Nn(s=0)      Integ_Nn     Nn/N0(@r0)   |    Sn(s=0)      Integ_Sn     Sn/S0(@r0)  
<multipole_order n>                    [T/m^n]      [T.m/m^n]        []       |    [T/m^n]      [T.m/m^n]        []      
n=00:                                5.2682e-01    -2.2873e-01   +1.0000e+00  |      ---           ---           ---     
n=01:                                6.9058e+00    +3.0625e+00   -1.6067e-01  |      ---           ---           ---     
n=02:                                4.3969e+00    +8.9864e-01   -5.6576e-04  |      ---           ---           ---     
n=03:                                5.9185e+01    -2.1505e+01   +1.6247e-04  |      ---           ---           ---     
n=04:                                1.3531e+04    +7.5340e+02   -6.8301e-05  |      ---           ---           ---     
n=05:                                1.3794e+05    -4.3257e+04   +4.7059e-05  |      ---           ---           ---     
n=06:                                7.1255e+07    -4.6549e+06   +6.0768e-05  |      ---           ---           ---     
