--- multipoles on reference trajectory (rz > 0) ---
effective_length:                   433.77638708825907 mm
perpendicular_grid:                 41 points in [-10.000000,+10.000000] mm
max_fitting_error_normal            0.059/6385.664 G/G
max_fitting_error_skew              332.867/332.867 G/G
r0_for_relative_multipoles          12 mm
main_monomial                       n = 0, skew:False
                                       Nn(s=0)      Integ_Nn     Nn/N0(@r0)   |    Sn(s=0)      Integ_Sn     Sn/S0(@r0)  
<multipole_order n>                    [T/m^n]      [T.m/m^n]        []       |    [T/m^n]      [T.m/m^n]        []      
n=00:                                5.5292e-01    -2.3984e-01   +1.0000e+00  |      ---           ---           ---     
n=01:                                7.2872e+00    +3.2161e+00   -1.6091e-01  |      ---           ---           ---     
n=02:                                3.2359e+00    +6.3999e-01   -3.8425e-04  |      ---           ---           ---     
n=03:                                8.4414e+01    -6.3419e+01   +4.5692e-04  |      ---           ---           ---     
n=04:                                2.4875e+04    +4.9673e+03   -4.2946e-04  |      ---           ---           ---     
n=05:                                9.0110e+04    +1.8911e+05   -1.9620e-04  |      ---           ---           ---     
n=06:                                1.4195e+08    -3.1558e+07   +3.9289e-04  |      ---           ---           ---     
