--- multipoles on reference trajectory (rz > 0) ---
effective_length:                   435.6473473909128 mm
perpendicular_grid:                 41 points in [-10.000000,+10.000000] mm
max_fitting_error_normal            0.027/4983.753 G/G
max_fitting_error_skew              322.585/322.585 G/G
r0_for_relative_multipoles          12 mm
main_monomial                       n = 0, skew:False
                                       Nn(s=0)      Integ_Nn     Nn/N0(@r0)   |    Sn(s=0)      Integ_Sn     Sn/S0(@r0)  
<multipole_order n>                    [T/m^n]      [T.m/m^n]        []       |    [T/m^n]      [T.m/m^n]        []      
n=00:                                5.2499e-01    -2.2871e-01   +1.0000e+00  |      ---           ---           ---     
n=01:                                6.8753e+00    +3.0600e+00   -1.6055e-01  |      ---           ---           ---     
n=02:                                4.9223e+00    +7.4346e-01   -4.6809e-04  |      ---           ---           ---     
n=03:                                7.3420e+01    -3.9536e+01   +2.9870e-04  |      ---           ---           ---     
n=04:                                2.6533e+03    +2.5051e+03   -2.2712e-04  |      ---           ---           ---     
n=05:                                1.4137e+05    +4.6245e+04   -5.0313e-05  |      ---           ---           ---     
n=06:                                2.3671e+07    -1.6858e+07   +2.2009e-04  |      ---           ---           ---     
