--- multipoles on reference trajectory (rz > 0) ---
effective_length:                   435.84515637998385 mm
perpendicular_grid:                 41 points in [-10.000000,+10.000000] mm
max_fitting_error_normal            0.040/4872.317 G/G
max_fitting_error_skew              342.170/342.170 G/G
r0_for_relative_multipoles          12 mm
main_monomial                       n = 0, skew:False
                                       Nn(s=0)      Integ_Nn     Nn/N0(@r0)   |    Sn(s=0)      Integ_Sn     Sn/S0(@r0)  
<multipole_order n>                    [T/m^n]      [T.m/m^n]        []       |    [T/m^n]      [T.m/m^n]        []      
n=00:                                5.5156e-01    -2.4039e-01   +1.0000e+00  |      ---           ---           ---     
n=01:                                7.2208e+00    +3.2232e+00   -1.6090e-01  |      ---           ---           ---     
n=02:                                5.9120e+00    +9.3663e-01   -5.6106e-04  |      ---           ---           ---     
n=03:                                4.1170e+01    -1.8963e+00   +1.3631e-05  |      ---           ---           ---     
n=04:                                1.2584e+04    -9.0873e+02   +7.8385e-05  |      ---           ---           ---     
n=05:                                5.2172e+05    -1.4382e+05   +1.4887e-04  |      ---           ---           ---     
n=06:                                7.0778e+07    +4.8632e+06   -6.0407e-05  |      ---           ---           ---     
