--- multipoles on reference trajectory (rz > 0) ---
effective_length:                   436.592523321927 mm
perpendicular_grid:                 41 points in [-10.000000,+10.000000] mm
max_fitting_error_normal            0.053/4433.675 G/G
max_fitting_error_skew              338.034/338.034 G/G
r0_for_relative_multipoles          12 mm
main_monomial                       n = 0, skew:False
                                       Nn(s=0)      Integ_Nn     Nn/N0(@r0)   |    Sn(s=0)      Integ_Sn     Sn/S0(@r0)  
<multipole_order n>                    [T/m^n]      [T.m/m^n]        []       |    [T/m^n]      [T.m/m^n]        []      
n=00:                                5.2210e-01    -2.2795e-01   +1.0000e+00  |      ---           ---           ---     
n=01:                                6.8504e+00    +3.0650e+00   -1.6136e-01  |      ---           ---           ---     
n=02:                                5.9892e+00    +1.0919e+00   -6.8975e-04  |      ---           ---           ---     
n=03:                                2.0055e+02    -3.1372e+01   +2.3782e-04  |      ---           ---           ---     
n=04:                                2.5848e+03    -2.7715e+03   +2.5212e-04  |      ---           ---           ---     
n=05:                                1.0858e+06    +3.6286e+04   -3.9611e-05  |      ---           ---           ---     
n=06:                                2.2936e+05    +9.3383e+06   -1.2233e-04  |      ---           ---           ---     
