--- multipoles on reference trajectory (rz > 0) ---
effective_length:                   436.01810568257866 mm
perpendicular_grid:                 41 points in [-10.000000,+10.000000] mm
max_fitting_error_normal            0.031/5482.286 G/G
max_fitting_error_skew              352.334/352.334 G/G
r0_for_relative_multipoles          12 mm
main_monomial                       n = 0, skew:False
                                       Nn(s=0)      Integ_Nn     Nn/N0(@r0)   |    Sn(s=0)      Integ_Sn     Sn/S0(@r0)  
<multipole_order n>                    [T/m^n]      [T.m/m^n]        []       |    [T/m^n]      [T.m/m^n]        []      
n=00:                                5.5254e-01    -2.4092e-01   +1.0000e+00  |      ---           ---           ---     
n=01:                                7.2138e+00    +3.2196e+00   -1.6037e-01  |      ---           ---           ---     
n=02:                                5.8721e+00    +9.2178e-01   -5.5096e-04  |      ---           ---           ---     
n=03:                                9.5386e-01    -1.2064e+01   +8.6527e-05  |      ---           ---           ---     
n=04:                                4.6786e+03    -1.2079e+03   +1.0396e-04  |      ---           ---           ---     
n=05:                                2.4192e+05    -6.8398e+04   +7.0645e-05  |      ---           ---           ---     
n=06:                                2.3826e+07    +4.9931e+06   -6.1886e-05  |      ---           ---           ---     
