--- multipoles on reference trajectory (rz > 0) ---
effective_length:                   432.78023584930474 mm
perpendicular_grid:                 41 points in [-10.000000,+10.000000] mm
max_fitting_error_normal            0.054/5211.074 G/G
max_fitting_error_skew              324.042/324.042 G/G
r0_for_relative_multipoles          12 mm
main_monomial                       n = 0, skew:False
                                       Nn(s=0)      Integ_Nn     Nn/N0(@r0)   |    Sn(s=0)      Integ_Sn     Sn/S0(@r0)  
<multipole_order n>                    [T/m^n]      [T.m/m^n]        []       |    [T/m^n]      [T.m/m^n]        []      
n=00:                                5.2764e-01    -2.2835e-01   +1.0000e+00  |      ---           ---           ---     
n=01:                                6.9592e+00    +3.0571e+00   -1.6065e-01  |      ---           ---           ---     
n=02:                                4.0905e+00    +9.5479e-01   -6.0209e-04  |      ---           ---           ---     
n=03:                                9.3980e+01    -2.4748e+01   +1.8727e-04  |      ---           ---           ---     
n=04:                                6.9009e+03    -3.8964e+03   +3.5382e-04  |      ---           ---           ---     
n=05:                                2.4460e+05    -5.4955e+04   +5.9884e-05  |      ---           ---           ---     
n=06:                                3.9215e+07    +1.7444e+07   -2.2810e-04  |      ---           ---           ---     
