--- multipoles on reference trajectory (rz > 0) ---
effective_length:                   435.27144858589804 mm
perpendicular_grid:                 41 points in [-10.000000,+10.000000] mm
max_fitting_error_normal            0.026/5465.615 G/G
max_fitting_error_skew              337.286/337.286 G/G
r0_for_relative_multipoles          12 mm
main_monomial                       n = 0, skew:False
                                       Nn(s=0)      Integ_Nn     Nn/N0(@r0)   |    Sn(s=0)      Integ_Sn     Sn/S0(@r0)  
<multipole_order n>                    [T/m^n]      [T.m/m^n]        []       |    [T/m^n]      [T.m/m^n]        []      
n=00:                                5.4944e-01    -2.3916e-01   +1.0000e+00  |      ---           ---           ---     
n=01:                                7.2194e+00    +3.2129e+00   -1.6121e-01  |      ---           ---           ---     
n=02:                                5.2161e+00    +8.6649e-01   -5.2173e-04  |      ---           ---           ---     
n=03:                                1.0694e+02    -4.6111e+01   +3.3317e-04  |      ---           ---           ---     
n=04:                                4.2088e+03    +2.2003e+02   -1.9078e-05  |      ---           ---           ---     
n=05:                                1.4646e+05    +4.7922e+04   -4.9861e-05  |      ---           ---           ---     
n=06:                                1.4210e+07    -6.0315e+06   +7.5305e-05  |      ---           ---           ---     
