--- multipoles on reference trajectory (rz > 0) ---
effective_length:                   434.175672080388 mm
perpendicular_grid:                 41 points in [-10.000000,+10.000000] mm
max_fitting_error_normal            0.060/5111.324 G/G
max_fitting_error_skew              357.369/357.369 G/G
r0_for_relative_multipoles          12 mm
main_monomial                       n = 0, skew:False
                                       Nn(s=0)      Integ_Nn     Nn/N0(@r0)   |    Sn(s=0)      Integ_Sn     Sn/S0(@r0)  
<multipole_order n>                    [T/m^n]      [T.m/m^n]        []       |    [T/m^n]      [T.m/m^n]        []      
n=00:                                5.8123e-01    -2.5235e-01   +1.0000e+00  |      ---           ---           ---     
n=01:                                7.6059e+00    +3.3719e+00   -1.6034e-01  |      ---           ---           ---     
n=02:                                6.4278e+00    +1.0661e+00   -6.0833e-04  |      ---           ---           ---     
n=03:                                1.4591e+02    -6.2324e+01   +4.2676e-04  |      ---           ---           ---     
n=04:                                2.3927e+04    -4.0993e+03   +3.3684e-04  |      ---           ---           ---     
n=05:                                5.1743e+05    +1.6617e+05   -1.6385e-04  |      ---           ---           ---     
n=06:                                1.7117e+08    +2.3670e+07   -2.8008e-04  |      ---           ---           ---     
