--- multipoles on reference trajectory (rz > 0) ---
effective_length:                   434.0701596653474 mm
perpendicular_grid:                 41 points in [-10.000000,+10.000000] mm
max_fitting_error_normal            0.028/6693.248 G/G
max_fitting_error_skew              351.323/351.323 G/G
r0_for_relative_multipoles          12 mm
main_monomial                       n = 0, skew:False
                                       Nn(s=0)      Integ_Nn     Nn/N0(@r0)   |    Sn(s=0)      Integ_Sn     Sn/S0(@r0)  
<multipole_order n>                    [T/m^n]      [T.m/m^n]        []       |    [T/m^n]      [T.m/m^n]        []      
n=00:                                5.7896e-01    -2.5131e-01   +1.0000e+00  |      ---           ---           ---     
n=01:                                7.6055e+00    +3.3726e+00   -1.6104e-01  |      ---           ---           ---     
n=02:                                6.1503e+00    +1.1144e+00   -6.3853e-04  |      ---           ---           ---     
n=03:                                2.7321e+00    -3.3614e+01   +2.3113e-04  |      ---           ---           ---     
n=04:                                1.1313e+03    -5.7835e+02   +4.7721e-05  |      ---           ---           ---     
n=05:                                4.1284e+05    +8.2969e+03   -8.2151e-06  |      ---           ---           ---     
n=06:                                9.6311e+06    -8.2663e+04   +9.8219e-07  |      ---           ---           ---     
