--- multipoles on reference trajectory (rz > 0) ---
effective_length:                   434.22892498291156 mm
perpendicular_grid:                 41 points in [-10.000000,+10.000000] mm
max_fitting_error_normal            0.030/6379.891 G/G
max_fitting_error_skew              326.602/326.602 G/G
r0_for_relative_multipoles          12 mm
main_monomial                       n = 0, skew:False
                                       Nn(s=0)      Integ_Nn     Nn/N0(@r0)   |    Sn(s=0)      Integ_Sn     Sn/S0(@r0)  
<multipole_order n>                    [T/m^n]      [T.m/m^n]        []       |    [T/m^n]      [T.m/m^n]        []      
n=00:                                5.5118e-01    -2.3934e-01   +1.0000e+00  |      ---           ---           ---     
n=01:                                7.2457e+00    +3.2143e+00   -1.6116e-01  |      ---           ---           ---     
n=02:                                5.3338e+00    +6.5228e-01   -3.9245e-04  |      ---           ---           ---     
n=03:                                5.3224e+00    -2.2039e+01   +1.5912e-04  |      ---           ---           ---     
n=04:                                7.9500e+03    +1.8738e+03   -1.6234e-04  |      ---           ---           ---     
n=05:                                5.5958e+05    -1.0770e+05   +1.1197e-04  |      ---           ---           ---     
n=06:                                3.3478e+07    -1.2112e+07   +1.5111e-04  |      ---           ---           ---     
