--- multipoles on reference trajectory (rz > 0) ---
effective_length:                   434.86094459482723 mm
perpendicular_grid:                 41 points in [-10.000000,+10.000000] mm
max_fitting_error_normal            0.050/4621.468 G/G
max_fitting_error_skew              338.349/338.349 G/G
r0_for_relative_multipoles          12 mm
main_monomial                       n = 0, skew:False
                                       Nn(s=0)      Integ_Nn     Nn/N0(@r0)   |    Sn(s=0)      Integ_Sn     Sn/S0(@r0)  
<multipole_order n>                    [T/m^n]      [T.m/m^n]        []       |    [T/m^n]      [T.m/m^n]        []      
n=00:                                5.2432e-01    -2.2800e-01   +1.0000e+00  |      ---           ---           ---     
n=01:                                6.9005e+00    +3.0624e+00   -1.6118e-01  |      ---           ---           ---     
n=02:                                4.7216e+00    +7.9844e-01   -5.0427e-04  |      ---           ---           ---     
n=03:                                4.0713e+01    -4.3973e+01   +3.3326e-04  |      ---           ---           ---     
n=04:                                1.1226e+04    -2.2289e+03   +2.0271e-04  |      ---           ---           ---     
n=05:                                1.0459e+05    +1.2152e+05   -1.3263e-04  |      ---           ---           ---     
n=06:                                8.1433e+07    +1.6882e+07   -2.2109e-04  |      ---           ---           ---     
