--- multipoles on reference trajectory (rz > 0) ---
effective_length:                   435.6406108874726 mm
perpendicular_grid:                 41 points in [-10.000000,+10.000000] mm
max_fitting_error_normal            0.042/4816.613 G/G
max_fitting_error_skew              336.699/336.699 G/G
r0_for_relative_multipoles          12 mm
main_monomial                       n = 0, skew:False
                                       Nn(s=0)      Integ_Nn     Nn/N0(@r0)   |    Sn(s=0)      Integ_Sn     Sn/S0(@r0)  
<multipole_order n>                    [T/m^n]      [T.m/m^n]        []       |    [T/m^n]      [T.m/m^n]        []      
n=00:                                5.5488e-01    -2.4173e-01   +1.0000e+00  |      ---           ---           ---     
n=01:                                7.2776e+00    +3.2387e+00   -1.6078e-01  |      ---           ---           ---     
n=02:                                6.4284e+00    +1.1677e+00   -6.9563e-04  |      ---           ---           ---     
n=03:                                1.7491e+02    -3.1838e+01   +2.2760e-04  |      ---           ---           ---     
n=04:                                1.8189e+04    -3.3422e+03   +2.8670e-04  |      ---           ---           ---     
n=05:                                8.7343e+05    +1.2917e+04   -1.3296e-05  |      ---           ---           ---     
n=06:                                1.0840e+08    +1.7746e+07   -2.1921e-04  |      ---           ---           ---     
