--- multipoles on reference trajectory (rz > 0) ---
effective_length:                   436.0792277949521 mm
perpendicular_grid:                 41 points in [-10.000000,+10.000000] mm
max_fitting_error_normal            0.041/6385.792 G/G
max_fitting_error_skew              335.779/335.779 G/G
r0_for_relative_multipoles          12 mm
main_monomial                       n = 0, skew:False
                                       Nn(s=0)      Integ_Nn     Nn/N0(@r0)   |    Sn(s=0)      Integ_Sn     Sn/S0(@r0)  
<multipole_order n>                    [T/m^n]      [T.m/m^n]        []       |    [T/m^n]      [T.m/m^n]        []      
n=00:                                5.4972e-01    -2.3972e-01   +1.0000e+00  |      ---           ---           ---     
n=01:                                7.2049e+00    +3.2182e+00   -1.6110e-01  |      ---           ---           ---     
n=02:                                5.8676e+00    +1.0651e+00   -6.3979e-04  |      ---           ---           ---     
n=03:                                8.2986e+01    -3.5662e+01   +2.5706e-04  |      ---           ---           ---     
n=04:                                9.6169e+03    -1.9538e+03   +1.6900e-04  |      ---           ---           ---     
n=05:                                4.1413e+04    -1.5210e+04   +1.5788e-05  |      ---           ---           ---     
n=06:                                6.8437e+07    +5.5236e+06   -6.8802e-05  |      ---           ---           ---     
