--- multipoles on reference trajectory (rz > 0) ---
effective_length:                   437.16766049299906 mm
perpendicular_grid:                 41 points in [-10.000000,+10.000000] mm
max_fitting_error_normal            0.025/4712.442 G/G
max_fitting_error_skew              323.446/323.446 G/G
r0_for_relative_multipoles          12 mm
main_monomial                       n = 0, skew:False
                                       Nn(s=0)      Integ_Nn     Nn/N0(@r0)   |    Sn(s=0)      Integ_Sn     Sn/S0(@r0)  
<multipole_order n>                    [T/m^n]      [T.m/m^n]        []       |    [T/m^n]      [T.m/m^n]        []      
n=00:                                5.2292e-01    -2.2861e-01   +1.0000e+00  |      ---           ---           ---     
n=01:                                6.8561e+00    +3.0680e+00   -1.6105e-01  |      ---           ---           ---     
n=02:                                5.0035e+00    +6.4948e-01   -4.0911e-04  |      ---           ---           ---     
n=03:                                4.7791e+00    -1.6264e+01   +1.2294e-04  |      ---           ---           ---     
n=04:                                3.1961e+03    -4.5117e+01   +4.0924e-06  |      ---           ---           ---     
n=05:                                3.1503e+05    -7.9289e+04   +8.6304e-05  |      ---           ---           ---     
n=06:                                1.4636e+07    +9.7096e+04   -1.2682e-06  |      ---           ---           ---     
