--- multipoles on reference trajectory (rz > 0) ---
effective_length:                   433.3976500823564 mm
perpendicular_grid:                 41 points in [-10.000000,+10.000000] mm
max_fitting_error_normal            0.035/3926.484 G/G
max_fitting_error_skew              342.454/342.454 G/G
r0_for_relative_multipoles          12 mm
main_monomial                       n = 0, skew:False
                                       Nn(s=0)      Integ_Nn     Nn/N0(@r0)   |    Sn(s=0)      Integ_Sn     Sn/S0(@r0)  
<multipole_order n>                    [T/m^n]      [T.m/m^n]        []       |    [T/m^n]      [T.m/m^n]        []      
n=00:                                5.5608e-01    -2.4100e-01   +1.0000e+00  |      ---           ---           ---     
n=01:                                7.3513e+00    +3.2320e+00   -1.6093e-01  |      ---           ---           ---     
n=02:                                3.5111e+00    +8.7963e-01   -5.2558e-04  |      ---           ---           ---     
n=03:                                1.9164e+02    -5.3463e+01   +3.8333e-04  |      ---           ---           ---     
n=04:                                1.6248e+04    -2.0207e+02   +1.7387e-05  |      ---           ---           ---     
n=05:                                8.2399e+05    +1.0049e+05   -1.0375e-04  |      ---           ---           ---     
n=06:                                9.5645e+07    -5.8549e+05   +7.2541e-06  |      ---           ---           ---     
