--- multipoles on reference trajectory (rz > 0) ---
effective_length:                   434.64791293008716 mm
perpendicular_grid:                 41 points in [-10.000000,+10.000000] mm
max_fitting_error_normal            0.054/6411.971 G/G
max_fitting_error_skew              349.101/349.101 G/G
r0_for_relative_multipoles          12 mm
main_monomial                       n = 0, skew:False
                                       Nn(s=0)      Integ_Nn     Nn/N0(@r0)   |    Sn(s=0)      Integ_Sn     Sn/S0(@r0)  
<multipole_order n>                    [T/m^n]      [T.m/m^n]        []       |    [T/m^n]      [T.m/m^n]        []      
n=00:                                5.5277e-01    -2.4026e-01   +1.0000e+00  |      ---           ---           ---     
n=01:                                7.2441e+00    +3.2299e+00   -1.6132e-01  |      ---           ---           ---     
n=02:                                6.1756e+00    +1.1505e+00   -6.8956e-04  |      ---           ---           ---     
n=03:                                2.8358e+01    -3.6163e+01   +2.6009e-04  |      ---           ---           ---     
n=04:                                2.6338e+03    -1.3184e+03   +1.1378e-04  |      ---           ---           ---     
n=05:                                2.0966e+05    +5.9338e+04   -6.1454e-05  |      ---           ---           ---     
n=06:                                3.1625e+07    +1.6841e+06   -2.0930e-05  |      ---           ---           ---     
