--- multipoles on reference trajectory (rz > 0) ---
effective_length:                   435.9871359063854 mm
perpendicular_grid:                 41 points in [-10.000000,+10.000000] mm
max_fitting_error_normal            0.046/4633.963 G/G
max_fitting_error_skew              334.689/334.689 G/G
r0_for_relative_multipoles          12 mm
main_monomial                       n = 0, skew:False
                                       Nn(s=0)      Integ_Nn     Nn/N0(@r0)   |    Sn(s=0)      Integ_Sn     Sn/S0(@r0)  
<multipole_order n>                    [T/m^n]      [T.m/m^n]        []       |    [T/m^n]      [T.m/m^n]        []      
n=00:                                5.2539e-01    -2.2906e-01   +1.0000e+00  |      ---           ---           ---     
n=01:                                6.8653e+00    +3.0624e+00   -1.6043e-01  |      ---           ---           ---     
n=02:                                5.6253e+00    +9.6881e-01   -6.0904e-04  |      ---           ---           ---     
n=03:                                4.0531e+00    -2.0350e+01   +1.5352e-04  |      ---           ---           ---     
n=04:                                6.6390e+03    -2.2622e+03   +2.0478e-04  |      ---           ---           ---     
n=05:                                3.9998e+05    -2.4301e+04   +2.6399e-05  |      ---           ---           ---     
n=06:                                3.1139e+07    +6.5380e+06   -8.5227e-05  |      ---           ---           ---     
