--- multipoles on reference trajectory (rz > 0) ---
effective_length:                   436.7605747985182 mm
perpendicular_grid:                 41 points in [-10.000000,+10.000000] mm
max_fitting_error_normal            0.027/6714.318 G/G
max_fitting_error_skew              353.988/353.988 G/G
r0_for_relative_multipoles          12 mm
main_monomial                       n = 0, skew:False
                                       Nn(s=0)      Integ_Nn     Nn/N0(@r0)   |    Sn(s=0)      Integ_Sn     Sn/S0(@r0)  
<multipole_order n>                    [T/m^n]      [T.m/m^n]        []       |    [T/m^n]      [T.m/m^n]        []      
n=00:                                5.7847e-01    -2.5265e-01   +1.0000e+00  |      ---           ---           ---     
n=01:                                7.5426e+00    +3.3767e+00   -1.6038e-01  |      ---           ---           ---     
n=02:                                6.4150e+00    +9.5744e-01   -5.4570e-04  |      ---           ---           ---     
n=03:                                4.0046e+01    -1.9208e+01   +1.3137e-04  |      ---           ---           ---     
n=04:                                7.8024e+03    -9.4183e+02   +7.7299e-05  |      ---           ---           ---     
n=05:                                9.4510e+04    -7.0250e+04   +6.9188e-05  |      ---           ---           ---     
n=06:                                5.5609e+07    +8.8788e+06   -1.0493e-04  |      ---           ---           ---     
