--- multipoles on reference trajectory (rz > 0) ---
effective_length:                   435.39328715978934 mm
perpendicular_grid:                 41 points in [-10.000000,+10.000000] mm
max_fitting_error_normal            0.030/6384.778 G/G
max_fitting_error_skew              344.007/344.007 G/G
r0_for_relative_multipoles          12 mm
main_monomial                       n = 0, skew:False
                                       Nn(s=0)      Integ_Nn     Nn/N0(@r0)   |    Sn(s=0)      Integ_Sn     Sn/S0(@r0)  
<multipole_order n>                    [T/m^n]      [T.m/m^n]        []       |    [T/m^n]      [T.m/m^n]        []      
n=00:                                5.5088e-01    -2.3985e-01   +1.0000e+00  |      ---           ---           ---     
n=01:                                7.2264e+00    +3.2212e+00   -1.6116e-01  |      ---           ---           ---     
n=02:                                5.6074e+00    +9.8338e-01   -5.9040e-04  |      ---           ---           ---     
n=03:                                3.9968e+01    -2.0097e+01   +1.4479e-04  |      ---           ---           ---     
n=04:                                1.6528e+03    +7.2628e+02   -6.2790e-05  |      ---           ---           ---     
n=05:                                4.9164e+03    -4.2147e+04   +4.3726e-05  |      ---           ---           ---     
n=06:                                1.5107e+07    -5.3767e+06   +6.6937e-05  |      ---           ---           ---     
