--- multipoles on reference trajectory (rz > 0) ---
effective_length:                   436.6855928285301 mm
perpendicular_grid:                 41 points in [-10.000000,+10.000000] mm
max_fitting_error_normal            0.058/5108.131 G/G
max_fitting_error_skew              345.259/345.259 G/G
r0_for_relative_multipoles          12 mm
main_monomial                       n = 0, skew:False
                                       Nn(s=0)      Integ_Nn     Nn/N0(@r0)   |    Sn(s=0)      Integ_Sn     Sn/S0(@r0)  
<multipole_order n>                    [T/m^n]      [T.m/m^n]        []       |    [T/m^n]      [T.m/m^n]        []      
n=00:                                5.7661e-01    -2.5180e-01   +1.0000e+00  |      ---           ---           ---     
n=01:                                7.5405e+00    +3.3762e+00   -1.6090e-01  |      ---           ---           ---     
n=02:                                6.0124e+00    +9.0910e-01   -5.1990e-04  |      ---           ---           ---     
n=03:                                1.2624e+02    -5.5701e+01   +3.8226e-04  |      ---           ---           ---     
n=04:                                6.7745e+03    +1.0389e+03   -8.5554e-05  |      ---           ---           ---     
n=05:                                4.2187e+05    +1.0363e+05   -1.0241e-04  |      ---           ---           ---     
n=06:                                7.3398e+07    -4.1757e+06   +4.9518e-05  |      ---           ---           ---     
