--- multipoles on reference trajectory (rz > 0) ---
effective_length:                   435.81719968907197 mm
perpendicular_grid:                 41 points in [-10.000000,+10.000000] mm
max_fitting_error_normal            0.039/6717.490 G/G
max_fitting_error_skew              365.400/365.400 G/G
r0_for_relative_multipoles          12 mm
main_monomial                       n = 0, skew:False
                                       Nn(s=0)      Integ_Nn     Nn/N0(@r0)   |    Sn(s=0)      Integ_Sn     Sn/S0(@r0)  
<multipole_order n>                    [T/m^n]      [T.m/m^n]        []       |    [T/m^n]      [T.m/m^n]        []      
n=00:                                5.7982e-01    -2.5269e-01   +1.0000e+00  |      ---           ---           ---     
n=01:                                7.5702e+00    +3.3774e+00   -1.6039e-01  |      ---           ---           ---     
n=02:                                6.4238e+00    +1.2699e+00   -7.2364e-04  |      ---           ---           ---     
n=03:                                3.5028e+01    -1.3433e+01   +9.1857e-05  |      ---           ---           ---     
n=04:                                7.8392e+03    -3.1283e+03   +2.5671e-04  |      ---           ---           ---     
n=05:                                2.1535e+05    -1.1078e+05   +1.0909e-04  |      ---           ---           ---     
n=06:                                5.1732e+07    +1.3958e+07   -1.6494e-04  |      ---           ---           ---     
