--- multipoles on reference trajectory (rz > 0) ---
effective_length:                   433.4085949976445 mm
perpendicular_grid:                 41 points in [-10.000000,+10.000000] mm
max_fitting_error_normal            0.038/3924.519 G/G
max_fitting_error_skew              343.180/343.180 G/G
r0_for_relative_multipoles          12 mm
main_monomial                       n = 0, skew:False
                                       Nn(s=0)      Integ_Nn     Nn/N0(@r0)   |    Sn(s=0)      Integ_Sn     Sn/S0(@r0)  
<multipole_order n>                    [T/m^n]      [T.m/m^n]        []       |    [T/m^n]      [T.m/m^n]        []      
n=00:                                5.5736e-01    -2.4156e-01   +1.0000e+00  |      ---           ---           ---     
n=01:                                7.3500e+00    +3.2317e+00   -1.6054e-01  |      ---           ---           ---     
n=02:                                3.6405e+00    +9.0950e-01   -5.4216e-04  |      ---           ---           ---     
n=03:                                1.9943e+02    -5.3277e+01   +3.8111e-04  |      ---           ---           ---     
n=04:                                1.4541e+04    -3.6042e+02   +3.0938e-05  |      ---           ---           ---     
n=05:                                8.8876e+05    +1.0090e+05   -1.0394e-04  |      ---           ---           ---     
n=06:                                8.7644e+07    +4.9409e+03   -6.1075e-08  |      ---           ---           ---     
