--- multipoles on reference trajectory (rz > 0) ---
effective_length:                   432.72123908466597 mm
perpendicular_grid:                 41 points in [-10.000000,+10.000000] mm
max_fitting_error_normal            0.038/4517.281 G/G
max_fitting_error_skew              348.225/348.225 G/G
r0_for_relative_multipoles          12 mm
main_monomial                       n = 0, skew:False
                                       Nn(s=0)      Integ_Nn     Nn/N0(@r0)   |    Sn(s=0)      Integ_Sn     Sn/S0(@r0)  
<multipole_order n>                    [T/m^n]      [T.m/m^n]        []       |    [T/m^n]      [T.m/m^n]        []      
n=00:                                5.8061e-01    -2.5124e-01   +1.0000e+00  |      ---           ---           ---     
n=01:                                7.6448e+00    +3.3706e+00   -1.6099e-01  |      ---           ---           ---     
n=02:                                5.2650e+00    +1.0384e+00   -5.9517e-04  |      ---           ---           ---     
n=03:                                8.8965e+00    -2.7739e+01   +1.9078e-04  |      ---           ---           ---     
n=04:                                5.9488e+03    -1.6994e+03   +1.4026e-04  |      ---           ---           ---     
n=05:                                3.7791e+05    -3.6046e+04   +3.5700e-05  |      ---           ---           ---     
n=06:                                6.8787e+07    +1.2671e+07   -1.5059e-04  |      ---           ---           ---     
