--- multipoles on reference trajectory (rz > 0) ---
effective_length:                   433.8727948023681 mm
perpendicular_grid:                 41 points in [-10.000000,+10.000000] mm
max_fitting_error_normal            0.041/4595.750 G/G
max_fitting_error_skew              321.584/321.584 G/G
r0_for_relative_multipoles          12 mm
main_monomial                       n = 0, skew:False
                                       Nn(s=0)      Integ_Nn     Nn/N0(@r0)   |    Sn(s=0)      Integ_Sn     Sn/S0(@r0)  
<multipole_order n>                    [T/m^n]      [T.m/m^n]        []       |    [T/m^n]      [T.m/m^n]        []      
n=00:                                5.2492e-01    -2.2775e-01   +1.0000e+00  |      ---           ---           ---     
n=01:                                6.8969e+00    +3.0591e+00   -1.6118e-01  |      ---           ---           ---     
n=02:                                5.3394e+00    +9.7924e-01   -6.1915e-04  |      ---           ---           ---     
n=03:                                6.9548e+01    -1.2116e+01   +9.1926e-05  |      ---           ---           ---     
n=04:                                1.2063e+04    -4.9170e+03   +4.4768e-04  |      ---           ---           ---     
n=05:                                1.3464e+05    -1.3603e+05   +1.4862e-04  |      ---           ---           ---     
n=06:                                7.1193e+07    +2.6709e+07   -3.5017e-04  |      ---           ---           ---     
