--- multipoles on reference trajectory (rz > 0) ---
effective_length:                   433.39938595181343 mm
perpendicular_grid:                 41 points in [-10.000000,+10.000000] mm
max_fitting_error_normal            0.045/6378.979 G/G
max_fitting_error_skew              331.938/331.938 G/G
r0_for_relative_multipoles          12 mm
main_monomial                       n = 0, skew:False
                                       Nn(s=0)      Integ_Nn     Nn/N0(@r0)   |    Sn(s=0)      Integ_Sn     Sn/S0(@r0)  
<multipole_order n>                    [T/m^n]      [T.m/m^n]        []       |    [T/m^n]      [T.m/m^n]        []      
n=00:                                5.5292e-01    -2.3964e-01   +1.0000e+00  |      ---           ---           ---     
n=01:                                7.2917e+00    +3.2205e+00   -1.6127e-01  |      ---           ---           ---     
n=02:                                4.0196e+00    +7.3194e-01   -4.3983e-04  |      ---           ---           ---     
n=03:                                4.8271e+01    -2.0118e+01   +1.4507e-04  |      ---           ---           ---     
n=04:                                2.5016e+04    +6.1323e+03   -5.3063e-04  |      ---           ---           ---     
n=05:                                6.1114e+05    -1.7897e+04   +1.8584e-05  |      ---           ---           ---     
n=06:                                1.4419e+08    -3.5678e+07   +4.4456e-04  |      ---           ---           ---     
