--- multipoles on reference trajectory (rz > 0) ---
effective_length:                   434.14529412808133 mm
perpendicular_grid:                 41 points in [-10.000000,+10.000000] mm
max_fitting_error_normal            0.070/5107.463 G/G
max_fitting_error_skew              356.035/356.035 G/G
r0_for_relative_multipoles          12 mm
main_monomial                       n = 0, skew:False
                                       Nn(s=0)      Integ_Nn     Nn/N0(@r0)   |    Sn(s=0)      Integ_Sn     Sn/S0(@r0)  
<multipole_order n>                    [T/m^n]      [T.m/m^n]        []       |    [T/m^n]      [T.m/m^n]        []      
n=00:                                5.7885e-01    -2.5130e-01   +1.0000e+00  |      ---           ---           ---     
n=01:                                7.6096e+00    +3.3726e+00   -1.6104e-01  |      ---           ---           ---     
n=02:                                6.2051e+00    +9.9460e-01   -5.6992e-04  |      ---           ---           ---     
n=03:                                1.5840e+02    -6.4994e+01   +4.4691e-04  |      ---           ---           ---     
n=04:                                2.0204e+04    -3.4133e+03   +2.8164e-04  |      ---           ---           ---     
n=05:                                6.5695e+05    +1.8591e+05   -1.8409e-04  |      ---           ---           ---     
n=06:                                1.4792e+08    +2.0263e+07   -2.4076e-04  |      ---           ---           ---     
