--- multipoles on reference trajectory (rz > 0) ---
effective_length:                   435.23028877337487 mm
perpendicular_grid:                 41 points in [-10.000000,+10.000000] mm
max_fitting_error_normal            0.030/4812.692 G/G
max_fitting_error_skew              339.418/339.418 G/G
r0_for_relative_multipoles          12 mm
main_monomial                       n = 0, skew:False
                                       Nn(s=0)      Integ_Nn     Nn/N0(@r0)   |    Sn(s=0)      Integ_Sn     Sn/S0(@r0)  
<multipole_order n>                    [T/m^n]      [T.m/m^n]        []       |    [T/m^n]      [T.m/m^n]        []      
n=00:                                5.4996e-01    -2.3936e-01   +1.0000e+00  |      ---           ---           ---     
n=01:                                7.2001e+00    +3.2153e+00   -1.6119e-01  |      ---           ---           ---     
n=02:                                5.5642e+00    +8.2753e-01   -4.9785e-04  |      ---           ---           ---     
n=03:                                5.8148e+01    -3.6204e+01   +2.6136e-04  |      ---           ---           ---     
n=04:                                2.6798e+03    -3.1448e+02   +2.7244e-05  |      ---           ---           ---     
n=05:                                2.4592e+02    -1.7475e+04   +1.8167e-05  |      ---           ---           ---     
n=06:                                3.5680e+07    +5.4025e+06   -6.7395e-05  |      ---           ---           ---     
