--- multipoles on reference trajectory (rz > 0) ---
effective_length:                   434.00710679416295 mm
perpendicular_grid:                 41 points in [-10.000000,+10.000000] mm
max_fitting_error_normal            0.055/5749.420 G/G
max_fitting_error_skew              356.733/356.733 G/G
r0_for_relative_multipoles          12 mm
main_monomial                       n = 0, skew:False
                                       Nn(s=0)      Integ_Nn     Nn/N0(@r0)   |    Sn(s=0)      Integ_Sn     Sn/S0(@r0)  
<multipole_order n>                    [T/m^n]      [T.m/m^n]        []       |    [T/m^n]      [T.m/m^n]        []      
n=00:                                5.8088e-01    -2.5211e-01   +1.0000e+00  |      ---           ---           ---     
n=01:                                7.5905e+00    +3.3711e+00   -1.6046e-01  |      ---           ---           ---     
n=02:                                6.0084e+00    +1.0112e+00   -5.7759e-04  |      ---           ---           ---     
n=03:                                3.3564e+01    -3.0750e+01   +2.1077e-04  |      ---           ---           ---     
n=04:                                8.4470e+03    -2.6560e+03   +2.1846e-04  |      ---           ---           ---     
n=05:                                2.8947e+05    -6.4129e+04   +6.3296e-05  |      ---           ---           ---     
n=06:                                6.6550e+07    +1.7195e+07   -2.0366e-04  |      ---           ---           ---     
