--- multipoles on reference trajectory (rz > 0) ---
effective_length:                   434.7835681651863 mm
perpendicular_grid:                 41 points in [-10.000000,+10.000000] mm
max_fitting_error_normal            0.030/6385.640 G/G
max_fitting_error_skew              344.055/344.055 G/G
r0_for_relative_multipoles          12 mm
main_monomial                       n = 0, skew:False
                                       Nn(s=0)      Integ_Nn     Nn/N0(@r0)   |    Sn(s=0)      Integ_Sn     Sn/S0(@r0)  
<multipole_order n>                    [T/m^n]      [T.m/m^n]        []       |    [T/m^n]      [T.m/m^n]        []      
n=00:                                5.5096e-01    -2.3955e-01   +1.0000e+00  |      ---           ---           ---     
n=01:                                7.2262e+00    +3.2167e+00   -1.6114e-01  |      ---           ---           ---     
n=02:                                5.6097e+00    +9.8193e-01   -5.9027e-04  |      ---           ---           ---     
n=03:                                3.9973e+01    -2.0092e+01   +1.4493e-04  |      ---           ---           ---     
n=04:                                1.6841e+03    +7.2367e+02   -6.2643e-05  |      ---           ---           ---     
n=05:                                5.1066e+03    -4.1792e+04   +4.3412e-05  |      ---           ---           ---     
n=06:                                1.5369e+07    -5.3447e+06   +6.6622e-05  |      ---           ---           ---     
