--- multipoles on reference trajectory (rz > 0) ---
effective_length:                   433.38843574984486 mm
perpendicular_grid:                 41 points in [-10.000000,+10.000000] mm
max_fitting_error_normal            0.057/4855.928 G/G
max_fitting_error_skew              340.856/340.856 G/G
r0_for_relative_multipoles          12 mm
main_monomial                       n = 0, skew:False
                                       Nn(s=0)      Integ_Nn     Nn/N0(@r0)   |    Sn(s=0)      Integ_Sn     Sn/S0(@r0)  
<multipole_order n>                    [T/m^n]      [T.m/m^n]        []       |    [T/m^n]      [T.m/m^n]        []      
n=00:                                5.5363e-01    -2.3994e-01   +1.0000e+00  |      ---           ---           ---     
n=01:                                7.3182e+00    +3.2177e+00   -1.6093e-01  |      ---           ---           ---     
n=02:                                4.8245e+00    +1.0340e+00   -6.2059e-04  |      ---           ---           ---     
n=03:                                1.4636e+02    -4.3711e+01   +3.1480e-04  |      ---           ---           ---     
n=04:                                1.6892e+04    -4.8986e+03   +4.2335e-04  |      ---           ---           ---     
n=05:                                5.5044e+05    +3.7914e+04   -3.9320e-05  |      ---           ---           ---     
n=06:                                1.0065e+08    +2.7011e+07   -3.3614e-04  |      ---           ---           ---     
