--- multipoles on reference trajectory (rz > 0) ---
effective_length:                   435.5120933206132 mm
perpendicular_grid:                 41 points in [-10.000000,+10.000000] mm
max_fitting_error_normal            0.037/4842.244 G/G
max_fitting_error_skew              344.271/344.271 G/G
r0_for_relative_multipoles          12 mm
main_monomial                       n = 0, skew:False
                                       Nn(s=0)      Integ_Nn     Nn/N0(@r0)   |    Sn(s=0)      Integ_Sn     Sn/S0(@r0)  
<multipole_order n>                    [T/m^n]      [T.m/m^n]        []       |    [T/m^n]      [T.m/m^n]        []      
n=00:                                5.5285e-01    -2.4077e-01   +1.0000e+00  |      ---           ---           ---     
n=01:                                7.2619e+00    +3.2335e+00   -1.6116e-01  |      ---           ---           ---     
n=02:                                5.8227e+00    +1.0548e+00   -6.3087e-04  |      ---           ---           ---     
n=03:                                1.2921e+02    -3.1954e+01   +2.2933e-04  |      ---           ---           ---     
n=04:                                3.8347e+03    -2.5778e+03   +2.2201e-04  |      ---           ---           ---     
n=05:                                5.7615e+05    +4.5584e+03   -4.7109e-06  |      ---           ---           ---     
n=06:                                1.6885e+07    +1.0850e+07   -1.3455e-04  |      ---           ---           ---     
