--- multipoles on reference trajectory (rz > 0) ---
effective_length:                   435.3777619124987 mm
perpendicular_grid:                 41 points in [-10.000000,+10.000000] mm
max_fitting_error_normal            0.070/4641.966 G/G
max_fitting_error_skew              327.537/327.537 G/G
r0_for_relative_multipoles          12 mm
main_monomial                       n = 0, skew:False
                                       Nn(s=0)      Integ_Nn     Nn/N0(@r0)   |    Sn(s=0)      Integ_Sn     Sn/S0(@r0)  
<multipole_order n>                    [T/m^n]      [T.m/m^n]        []       |    [T/m^n]      [T.m/m^n]        []      
n=00:                                5.2550e-01    -2.2879e-01   +1.0000e+00  |      ---           ---           ---     
n=01:                                6.8772e+00    +3.0638e+00   -1.6069e-01  |      ---           ---           ---     
n=02:                                4.9523e+00    +9.4195e-01   -5.9286e-04  |      ---           ---           ---     
n=03:                                1.4418e+02    -2.0727e+01   +1.5655e-04  |      ---           ---           ---     
n=04:                                7.3194e+03    -2.0406e+03   +1.8494e-04  |      ---           ---           ---     
n=05:                                7.4238e+05    -5.3167e+04   +5.7824e-05  |      ---           ---           ---     
n=06:                                7.3333e+07    +1.1935e+07   -1.5577e-04  |      ---           ---           ---     
