--- multipoles on reference trajectory (rz > 0) ---
effective_length:                   436.2848213385828 mm
perpendicular_grid:                 41 points in [-10.000000,+10.000000] mm
max_fitting_error_normal            0.036/4875.967 G/G
max_fitting_error_skew              357.412/357.412 G/G
r0_for_relative_multipoles          12 mm
main_monomial                       n = 0, skew:False
                                       Nn(s=0)      Integ_Nn     Nn/N0(@r0)   |    Sn(s=0)      Integ_Sn     Sn/S0(@r0)  
<multipole_order n>                    [T/m^n]      [T.m/m^n]        []       |    [T/m^n]      [T.m/m^n]        []      
n=00:                                5.5159e-01    -2.4065e-01   +1.0000e+00  |      ---           ---           ---     
n=01:                                7.2234e+00    +3.2361e+00   -1.6137e-01  |      ---           ---           ---     
n=02:                                5.4882e+00    +8.4459e-01   -5.0539e-04  |      ---           ---           ---     
n=03:                                1.6853e+01    -2.8174e+01   +2.0230e-04  |      ---           ---           ---     
n=04:                                3.7109e+03    -6.8470e+02   +5.8999e-05  |      ---           ---           ---     
n=05:                                1.3309e+05    -5.6117e+03   +5.8025e-06  |      ---           ---           ---     
n=06:                                5.8840e+06    +6.1515e+06   -7.6328e-05  |      ---           ---           ---     
