--- multipoles on reference trajectory (rz > 0) ---
effective_length:                   435.277233343613 mm
perpendicular_grid:                 41 points in [-10.000000,+10.000000] mm
max_fitting_error_normal            0.054/4865.115 G/G
max_fitting_error_skew              341.549/341.549 G/G
r0_for_relative_multipoles          12 mm
main_monomial                       n = 0, skew:False
                                       Nn(s=0)      Integ_Nn     Nn/N0(@r0)   |    Sn(s=0)      Integ_Sn     Sn/S0(@r0)  
<multipole_order n>                    [T/m^n]      [T.m/m^n]        []       |    [T/m^n]      [T.m/m^n]        []      
n=00:                                5.5300e-01    -2.4071e-01   +1.0000e+00  |      ---           ---           ---     
n=01:                                7.2743e+00    +3.2388e+00   -1.6146e-01  |      ---           ---           ---     
n=02:                                5.4711e+00    +9.1633e-01   -5.4819e-04  |      ---           ---           ---     
n=03:                                5.5229e+01    -2.7988e+01   +2.0092e-04  |      ---           ---           ---     
n=04:                                3.0921e+03    +4.2153e+03   -3.6314e-04  |      ---           ---           ---     
n=05:                                1.2287e+05    -2.5362e+04   +2.6218e-05  |      ---           ---           ---     
n=06:                                1.1744e+07    -2.6829e+07   +3.3282e-04  |      ---           ---           ---     
