--- multipoles on reference trajectory (rz > 0) ---
effective_length:                   435.68557056065725 mm
perpendicular_grid:                 41 points in [-10.000000,+10.000000] mm
max_fitting_error_normal            0.044/6388.128 G/G
max_fitting_error_skew              338.401/338.401 G/G
r0_for_relative_multipoles          12 mm
main_monomial                       n = 0, skew:False
                                       Nn(s=0)      Integ_Nn     Nn/N0(@r0)   |    Sn(s=0)      Integ_Sn     Sn/S0(@r0)  
<multipole_order n>                    [T/m^n]      [T.m/m^n]        []       |    [T/m^n]      [T.m/m^n]        []      
n=00:                                5.5128e-01    -2.4018e-01   +1.0000e+00  |      ---           ---           ---     
n=01:                                7.2064e+00    +3.2191e+00   -1.6083e-01  |      ---           ---           ---     
n=02:                                5.9860e+00    +1.0106e+00   -6.0588e-04  |      ---           ---           ---     
n=03:                                4.6380e+01    -1.2832e+01   +9.2319e-05  |      ---           ---           ---     
n=04:                                1.0804e+04    -3.1377e+03   +2.7089e-04  |      ---           ---           ---     
n=05:                                4.0087e+04    -1.1414e+05   +1.1825e-04  |      ---           ---           ---     
n=06:                                7.7740e+07    +2.0024e+07   -2.4894e-04  |      ---           ---           ---     
