--- multipoles on reference trajectory (rz > 0) ---
effective_length:                   433.74150907971557 mm
perpendicular_grid:                 41 points in [-10.000000,+10.000000] mm
max_fitting_error_normal            0.023/4780.811 G/G
max_fitting_error_skew              339.953/339.953 G/G
r0_for_relative_multipoles          12 mm
main_monomial                       n = 0, skew:False
                                       Nn(s=0)      Integ_Nn     Nn/N0(@r0)   |    Sn(s=0)      Integ_Sn     Sn/S0(@r0)  
<multipole_order n>                    [T/m^n]      [T.m/m^n]        []       |    [T/m^n]      [T.m/m^n]        []      
n=00:                                5.5535e-01    -2.4088e-01   +1.0000e+00  |      ---           ---           ---     
n=01:                                7.3182e+00    +3.2333e+00   -1.6108e-01  |      ---           ---           ---     
n=02:                                4.4574e+00    +9.0625e-01   -5.4177e-04  |      ---           ---           ---     
n=03:                                1.2521e+02    -3.0297e+01   +2.1735e-04  |      ---           ---           ---     
n=04:                                1.5001e+03    -2.9102e+02   +2.5053e-05  |      ---           ---           ---     
n=05:                                4.5055e+05    +4.3146e+01   -4.4571e-08  |      ---           ---           ---     
n=06:                                1.4350e+07    -2.1690e+06   +2.6887e-05  |      ---           ---           ---     
