--- multipoles on reference trajectory (rz > 0) ---
effective_length:                   436.6680630971527 mm
perpendicular_grid:                 41 points in [-10.000000,+10.000000] mm
max_fitting_error_normal            0.034/4619.354 G/G
max_fitting_error_skew              319.442/319.442 G/G
r0_for_relative_multipoles          12 mm
main_monomial                       n = 0, skew:False
                                       Nn(s=0)      Integ_Nn     Nn/N0(@r0)   |    Sn(s=0)      Integ_Sn     Sn/S0(@r0)  
<multipole_order n>                    [T/m^n]      [T.m/m^n]        []       |    [T/m^n]      [T.m/m^n]        []      
n=00:                                5.2298e-01    -2.2837e-01   +1.0000e+00  |      ---           ---           ---     
n=01:                                6.8611e+00    +3.0680e+00   -1.6121e-01  |      ---           ---           ---     
n=02:                                5.1577e+00    +8.1801e-01   -5.1580e-04  |      ---           ---           ---     
n=03:                                3.7657e+01    -1.5503e+01   +1.1731e-04  |      ---           ---           ---     
n=04:                                1.9558e+03    +4.6158e+02   -4.1912e-05  |      ---           ---           ---     
n=05:                                6.2574e+05    -5.6359e+04   +6.1409e-05  |      ---           ---           ---     
n=06:                                1.8172e+07    -1.6282e+06   +2.1289e-05  |      ---           ---           ---     
