--- multipoles on reference trajectory (rz > 0) ---
effective_length:                   434.22426336272 mm
perpendicular_grid:                 41 points in [-10.000000,+10.000000] mm
max_fitting_error_normal            0.060/4194.116 G/G
max_fitting_error_skew              337.925/337.925 G/G
r0_for_relative_multipoles          12 mm
main_monomial                       n = 0, skew:False
                                       Nn(s=0)      Integ_Nn     Nn/N0(@r0)   |    Sn(s=0)      Integ_Sn     Sn/S0(@r0)  
<multipole_order n>                    [T/m^n]      [T.m/m^n]        []       |    [T/m^n]      [T.m/m^n]        []      
n=00:                                5.5401e-01    -2.4056e-01   +1.0000e+00  |      ---           ---           ---     
n=01:                                7.2547e+00    +3.2199e+00   -1.6062e-01  |      ---           ---           ---     
n=02:                                4.9825e+00    +8.1135e-01   -4.8567e-04  |      ---           ---           ---     
n=03:                                1.7496e+01    -2.5765e+01   +1.8507e-04  |      ---           ---           ---     
n=04:                                1.7520e+03    +2.9647e+03   -2.5555e-04  |      ---           ---           ---     
n=05:                                5.1350e+05    -5.7065e+04   +5.9026e-05  |      ---           ---           ---     
n=06:                                1.3927e+07    -1.5449e+07   +1.9176e-04  |      ---           ---           ---     
