--- multipoles on reference trajectory (rz > 0) ---
effective_length:                   435.8881073162159 mm
perpendicular_grid:                 41 points in [-10.000000,+10.000000] mm
max_fitting_error_normal            0.037/3859.229 G/G
max_fitting_error_skew              333.156/333.156 G/G
r0_for_relative_multipoles          12 mm
main_monomial                       n = 0, skew:False
                                       Nn(s=0)      Integ_Nn     Nn/N0(@r0)   |    Sn(s=0)      Integ_Sn     Sn/S0(@r0)  
<multipole_order n>                    [T/m^n]      [T.m/m^n]        []       |    [T/m^n]      [T.m/m^n]        []      
n=00:                                5.4993e-01    -2.3971e-01   +1.0000e+00  |      ---           ---           ---     
n=01:                                7.2281e+00    +3.2225e+00   -1.6132e-01  |      ---           ---           ---     
n=02:                                5.9883e+00    +1.0328e+00   -6.2044e-04  |      ---           ---           ---     
n=03:                                4.0650e+01    -1.7303e+01   +1.2474e-04  |      ---           ---           ---     
n=04:                                3.3085e+03    -8.9367e+02   +7.7307e-05  |      ---           ---           ---     
n=05:                                6.4560e+05    -4.5571e+04   +4.7306e-05  |      ---           ---           ---     
n=06:                                6.6906e+06    +2.5176e+06   -3.1361e-05  |      ---           ---           ---     
