--- multipoles on reference trajectory (rz > 0) ---
effective_length:                   435.6802969602146 mm
perpendicular_grid:                 41 points in [-10.000000,+10.000000] mm
max_fitting_error_normal            0.034/6690.295 G/G
max_fitting_error_skew              355.625/355.625 G/G
r0_for_relative_multipoles          12 mm
main_monomial                       n = 0, skew:False
                                       Nn(s=0)      Integ_Nn     Nn/N0(@r0)   |    Sn(s=0)      Integ_Sn     Sn/S0(@r0)  
<multipole_order n>                    [T/m^n]      [T.m/m^n]        []       |    [T/m^n]      [T.m/m^n]        []      
n=00:                                5.7685e-01    -2.5132e-01   +1.0000e+00  |      ---           ---           ---     
n=01:                                7.5718e+00    +3.3726e+00   -1.6103e-01  |      ---           ---           ---     
n=02:                                6.0230e+00    +9.4198e-01   -5.3973e-04  |      ---           ---           ---     
n=03:                                1.5160e+01    -1.7510e+01   +1.2039e-04  |      ---           ---           ---     
n=04:                                9.1638e+03    -1.9990e+02   +1.6493e-05  |      ---           ---           ---     
n=05:                                5.6494e+05    -1.6257e+05   +1.6096e-04  |      ---           ---           ---     
n=06:                                5.4241e+07    +2.0763e+06   -2.4669e-05  |      ---           ---           ---     
