--- multipoles on reference trajectory (rz > 0) ---
effective_length:                   435.33140482129136 mm
perpendicular_grid:                 41 points in [-10.000000,+10.000000] mm
max_fitting_error_normal            0.030/4101.213 G/G
max_fitting_error_skew              313.663/313.663 G/G
r0_for_relative_multipoles          12 mm
main_monomial                       n = 0, skew:False
                                       Nn(s=0)      Integ_Nn     Nn/N0(@r0)   |    Sn(s=0)      Integ_Sn     Sn/S0(@r0)  
<multipole_order n>                    [T/m^n]      [T.m/m^n]        []       |    [T/m^n]      [T.m/m^n]        []      
n=00:                                5.2328e-01    -2.2780e-01   +1.0000e+00  |      ---           ---           ---     
n=01:                                6.8598e+00    +3.0586e+00   -1.6112e-01  |      ---           ---           ---     
n=02:                                5.2072e+00    +7.3892e-01   -4.6710e-04  |      ---           ---           ---     
n=03:                                6.8551e+01    -2.1018e+01   +1.5944e-04  |      ---           ---           ---     
n=04:                                3.6166e+03    -7.0371e+02   +6.4057e-05  |      ---           ---           ---     
n=05:                                1.2975e+05    -5.2957e+04   +5.7846e-05  |      ---           ---           ---     
n=06:                                3.0669e+07    +5.2289e+06   -6.8540e-05  |      ---           ---           ---     
