--- multipoles on reference trajectory (rz > 0) ---
effective_length:                   436.55865729452 mm
perpendicular_grid:                 41 points in [-10.000000,+10.000000] mm
max_fitting_error_normal            0.039/5090.097 G/G
max_fitting_error_skew              374.778/374.778 G/G
r0_for_relative_multipoles          12 mm
main_monomial                       n = 0, skew:False
                                       Nn(s=0)      Integ_Nn     Nn/N0(@r0)   |    Sn(s=0)      Integ_Sn     Sn/S0(@r0)  
<multipole_order n>                    [T/m^n]      [T.m/m^n]        []       |    [T/m^n]      [T.m/m^n]        []      
n=00:                                5.7613e-01    -2.5151e-01   +1.0000e+00  |      ---           ---           ---     
n=01:                                7.5405e+00    +3.3789e+00   -1.6121e-01  |      ---           ---           ---     
n=02:                                6.8162e+00    +1.2237e+00   -7.0062e-04  |      ---           ---           ---     
n=03:                                6.7959e+01    -3.0805e+01   +2.1164e-04  |      ---           ---           ---     
n=04:                                7.1061e+03    -2.5044e+03   +2.0648e-04  |      ---           ---           ---     
n=05:                                1.0351e+05    +9.2646e+03   -9.1658e-06  |      ---           ---           ---     
n=06:                                4.3471e+07    +1.2362e+07   -1.4676e-04  |      ---           ---           ---     
