--- multipoles on reference trajectory (rz > 0) ---
effective_length:                   436.63863360624543 mm
perpendicular_grid:                 41 points in [-10.000000,+10.000000] mm
max_fitting_error_normal            0.037/4115.892 G/G
max_fitting_error_skew              357.973/357.973 G/G
r0_for_relative_multipoles          12 mm
main_monomial                       n = 0, skew:False
                                       Nn(s=0)      Integ_Nn     Nn/N0(@r0)   |    Sn(s=0)      Integ_Sn     Sn/S0(@r0)  
<multipole_order n>                    [T/m^n]      [T.m/m^n]        []       |    [T/m^n]      [T.m/m^n]        []      
n=00:                                5.7653e-01    -2.5173e-01   +1.0000e+00  |      ---           ---           ---     
n=01:                                7.5350e+00    +3.3757e+00   -1.6092e-01  |      ---           ---           ---     
n=02:                                6.0700e+00    +8.5607e-01   -4.8970e-04  |      ---           ---           ---     
n=03:                                4.9637e+00    -1.8598e+00   +1.2766e-05  |      ---           ---           ---     
n=04:                                9.8278e+03    +3.1938e+03   -2.6308e-04  |      ---           ---           ---     
n=05:                                3.7765e+05    -1.6121e+05   +1.5935e-04  |      ---           ---           ---     
n=06:                                5.6317e+07    -1.9843e+07   +2.3537e-04  |      ---           ---           ---     
