--- multipoles on reference trajectory (rz > 0) ---
effective_length:                   436.2678162516794 mm
perpendicular_grid:                 41 points in [-10.000000,+10.000000] mm
max_fitting_error_normal            0.033/6080.210 G/G
max_fitting_error_skew              339.159/339.159 G/G
r0_for_relative_multipoles          12 mm
main_monomial                       n = 0, skew:False
                                       Nn(s=0)      Integ_Nn     Nn/N0(@r0)   |    Sn(s=0)      Integ_Sn     Sn/S0(@r0)  
<multipole_order n>                    [T/m^n]      [T.m/m^n]        []       |    [T/m^n]      [T.m/m^n]        []      
n=00:                                5.2438e-01    -2.2877e-01   +1.0000e+00  |      ---           ---           ---     
n=01:                                6.8421e+00    +3.0649e+00   -1.6077e-01  |      ---           ---           ---     
n=02:                                5.1794e+00    +6.1881e-01   -3.8951e-04  |      ---           ---           ---     
n=03:                                2.2130e+01    -2.7912e+01   +2.1083e-04  |      ---           ---           ---     
n=04:                                4.2359e+03    +4.4037e+03   -3.9915e-04  |      ---           ---           ---     
n=05:                                4.4513e+05    -2.8337e+03   +3.0822e-06  |      ---           ---           ---     
n=06:                                9.5743e+06    -2.3856e+07   +3.1137e-04  |      ---           ---           ---     
