--- multipoles on reference trajectory (rz > 0) ---
effective_length:                   436.6668018166121 mm
perpendicular_grid:                 41 points in [-10.000000,+10.000000] mm
max_fitting_error_normal            0.050/5811.847 G/G
max_fitting_error_skew              330.979/330.979 G/G
r0_for_relative_multipoles          12 mm
main_monomial                       n = 0, skew:False
                                       Nn(s=0)      Integ_Nn     Nn/N0(@r0)   |    Sn(s=0)      Integ_Sn     Sn/S0(@r0)  
<multipole_order n>                    [T/m^n]      [T.m/m^n]        []       |    [T/m^n]      [T.m/m^n]        []      
n=00:                                5.5391e-01    -2.4188e-01   +1.0000e+00  |      ---           ---           ---     
n=01:                                7.2195e+00    +3.2309e+00   -1.6029e-01  |      ---           ---           ---     
n=02:                                6.6833e+00    +1.0724e+00   -6.3847e-04  |      ---           ---           ---     
n=03:                                4.1682e+01    -2.5174e+00   +1.7984e-05  |      ---           ---           ---     
n=04:                                1.5440e+04    -1.5716e+03   +1.3473e-04  |      ---           ---           ---     
n=05:                                1.9470e+05    -1.8779e+05   +1.9319e-04  |      ---           ---           ---     
n=06:                                8.2859e+07    +4.5608e+06   -5.6304e-05  |      ---           ---           ---     
