--- multipoles on reference trajectory (rz > 0) ---
effective_length:                   436.335991811957 mm
perpendicular_grid:                 41 points in [-10.000000,+10.000000] mm
max_fitting_error_normal            0.042/5476.027 G/G
max_fitting_error_skew              341.091/341.091 G/G
r0_for_relative_multipoles          12 mm
main_monomial                       n = 0, skew:False
                                       Nn(s=0)      Integ_Nn     Nn/N0(@r0)   |    Sn(s=0)      Integ_Sn     Sn/S0(@r0)  
<multipole_order n>                    [T/m^n]      [T.m/m^n]        []       |    [T/m^n]      [T.m/m^n]        []      
n=00:                                5.5148e-01    -2.4063e-01   +1.0000e+00  |      ---           ---           ---     
n=01:                                7.1928e+00    +3.2219e+00   -1.6067e-01  |      ---           ---           ---     
n=02:                                5.4035e+00    +9.7686e-01   -5.8457e-04  |      ---           ---           ---     
n=03:                                8.2667e+01    -3.9038e+01   +2.8033e-04  |      ---           ---           ---     
n=04:                                9.2265e+03    -1.2003e+03   +1.0343e-04  |      ---           ---           ---     
n=05:                                1.1059e+05    +2.2945e+04   -2.3727e-05  |      ---           ---           ---     
n=06:                                3.4101e+07    +7.5409e+06   -9.3574e-05  |      ---           ---           ---     
