--- multipoles on reference trajectory (rz > 0) ---
effective_length:                   435.86516053225927 mm
perpendicular_grid:                 41 points in [-10.000000,+10.000000] mm
max_fitting_error_normal            0.036/4458.763 G/G
max_fitting_error_skew              337.981/337.981 G/G
r0_for_relative_multipoles          12 mm
main_monomial                       n = 0, skew:False
                                       Nn(s=0)      Integ_Nn     Nn/N0(@r0)   |    Sn(s=0)      Integ_Sn     Sn/S0(@r0)  
<multipole_order n>                    [T/m^n]      [T.m/m^n]        []       |    [T/m^n]      [T.m/m^n]        []      
n=00:                                5.5206e-01    -2.4063e-01   +1.0000e+00  |      ---           ---           ---     
n=01:                                7.2299e+00    +3.2307e+00   -1.6112e-01  |      ---           ---           ---     
n=02:                                5.0725e+00    +7.2985e-01   -4.3677e-04  |      ---           ---           ---     
n=03:                                1.4338e+01    -1.7217e+01   +1.2364e-04  |      ---           ---           ---     
n=04:                                4.5434e+03    +1.9019e+02   -1.6390e-05  |      ---           ---           ---     
n=05:                                2.6608e+05    -1.0104e+05   +1.0448e-04  |      ---           ---           ---     
n=06:                                4.6123e+06    +1.9655e+06   -2.4391e-05  |      ---           ---           ---     
