--- multipoles on reference trajectory (rz > 0) ---
effective_length:                   435.096065857216 mm
perpendicular_grid:                 41 points in [-10.000000,+10.000000] mm
max_fitting_error_normal            0.047/4841.745 G/G
max_fitting_error_skew              344.168/344.168 G/G
r0_for_relative_multipoles          12 mm
main_monomial                       n = 0, skew:False
                                       Nn(s=0)      Integ_Nn     Nn/N0(@r0)   |    Sn(s=0)      Integ_Sn     Sn/S0(@r0)  
<multipole_order n>                    [T/m^n]      [T.m/m^n]        []       |    [T/m^n]      [T.m/m^n]        []      
n=00:                                5.5254e-01    -2.4041e-01   +1.0000e+00  |      ---           ---           ---     
n=01:                                7.2138e+00    +3.2183e+00   -1.6064e-01  |      ---           ---           ---     
n=02:                                5.8721e+00    +9.7064e-01   -5.8139e-04  |      ---           ---           ---     
n=03:                                9.5386e-01    -4.6390e+00   +3.3344e-05  |      ---           ---           ---     
n=04:                                4.6786e+03    -2.6134e+03   +2.2542e-04  |      ---           ---           ---     
n=05:                                2.4192e+05    -1.1240e+05   +1.1634e-04  |      ---           ---           ---     
n=06:                                2.3826e+07    +1.4711e+07   -1.8271e-04  |      ---           ---           ---     
