--- multipoles on reference trajectory (rz > 0) ---
effective_length:                   436.3493883008211 mm
perpendicular_grid:                 41 points in [-10.000000,+10.000000] mm
max_fitting_error_normal            0.054/3752.284 G/G
max_fitting_error_skew              358.111/358.111 G/G
r0_for_relative_multipoles          12 mm
main_monomial                       n = 0, skew:False
                                       Nn(s=0)      Integ_Nn     Nn/N0(@r0)   |    Sn(s=0)      Integ_Sn     Sn/S0(@r0)  
<multipole_order n>                    [T/m^n]      [T.m/m^n]        []       |    [T/m^n]      [T.m/m^n]        []      
n=00:                                5.7844e-01    -2.5240e-01   +1.0000e+00  |      ---           ---           ---     
n=01:                                7.5318e+00    +3.3760e+00   -1.6051e-01  |      ---           ---           ---     
n=02:                                6.0621e+00    +8.7043e-01   -4.9659e-04  |      ---           ---           ---     
n=03:                                2.5515e+00    -1.2910e+01   +8.8388e-05  |      ---           ---           ---     
n=04:                                1.0516e+04    +1.7175e+03   -1.4110e-04  |      ---           ---           ---     
n=05:                                3.2013e+05    -1.1227e+05   +1.1068e-04  |      ---           ---           ---     
n=06:                                5.8350e+07    -6.8271e+06   +8.0767e-05  |      ---           ---           ---     
