--- multipoles on reference trajectory (rz > 0) ---
effective_length:                   436.01592160923923 mm
perpendicular_grid:                 41 points in [-10.000000,+10.000000] mm
max_fitting_error_normal            0.073/3771.748 G/G
max_fitting_error_skew              349.398/349.398 G/G
r0_for_relative_multipoles          12 mm
main_monomial                       n = 0, skew:False
                                       Nn(s=0)      Integ_Nn     Nn/N0(@r0)   |    Sn(s=0)      Integ_Sn     Sn/S0(@r0)  
<multipole_order n>                    [T/m^n]      [T.m/m^n]        []       |    [T/m^n]      [T.m/m^n]        []      
n=00:                                5.7911e-01    -2.5250e-01   +1.0000e+00  |      ---           ---           ---     
n=01:                                7.5471e+00    +3.3745e+00   -1.6037e-01  |      ---           ---           ---     
n=02:                                6.2376e+00    +8.7802e-01   -5.0073e-04  |      ---           ---           ---     
n=03:                                7.9688e+00    -1.6299e+01   +1.1154e-04  |      ---           ---           ---     
n=04:                                1.0210e+03    +3.2634e+03   -2.6800e-04  |      ---           ---           ---     
n=05:                                5.0927e+05    -1.3823e+05   +1.3622e-04  |      ---           ---           ---     
n=06:                                4.9937e+06    -2.1041e+07   +2.4883e-04  |      ---           ---           ---     
