--- multipoles on reference trajectory (rz > 0) ---
effective_length:                   434.42296143465416 mm
perpendicular_grid:                 41 points in [-10.000000,+10.000000] mm
max_fitting_error_normal            0.052/4864.408 G/G
max_fitting_error_skew              333.189/333.189 G/G
r0_for_relative_multipoles          12 mm
main_monomial                       n = 0, skew:False
                                       Nn(s=0)      Integ_Nn     Nn/N0(@r0)   |    Sn(s=0)      Integ_Sn     Sn/S0(@r0)  
<multipole_order n>                    [T/m^n]      [T.m/m^n]        []       |    [T/m^n]      [T.m/m^n]        []      
n=00:                                5.5243e-01    -2.3999e-01   +1.0000e+00  |      ---           ---           ---     
n=01:                                7.2459e+00    +3.2184e+00   -1.6093e-01  |      ---           ---           ---     
n=02:                                5.3217e+00    +1.0249e+00   -6.1494e-04  |      ---           ---           ---     
n=03:                                8.6935e+01    -2.4195e+01   +1.7421e-04  |      ---           ---           ---     
n=04:                                1.2304e+03    -1.9551e+03   +1.6893e-04  |      ---           ---           ---     
n=05:                                2.0126e+05    -6.3528e+04   +6.5869e-05  |      ---           ---           ---     
n=06:                                2.4779e+07    +1.0766e+07   -1.3395e-04  |      ---           ---           ---     
