--- multipoles on reference trajectory (rz > 0) ---
effective_length:                   434.96480762940234 mm
perpendicular_grid:                 41 points in [-10.000000,+10.000000] mm
max_fitting_error_normal            0.050/5736.065 G/G
max_fitting_error_skew              374.168/374.168 G/G
r0_for_relative_multipoles          12 mm
main_monomial                       n = 0, skew:False
                                       Nn(s=0)      Integ_Nn     Nn/N0(@r0)   |    Sn(s=0)      Integ_Sn     Sn/S0(@r0)  
<multipole_order n>                    [T/m^n]      [T.m/m^n]        []       |    [T/m^n]      [T.m/m^n]        []      
n=00:                                5.7842e-01    -2.5159e-01   +1.0000e+00  |      ---           ---           ---     
n=01:                                7.6067e+00    +3.3769e+00   -1.6107e-01  |      ---           ---           ---     
n=02:                                4.9156e+00    +1.0921e+00   -6.2508e-04  |      ---           ---           ---     
n=03:                                1.8263e+02    -6.7731e+01   +4.6519e-04  |      ---           ---           ---     
n=04:                                2.3082e+03    -3.1430e+03   +2.5905e-04  |      ---           ---           ---     
n=05:                                7.5924e+05    +1.6379e+05   -1.6200e-04  |      ---           ---           ---     
n=06:                                4.8809e+07    +1.8696e+07   -2.2189e-04  |      ---           ---           ---     
