--- multipoles on reference trajectory (rz > 0) ---
effective_length:                   435.7270692739652 mm
perpendicular_grid:                 41 points in [-10.000000,+10.000000] mm
max_fitting_error_normal            0.052/6397.700 G/G
max_fitting_error_skew              336.050/336.050 G/G
r0_for_relative_multipoles          12 mm
main_monomial                       n = 0, skew:False
                                       Nn(s=0)      Integ_Nn     Nn/N0(@r0)   |    Sn(s=0)      Integ_Sn     Sn/S0(@r0)  
<multipole_order n>                    [T/m^n]      [T.m/m^n]        []       |    [T/m^n]      [T.m/m^n]        []      
n=00:                                5.5272e-01    -2.4083e-01   +1.0000e+00  |      ---           ---           ---     
n=01:                                7.2406e+00    +3.2220e+00   -1.6054e-01  |      ---           ---           ---     
n=02:                                6.2591e+00    +1.0938e+00   -6.5402e-04  |      ---           ---           ---     
n=03:                                1.7565e+01    -1.1279e+01   +8.0929e-05  |      ---           ---           ---     
n=04:                                2.4010e+04    -3.6738e+03   +3.1632e-04  |      ---           ---           ---     
n=05:                                5.5839e+05    -1.4427e+05   +1.4906e-04  |      ---           ---           ---     
n=06:                                1.3840e+08    +1.9428e+07   -2.4088e-04  |      ---           ---           ---     
