--- multipoles on reference trajectory (rz > 0) ---
effective_length:                   434.51695571248837 mm
perpendicular_grid:                 41 points in [-10.000000,+10.000000] mm
max_fitting_error_normal            0.052/6402.683 G/G
max_fitting_error_skew              339.221/339.221 G/G
r0_for_relative_multipoles          12 mm
main_monomial                       n = 0, skew:False
                                       Nn(s=0)      Integ_Nn     Nn/N0(@r0)   |    Sn(s=0)      Integ_Sn     Sn/S0(@r0)  
<multipole_order n>                    [T/m^n]      [T.m/m^n]        []       |    [T/m^n]      [T.m/m^n]        []      
n=00:                                5.5431e-01    -2.4086e-01   +1.0000e+00  |      ---           ---           ---     
n=01:                                7.2775e+00    +3.2204e+00   -1.6045e-01  |      ---           ---           ---     
n=02:                                4.5391e+00    +9.4816e-01   -5.6687e-04  |      ---           ---           ---     
n=03:                                1.7294e+00    +5.6746e+00   -4.0712e-05  |      ---           ---           ---     
n=04:                                7.1403e+01    -7.8437e+02   +6.7528e-05  |      ---           ---           ---     
n=05:                                3.0190e+05    -2.5168e+05   +2.6002e-04  |      ---           ---           ---     
n=06:                                8.6032e+06    +4.1594e+06   -5.1565e-05  |      ---           ---           ---     
