--- multipoles on reference trajectory (rz > 0) ---
effective_length:                   434.2704871711122 mm
perpendicular_grid:                 41 points in [-10.000000,+10.000000] mm
max_fitting_error_normal            0.048/6423.705 G/G
max_fitting_error_skew              329.342/329.342 G/G
r0_for_relative_multipoles          12 mm
main_monomial                       n = 0, skew:False
                                       Nn(s=0)      Integ_Nn     Nn/N0(@r0)   |    Sn(s=0)      Integ_Sn     Sn/S0(@r0)  
<multipole_order n>                    [T/m^n]      [T.m/m^n]        []       |    [T/m^n]      [T.m/m^n]        []      
n=00:                                5.5592e-01    -2.4142e-01   +1.0000e+00  |      ---           ---           ---     
n=01:                                7.2723e+00    +3.2273e+00   -1.6042e-01  |      ---           ---           ---     
n=02:                                4.8615e+00    +7.0965e-01   -4.2328e-04  |      ---           ---           ---     
n=03:                                1.7499e+01    -1.4760e+01   +1.0565e-04  |      ---           ---           ---     
n=04:                                3.1589e+03    +1.4147e+03   -1.2151e-04  |      ---           ---           ---     
n=05:                                5.6693e+05    -1.6036e+05   +1.6528e-04  |      ---           ---           ---     
n=06:                                4.1387e+07    -6.1907e+06   +7.6569e-05  |      ---           ---           ---     
