--- multipoles on reference trajectory (rz > 0) ---
effective_length:                   434.685292610685 mm
perpendicular_grid:                 41 points in [-10.000000,+10.000000] mm
max_fitting_error_normal            0.054/3152.361 G/G
max_fitting_error_skew              341.828/341.828 G/G
r0_for_relative_multipoles          12 mm
main_monomial                       n = 0, skew:False
                                       Nn(s=0)      Integ_Nn     Nn/N0(@r0)   |    Sn(s=0)      Integ_Sn     Sn/S0(@r0)  
<multipole_order n>                    [T/m^n]      [T.m/m^n]        []       |    [T/m^n]      [T.m/m^n]        []      
n=00:                                5.5645e-01    -2.4188e-01   +1.0000e+00  |      ---           ---           ---     
n=01:                                7.2888e+00    +3.2312e+00   -1.6031e-01  |      ---           ---           ---     
n=02:                                5.4271e+00    +1.0872e+00   -6.4724e-04  |      ---           ---           ---     
n=03:                                1.1827e+02    -5.3482e+01   +3.8208e-04  |      ---           ---           ---     
n=04:                                7.6545e+03    -2.4143e+03   +2.0697e-04  |      ---           ---           ---     
n=05:                                3.2203e+05    +1.4703e+05   -1.5126e-04  |      ---           ---           ---     
n=06:                                5.4878e+07    +9.4287e+06   -1.1640e-04  |      ---           ---           ---     
