--- multipoles on reference trajectory (rz > 0) ---
effective_length:                   436.0892725799053 mm
perpendicular_grid:                 41 points in [-10.000000,+10.000000] mm
max_fitting_error_normal            0.026/6402.679 G/G
max_fitting_error_skew              329.135/329.135 G/G
r0_for_relative_multipoles          12 mm
main_monomial                       n = 0, skew:False
                                       Nn(s=0)      Integ_Nn     Nn/N0(@r0)   |    Sn(s=0)      Integ_Sn     Sn/S0(@r0)  
<multipole_order n>                    [T/m^n]      [T.m/m^n]        []       |    [T/m^n]      [T.m/m^n]        []      
n=00:                                5.5165e-01    -2.4057e-01   +1.0000e+00  |      ---           ---           ---     
n=01:                                7.2236e+00    +3.2311e+00   -1.6117e-01  |      ---           ---           ---     
n=02:                                6.6357e+00    +1.0507e+00   -6.2895e-04  |      ---           ---           ---     
n=03:                                5.5892e+01    -3.9730e+01   +2.8538e-04  |      ---           ---           ---     
n=04:                                1.5604e+04    -1.6812e+03   +1.4491e-04  |      ---           ---           ---     
n=05:                                9.4899e+04    +2.3012e+04   -2.3802e-05  |      ---           ---           ---     
n=06:                                8.2347e+07    +3.0886e+06   -3.8336e-05  |      ---           ---           ---     
