--- multipoles on reference trajectory (rz > 0) ---
effective_length:                   434.84122423339255 mm
perpendicular_grid:                 41 points in [-10.000000,+10.000000] mm
max_fitting_error_normal            0.042/4857.409 G/G
max_fitting_error_skew              343.091/343.091 G/G
r0_for_relative_multipoles          12 mm
main_monomial                       n = 0, skew:False
                                       Nn(s=0)      Integ_Nn     Nn/N0(@r0)   |    Sn(s=0)      Integ_Sn     Sn/S0(@r0)  
<multipole_order n>                    [T/m^n]      [T.m/m^n]        []       |    [T/m^n]      [T.m/m^n]        []      
n=00:                                5.5092e-01    -2.3956e-01   +1.0000e+00  |      ---           ---           ---     
n=01:                                7.2510e+00    +3.2210e+00   -1.6135e-01  |      ---           ---           ---     
n=02:                                5.7118e+00    +8.9104e-01   -5.3561e-04  |      ---           ---           ---     
n=03:                                1.2237e+02    -2.4374e+01   +1.7582e-04  |      ---           ---           ---     
n=04:                                2.5688e+03    +3.6339e+03   -3.1455e-04  |      ---           ---           ---     
n=05:                                1.1177e+06    -1.8428e+04   +1.9141e-05  |      ---           ---           ---     
n=06:                                1.8907e+07    -2.0826e+07   +2.5958e-04  |      ---           ---           ---     
