--- multipoles on reference trajectory (rz > 0) ---
effective_length:                   436.1001510381343 mm
perpendicular_grid:                 41 points in [-10.000000,+10.000000] mm
max_fitting_error_normal            0.024/5036.344 G/G
max_fitting_error_skew              350.255/350.255 G/G
r0_for_relative_multipoles          12 mm
main_monomial                       n = 0, skew:False
                                       Nn(s=0)      Integ_Nn     Nn/N0(@r0)   |    Sn(s=0)      Integ_Sn     Sn/S0(@r0)  
<multipole_order n>                    [T/m^n]      [T.m/m^n]        []       |    [T/m^n]      [T.m/m^n]        []      
n=00:                                5.7765e-01    -2.5191e-01   +1.0000e+00  |      ---           ---           ---     
n=01:                                7.5683e+00    +3.3789e+00   -1.6096e-01  |      ---           ---           ---     
n=02:                                5.6536e+00    +8.7467e-01   -4.9998e-04  |      ---           ---           ---     
n=03:                                5.3128e+00    -2.1134e+01   +1.4497e-04  |      ---           ---           ---     
n=04:                                4.7710e+02    +1.2960e+03   -1.0668e-04  |      ---           ---           ---     
n=05:                                5.7289e+05    -1.0916e+05   +1.0782e-04  |      ---           ---           ---     
n=06:                                1.5735e+07    -9.3464e+06   +1.1079e-04  |      ---           ---           ---     
