--- multipoles on reference trajectory (rz > 0) ---
effective_length:                   436.0759297947248 mm
perpendicular_grid:                 41 points in [-10.000000,+10.000000] mm
max_fitting_error_normal            0.037/6081.441 G/G
max_fitting_error_skew              312.415/312.415 G/G
r0_for_relative_multipoles          12 mm
main_monomial                       n = 0, skew:False
                                       Nn(s=0)      Integ_Nn     Nn/N0(@r0)   |    Sn(s=0)      Integ_Sn     Sn/S0(@r0)  
<multipole_order n>                    [T/m^n]      [T.m/m^n]        []       |    [T/m^n]      [T.m/m^n]        []      
n=00:                                5.2434e-01    -2.2865e-01   +1.0000e+00  |      ---           ---           ---     
n=01:                                6.8460e+00    +3.0613e+00   -1.6066e-01  |      ---           ---           ---     
n=02:                                4.7797e+00    +7.2152e-01   -4.5440e-04  |      ---           ---           ---     
n=03:                                8.8259e+01    -4.8734e+01   +3.6830e-04  |      ---           ---           ---     
n=04:                                6.8538e+03    +1.0316e+03   -9.3557e-05  |      ---           ---           ---     
n=05:                                1.9280e+05    +8.7732e+04   -9.5474e-05  |      ---           ---           ---     
n=06:                                3.8830e+07    -8.3097e+06   +1.0852e-04  |      ---           ---           ---     
