--- multipoles on reference trajectory (rz > 0) ---
effective_length:                   434.6707066662551 mm
perpendicular_grid:                 41 points in [-10.000000,+10.000000] mm
max_fitting_error_normal            0.026/4864.025 G/G
max_fitting_error_skew              337.576/337.576 G/G
r0_for_relative_multipoles          12 mm
main_monomial                       n = 0, skew:False
                                       Nn(s=0)      Integ_Nn     Nn/N0(@r0)   |    Sn(s=0)      Integ_Sn     Sn/S0(@r0)  
<multipole_order n>                    [T/m^n]      [T.m/m^n]        []       |    [T/m^n]      [T.m/m^n]        []      
n=00:                                5.4996e-01    -2.3905e-01   +1.0000e+00  |      ---           ---           ---     
n=01:                                7.2187e+00    +3.2083e+00   -1.6105e-01  |      ---           ---           ---     
n=02:                                5.2416e+00    +8.7540e-01   -5.2732e-04  |      ---           ---           ---     
n=03:                                1.0817e+02    -4.6067e+01   +3.3300e-04  |      ---           ---           ---     
n=04:                                4.0643e+03    +1.5556e+02   -1.3494e-05  |      ---           ---           ---     
n=05:                                1.5290e+05    +5.0057e+04   -5.2105e-05  |      ---           ---           ---     
n=06:                                1.3451e+07    -5.6435e+06   +7.0493e-05  |      ---           ---           ---     
