--- multipoles on reference trajectory (rz > 0) ---
effective_length:                   434.55963654047144 mm
perpendicular_grid:                 41 points in [-10.000000,+10.000000] mm
max_fitting_error_normal            0.044/6693.266 G/G
max_fitting_error_skew              367.115/367.115 G/G
r0_for_relative_multipoles          12 mm
main_monomial                       n = 0, skew:False
                                       Nn(s=0)      Integ_Nn     Nn/N0(@r0)   |    Sn(s=0)      Integ_Sn     Sn/S0(@r0)  
<multipole_order n>                    [T/m^n]      [T.m/m^n]        []       |    [T/m^n]      [T.m/m^n]        []      
n=00:                                5.7798e-01    -2.5117e-01   +1.0000e+00  |      ---           ---           ---     
n=01:                                7.5733e+00    +3.3703e+00   -1.6102e-01  |      ---           ---           ---     
n=02:                                6.3942e+00    +1.0258e+00   -5.8813e-04  |      ---           ---           ---     
n=03:                                3.9731e+01    -3.3387e+01   +2.2970e-04  |      ---           ---           ---     
n=04:                                7.9886e+03    -6.8325e+02   +5.6408e-05  |      ---           ---           ---     
n=05:                                1.7203e+05    +1.1152e+04   -1.1049e-05  |      ---           ---           ---     
n=06:                                5.1030e+07    -8.4168e+05   +1.0006e-05  |      ---           ---           ---     
