--- multipoles on reference trajectory (rz > 0) ---
effective_length:                   434.64940419632666 mm
perpendicular_grid:                 41 points in [-10.000000,+10.000000] mm
max_fitting_error_normal            0.047/3128.629 G/G
max_fitting_error_skew              340.837/340.837 G/G
r0_for_relative_multipoles          12 mm
main_monomial                       n = 0, skew:False
                                       Nn(s=0)      Integ_Nn     Nn/N0(@r0)   |    Sn(s=0)      Integ_Sn     Sn/S0(@r0)  
<multipole_order n>                    [T/m^n]      [T.m/m^n]        []       |    [T/m^n]      [T.m/m^n]        []      
n=00:                                5.5468e-01    -2.4109e-01   +1.0000e+00  |      ---           ---           ---     
n=01:                                7.2913e+00    +3.2318e+00   -1.6086e-01  |      ---           ---           ---     
n=02:                                5.3098e+00    +1.0375e+00   -6.1967e-04  |      ---           ---           ---     
n=03:                                1.2122e+02    -5.5403e+01   +3.9709e-04  |      ---           ---           ---     
n=04:                                6.1766e+03    -1.8695e+03   +1.6080e-04  |      ---           ---           ---     
n=05:                                3.5569e+05    +1.5682e+05   -1.6185e-04  |      ---           ---           ---     
n=06:                                4.6012e+07    +6.4345e+06   -7.9692e-05  |      ---           ---           ---     
