--- multipoles on reference trajectory (rz > 0) ---
effective_length:                   435.9000391551492 mm
perpendicular_grid:                 41 points in [-10.000000,+10.000000] mm
max_fitting_error_normal            0.031/6079.252 G/G
max_fitting_error_skew              338.061/338.061 G/G
r0_for_relative_multipoles          12 mm
main_monomial                       n = 0, skew:False
                                       Nn(s=0)      Integ_Nn     Nn/N0(@r0)   |    Sn(s=0)      Integ_Sn     Sn/S0(@r0)  
<multipole_order n>                    [T/m^n]      [T.m/m^n]        []       |    [T/m^n]      [T.m/m^n]        []      
n=00:                                5.2495e-01    -2.2883e-01   +1.0000e+00  |      ---           ---           ---     
n=01:                                6.8587e+00    +3.0591e+00   -1.6043e-01  |      ---           ---           ---     
n=02:                                4.5179e+00    +6.5241e-01   -4.1056e-04  |      ---           ---           ---     
n=03:                                1.4451e+02    -4.0711e+01   +3.0743e-04  |      ---           ---           ---     
n=04:                                5.0103e+03    -7.9604e+02   +7.2136e-05  |      ---           ---           ---     
n=05:                                4.9918e+05    +2.0648e+04   -2.2453e-05  |      ---           ---           ---     
n=06:                                2.3710e+07    +2.5307e+06   -3.3024e-05  |      ---           ---           ---     
