--- multipoles on reference trajectory (rz > 0) ---
effective_length:                   436.0507281572399 mm
perpendicular_grid:                 41 points in [-10.000000,+10.000000] mm
max_fitting_error_normal            0.031/5482.895 G/G
max_fitting_error_skew              352.383/352.383 G/G
r0_for_relative_multipoles          12 mm
main_monomial                       n = 0, skew:False
                                       Nn(s=0)      Integ_Nn     Nn/N0(@r0)   |    Sn(s=0)      Integ_Sn     Sn/S0(@r0)  
<multipole_order n>                    [T/m^n]      [T.m/m^n]        []       |    [T/m^n]      [T.m/m^n]        []      
n=00:                                5.5254e-01    -2.4094e-01   +1.0000e+00  |      ---           ---           ---     
n=01:                                7.2138e+00    +3.2196e+00   -1.6035e-01  |      ---           ---           ---     
n=02:                                5.8721e+00    +9.2146e-01   -5.5073e-04  |      ---           ---           ---     
n=03:                                9.5386e-01    -1.2112e+01   +8.6866e-05  |      ---           ---           ---     
n=04:                                4.6786e+03    -1.2019e+03   +1.0344e-04  |      ---           ---           ---     
n=05:                                2.4192e+05    -6.8145e+04   +7.0379e-05  |      ---           ---           ---     
n=06:                                2.3826e+07    +4.9785e+06   -6.1699e-05  |      ---           ---           ---     
