--- multipoles on reference trajectory (rz > 0) ---
effective_length:                   435.4391091447962 mm
perpendicular_grid:                 41 points in [-10.000000,+10.000000] mm
max_fitting_error_normal            0.035/6063.652 G/G
max_fitting_error_skew              311.489/311.489 G/G
r0_for_relative_multipoles          12 mm
main_monomial                       n = 0, skew:False
                                       Nn(s=0)      Integ_Nn     Nn/N0(@r0)   |    Sn(s=0)      Integ_Sn     Sn/S0(@r0)  
<multipole_order n>                    [T/m^n]      [T.m/m^n]        []       |    [T/m^n]      [T.m/m^n]        []      
n=00:                                5.2268e-01    -2.2760e-01   +1.0000e+00  |      ---           ---           ---     
n=01:                                6.8483e+00    +3.0575e+00   -1.6120e-01  |      ---           ---           ---     
n=02:                                4.7023e+00    +6.8005e-01   -4.3027e-04  |      ---           ---           ---     
n=03:                                8.3231e+01    -4.8108e+01   +3.6525e-04  |      ---           ---           ---     
n=04:                                7.5974e+03    +1.2900e+03   -1.1753e-04  |      ---           ---           ---     
n=05:                                1.5402e+05    +8.0549e+04   -8.8065e-05  |      ---           ---           ---     
n=06:                                4.3269e+07    -9.6144e+06   +1.2614e-04  |      ---           ---           ---     
