--- multipoles on reference trajectory (rz > 0) ---
effective_length:                   435.7026681612403 mm
perpendicular_grid:                 41 points in [-10.000000,+10.000000] mm
max_fitting_error_normal            0.040/5004.931 G/G
max_fitting_error_skew              354.551/354.551 G/G
r0_for_relative_multipoles          12 mm
main_monomial                       n = 0, skew:False
                                       Nn(s=0)      Integ_Nn     Nn/N0(@r0)   |    Sn(s=0)      Integ_Sn     Sn/S0(@r0)  
<multipole_order n>                    [T/m^n]      [T.m/m^n]        []       |    [T/m^n]      [T.m/m^n]        []      
n=00:                                5.7656e-01    -2.5121e-01   +1.0000e+00  |      ---           ---           ---     
n=01:                                7.5554e+00    +3.3760e+00   -1.6127e-01  |      ---           ---           ---     
n=02:                                5.1401e+00    +8.6403e-01   -4.9529e-04  |      ---           ---           ---     
n=03:                                5.4366e+00    -1.8190e+01   +1.2512e-04  |      ---           ---           ---     
n=04:                                2.4396e+04    +2.8679e+03   -2.3673e-04  |      ---           ---           ---     
n=05:                                5.7320e+05    -1.1012e+05   +1.0908e-04  |      ---           ---           ---     
n=06:                                1.4291e+08    -1.7594e+07   +2.0913e-04  |      ---           ---           ---     
