--- multipoles on reference trajectory (rz > 0) ---
effective_length:                   435.77897107289937 mm
perpendicular_grid:                 41 points in [-10.000000,+10.000000] mm
max_fitting_error_normal            0.060/3501.805 G/G
max_fitting_error_skew              321.466/321.466 G/G
r0_for_relative_multipoles          12 mm
main_monomial                       n = 0, skew:False
                                       Nn(s=0)      Integ_Nn     Nn/N0(@r0)   |    Sn(s=0)      Integ_Sn     Sn/S0(@r0)  
<multipole_order n>                    [T/m^n]      [T.m/m^n]        []       |    [T/m^n]      [T.m/m^n]        []      
n=00:                                5.2476e-01    -2.2868e-01   +1.0000e+00  |      ---           ---           ---     
n=01:                                6.8607e+00    +3.0633e+00   -1.6075e-01  |      ---           ---           ---     
n=02:                                5.2306e+00    +1.0648e+00   -6.7048e-04  |      ---           ---           ---     
n=03:                                7.7746e+01    -1.9633e+01   +1.4835e-04  |      ---           ---           ---     
n=04:                                9.1902e+02    -2.2295e+03   +2.0216e-04  |      ---           ---           ---     
n=05:                                2.1535e+05    -3.6457e+04   +3.9669e-05  |      ---           ---           ---     
n=06:                                2.4433e+06    +7.6139e+06   -9.9418e-05  |      ---           ---           ---     
