--- multipoles on reference trajectory (rz > 0) ---
effective_length:                   433.47348589584124 mm
perpendicular_grid:                 41 points in [-10.000000,+10.000000] mm
max_fitting_error_normal            0.059/4291.416 G/G
max_fitting_error_skew              350.267/350.267 G/G
r0_for_relative_multipoles          12 mm
main_monomial                       n = 0, skew:False
                                       Nn(s=0)      Integ_Nn     Nn/N0(@r0)   |    Sn(s=0)      Integ_Sn     Sn/S0(@r0)  
<multipole_order n>                    [T/m^n]      [T.m/m^n]        []       |    [T/m^n]      [T.m/m^n]        []      
n=00:                                5.8246e-01    -2.5248e-01   +1.0000e+00  |      ---           ---           ---     
n=01:                                7.6423e+00    +3.3772e+00   -1.6051e-01  |      ---           ---           ---     
n=02:                                5.2618e+00    +1.1029e+00   -6.2903e-04  |      ---           ---           ---     
n=03:                                8.6749e+00    -3.2102e+01   +2.1971e-04  |      ---           ---           ---     
n=04:                                5.5783e+03    -7.6099e+02   +6.2499e-05  |      ---           ---           ---     
n=05:                                4.1711e+05    -1.8179e+03   +1.7916e-06  |      ---           ---           ---     
n=06:                                6.9695e+07    +7.2947e+06   -8.6270e-05  |      ---           ---           ---     
