--- multipoles on reference trajectory (rz > 0) ---
effective_length:                   435.75950371578506 mm
perpendicular_grid:                 41 points in [-10.000000,+10.000000] mm
max_fitting_error_normal            0.053/3476.915 G/G
max_fitting_error_skew              320.772/320.772 G/G
r0_for_relative_multipoles          12 mm
main_monomial                       n = 0, skew:False
                                       Nn(s=0)      Integ_Nn     Nn/N0(@r0)   |    Sn(s=0)      Integ_Sn     Sn/S0(@r0)  
<multipole_order n>                    [T/m^n]      [T.m/m^n]        []       |    [T/m^n]      [T.m/m^n]        []      
n=00:                                5.2357e-01    -2.2815e-01   +1.0000e+00  |      ---           ---           ---     
n=01:                                6.8625e+00    +3.0637e+00   -1.6114e-01  |      ---           ---           ---     
n=02:                                5.1767e+00    +1.0559e+00   -6.6645e-04  |      ---           ---           ---     
n=03:                                7.6101e+01    -2.1118e+01   +1.5995e-04  |      ---           ---           ---     
n=04:                                1.5857e+03    -2.3204e+03   +2.1089e-04  |      ---           ---           ---     
n=05:                                2.0764e+05    -2.9278e+04   +3.1932e-05  |      ---           ---           ---     
n=06:                                1.5679e+06    +8.1308e+06   -1.0641e-04  |      ---           ---           ---     
