--- multipoles on reference trajectory (rz > 0) ---
effective_length:                   434.5136176198114 mm
perpendicular_grid:                 41 points in [-10.000000,+10.000000] mm
max_fitting_error_normal            0.038/3636.868 G/G
max_fitting_error_skew              323.395/323.395 G/G
r0_for_relative_multipoles          12 mm
main_monomial                       n = 0, skew:False
                                       Nn(s=0)      Integ_Nn     Nn/N0(@r0)   |    Sn(s=0)      Integ_Sn     Sn/S0(@r0)  
<multipole_order n>                    [T/m^n]      [T.m/m^n]        []       |    [T/m^n]      [T.m/m^n]        []      
n=00:                                5.2492e-01    -2.2808e-01   +1.0000e+00  |      ---           ---           ---     
n=01:                                6.8969e+00    +3.0597e+00   -1.6098e-01  |      ---           ---           ---     
n=02:                                5.3394e+00    +8.3664e-01   -5.2821e-04  |      ---           ---           ---     
n=03:                                6.9548e+01    -3.8339e+01   +2.9046e-04  |      ---           ---           ---     
n=04:                                1.2063e+04    +8.8747e+02   -8.0683e-05  |      ---           ---           ---     
n=05:                                1.3464e+05    +7.3240e+04   -7.9902e-05  |      ---           ---           ---     
n=06:                                7.1193e+07    -8.6920e+06   +1.1379e-04  |      ---           ---           ---     
