--- multipoles on reference trajectory (rz > 0) ---
effective_length:                   433.8931150225981 mm
perpendicular_grid:                 41 points in [-10.000000,+10.000000] mm
max_fitting_error_normal            0.039/6075.413 G/G
max_fitting_error_skew              322.547/322.547 G/G
r0_for_relative_multipoles          12 mm
main_monomial                       n = 0, skew:False
                                       Nn(s=0)      Integ_Nn     Nn/N0(@r0)   |    Sn(s=0)      Integ_Sn     Sn/S0(@r0)  
<multipole_order n>                    [T/m^n]      [T.m/m^n]        []       |    [T/m^n]      [T.m/m^n]        []      
n=00:                                5.2659e-01    -2.2848e-01   +1.0000e+00  |      ---           ---           ---     
n=01:                                6.8944e+00    +3.0586e+00   -1.6064e-01  |      ---           ---           ---     
n=02:                                5.4063e+00    +9.7889e-01   -6.1694e-04  |      ---           ---           ---     
n=03:                                6.1714e+01    -9.1588e+00   +6.9267e-05  |      ---           ---           ---     
n=04:                                1.2863e+04    -4.4631e+03   +4.0505e-04  |      ---           ---           ---     
n=05:                                7.1949e+04    -1.5642e+05   +1.7035e-04  |      ---           ---           ---     
n=06:                                7.6799e+07    +2.4403e+07   -3.1892e-04  |      ---           ---           ---     
