--- multipoles on reference trajectory (rz > 0) ---
effective_length:                   435.06782645598287 mm
perpendicular_grid:                 41 points in [-10.000000,+10.000000] mm
max_fitting_error_normal            0.072/5095.097 G/G
max_fitting_error_skew              354.844/354.844 G/G
r0_for_relative_multipoles          12 mm
main_monomial                       n = 0, skew:False
                                       Nn(s=0)      Integ_Nn     Nn/N0(@r0)   |    Sn(s=0)      Integ_Sn     Sn/S0(@r0)  
<multipole_order n>                    [T/m^n]      [T.m/m^n]        []       |    [T/m^n]      [T.m/m^n]        []      
n=00:                                5.7796e-01    -2.5145e-01   +1.0000e+00  |      ---           ---           ---     
n=01:                                7.5864e+00    +3.3758e+00   -1.6110e-01  |      ---           ---           ---     
n=02:                                6.1369e+00    +1.0854e+00   -6.2158e-04  |      ---           ---           ---     
n=03:                                1.2127e+02    -2.2311e+01   +1.5332e-04  |      ---           ---           ---     
n=04:                                1.4358e+04    -7.6790e+02   +6.3324e-05  |      ---           ---           ---     
n=05:                                4.0998e+05    -1.3572e+05   +1.3431e-04  |      ---           ---           ---     
n=06:                                1.0144e+08    +3.3489e+06   -3.9768e-05  |      ---           ---           ---     
