--- multipoles on reference trajectory (rz > 0) ---
effective_length:                   433.3567515730261 mm
perpendicular_grid:                 41 points in [-10.000000,+10.000000] mm
max_fitting_error_normal            0.057/6067.577 G/G
max_fitting_error_skew              323.706/323.706 G/G
r0_for_relative_multipoles          12 mm
main_monomial                       n = 0, skew:False
                                       Nn(s=0)      Integ_Nn     Nn/N0(@r0)   |    Sn(s=0)      Integ_Sn     Sn/S0(@r0)  
<multipole_order n>                    [T/m^n]      [T.m/m^n]        []       |    [T/m^n]      [T.m/m^n]        []      
n=00:                                5.2651e-01    -2.2817e-01   +1.0000e+00  |      ---           ---           ---     
n=01:                                6.9605e+00    +3.0596e+00   -1.6091e-01  |      ---           ---           ---     
n=02:                                4.0334e+00    +8.3369e-01   -5.2615e-04  |      ---           ---           ---     
n=03:                                9.6782e+01    -2.1219e+01   +1.6070e-04  |      ---           ---           ---     
n=04:                                6.3138e+03    -1.3409e+03   +1.2186e-04  |      ---           ---           ---     
n=05:                                2.6554e+05    -9.6155e+04   +1.0486e-04  |      ---           ---           ---     
n=06:                                3.6054e+07    +4.0199e+06   -5.2607e-05  |      ---           ---           ---     
