--- multipoles on reference trajectory (rz > 0) ---
effective_length:                   434.5066177321874 mm
perpendicular_grid:                 41 points in [-10.000000,+10.000000] mm
max_fitting_error_normal            0.034/6373.976 G/G
max_fitting_error_skew              349.340/349.340 G/G
r0_for_relative_multipoles          12 mm
main_monomial                       n = 0, skew:False
                                       Nn(s=0)      Integ_Nn     Nn/N0(@r0)   |    Sn(s=0)      Integ_Sn     Sn/S0(@r0)  
<multipole_order n>                    [T/m^n]      [T.m/m^n]        []       |    [T/m^n]      [T.m/m^n]        []      
n=00:                                5.5089e-01    -2.3937e-01   +1.0000e+00  |      ---           ---           ---     
n=01:                                7.2255e+00    +3.2134e+00   -1.6110e-01  |      ---           ---           ---     
n=02:                                5.9782e+00    +7.7678e-01   -4.6730e-04  |      ---           ---           ---     
n=03:                                2.1471e+01    -4.8792e-01   +3.5223e-06  |      ---           ---           ---     
n=04:                                1.1956e+04    +1.0156e+03   -8.7979e-05  |      ---           ---           ---     
n=05:                                2.3455e+05    -1.8260e+05   +1.8982e-04  |      ---           ---           ---     
n=06:                                7.7080e+07    -4.8528e+06   +6.0536e-05  |      ---           ---           ---     
