--- multipoles on reference trajectory (rz > 0) ---
effective_length:                   435.62191702976594 mm
perpendicular_grid:                 41 points in [-10.000000,+10.000000] mm
max_fitting_error_normal            0.024/4975.628 G/G
max_fitting_error_skew              321.629/321.629 G/G
r0_for_relative_multipoles          12 mm
main_monomial                       n = 0, skew:False
                                       Nn(s=0)      Integ_Nn     Nn/N0(@r0)   |    Sn(s=0)      Integ_Sn     Sn/S0(@r0)  
<multipole_order n>                    [T/m^n]      [T.m/m^n]        []       |    [T/m^n]      [T.m/m^n]        []      
n=00:                                5.2333e-01    -2.2797e-01   +1.0000e+00  |      ---           ---           ---     
n=01:                                6.8777e+00    +3.0604e+00   -1.6109e-01  |      ---           ---           ---     
n=02:                                4.8529e+00    +7.1440e-01   -4.5125e-04  |      ---           ---           ---     
n=03:                                7.3957e+01    -3.7738e+01   +2.8604e-04  |      ---           ---           ---     
n=04:                                1.9164e+03    +2.5924e+03   -2.3580e-04  |      ---           ---           ---     
n=05:                                1.5468e+05    +2.8617e+04   -3.1236e-05  |      ---           ---           ---     
n=06:                                1.9038e+07    -1.7207e+07   +2.2537e-04  |      ---           ---           ---     
