--- multipoles on reference trajectory (rz > 0) ---
effective_length:                   436.6802282613395 mm
perpendicular_grid:                 41 points in [-10.000000,+10.000000] mm
max_fitting_error_normal            0.025/4871.518 G/G
max_fitting_error_skew              336.948/336.948 G/G
r0_for_relative_multipoles          12 mm
main_monomial                       n = 0, skew:False
                                       Nn(s=0)      Integ_Nn     Nn/N0(@r0)   |    Sn(s=0)      Integ_Sn     Sn/S0(@r0)  
<multipole_order n>                    [T/m^n]      [T.m/m^n]        []       |    [T/m^n]      [T.m/m^n]        []      
n=00:                                5.5155e-01    -2.4085e-01   +1.0000e+00  |      ---           ---           ---     
n=01:                                7.2306e+00    +3.2366e+00   -1.6126e-01  |      ---           ---           ---     
n=02:                                5.0702e+00    +7.1046e-01   -4.2477e-04  |      ---           ---           ---     
n=03:                                1.2872e+01    -4.2494e+01   +3.0488e-04  |      ---           ---           ---     
n=04:                                4.4276e+03    +1.7180e+03   -1.4791e-04  |      ---           ---           ---     
n=05:                                2.7004e+05    +3.6106e+04   -3.7303e-05  |      ---           ---           ---     
n=06:                                4.4401e+06    -7.0729e+06   +8.7688e-05  |      ---           ---           ---     
