--- multipoles on reference trajectory (rz > 0) ---
effective_length:                   436.94158014950995 mm
perpendicular_grid:                 41 points in [-10.000000,+10.000000] mm
max_fitting_error_normal            0.051/4046.240 G/G
max_fitting_error_skew              349.385/349.385 G/G
r0_for_relative_multipoles          12 mm
main_monomial                       n = 0, skew:False
                                       Nn(s=0)      Integ_Nn     Nn/N0(@r0)   |    Sn(s=0)      Integ_Sn     Sn/S0(@r0)  
<multipole_order n>                    [T/m^n]      [T.m/m^n]        []       |    [T/m^n]      [T.m/m^n]        []      
n=00:                                5.7644e-01    -2.5187e-01   +1.0000e+00  |      ---           ---           ---     
n=01:                                7.5302e+00    +3.3751e+00   -1.6080e-01  |      ---           ---           ---     
n=02:                                7.1111e+00    +1.0323e+00   -5.9017e-04  |      ---           ---           ---     
n=03:                                4.2201e+00    -8.1616e+00   +5.5994e-05  |      ---           ---           ---     
n=04:                                2.3541e+04    -1.0862e+03   +8.9428e-05  |      ---           ---           ---     
n=05:                                3.8100e+05    -1.3974e+05   +1.3806e-04  |      ---           ---           ---     
n=06:                                1.5092e+08    +3.2149e+06   -3.8113e-05  |      ---           ---           ---     
