--- multipoles on reference trajectory (rz > 0) ---
effective_length:                   434.46203558023836 mm
perpendicular_grid:                 41 points in [-10.000000,+10.000000] mm
max_fitting_error_normal            0.022/4576.385 G/G
max_fitting_error_skew              322.080/322.080 G/G
r0_for_relative_multipoles          12 mm
main_monomial                       n = 0, skew:False
                                       Nn(s=0)      Integ_Nn     Nn/N0(@r0)   |    Sn(s=0)      Integ_Sn     Sn/S0(@r0)  
<multipole_order n>                    [T/m^n]      [T.m/m^n]        []       |    [T/m^n]      [T.m/m^n]        []      
n=00:                                5.2715e-01    -2.2903e-01   +1.0000e+00  |      ---           ---           ---     
n=01:                                6.9311e+00    +3.0647e+00   -1.6058e-01  |      ---           ---           ---     
n=02:                                4.6040e+00    +1.0216e+00   -6.4231e-04  |      ---           ---           ---     
n=03:                                1.4153e+02    -4.2305e+01   +3.1919e-04  |      ---           ---           ---     
n=04:                                8.6204e+03    -3.5725e+03   +3.2346e-04  |      ---           ---           ---     
n=05:                                5.2699e+05    +7.4182e+04   -8.0597e-05  |      ---           ---           ---     
n=06:                                5.5612e+07    +1.8493e+07   -2.4110e-04  |      ---           ---           ---     
