--- multipoles on reference trajectory (rz > 0) ---
effective_length:                   435.0270541656908 mm
perpendicular_grid:                 41 points in [-10.000000,+10.000000] mm
max_fitting_error_normal            0.044/4877.057 G/G
max_fitting_error_skew              335.025/335.025 G/G
r0_for_relative_multipoles          12 mm
main_monomial                       n = 0, skew:False
                                       Nn(s=0)      Integ_Nn     Nn/N0(@r0)   |    Sn(s=0)      Integ_Sn     Sn/S0(@r0)  
<multipole_order n>                    [T/m^n]      [T.m/m^n]        []       |    [T/m^n]      [T.m/m^n]        []      
n=00:                                5.5180e-01    -2.4005e-01   +1.0000e+00  |      ---           ---           ---     
n=01:                                7.2217e+00    +3.2122e+00   -1.6058e-01  |      ---           ---           ---     
n=02:                                5.3170e+00    +8.1915e-01   -4.9139e-04  |      ---           ---           ---     
n=03:                                5.5904e+01    -2.2318e+01   +1.6066e-04  |      ---           ---           ---     
n=04:                                5.6758e+02    +1.4417e+03   -1.2454e-04  |      ---           ---           ---     
n=05:                                4.6708e+04    -8.4953e+04   +8.8063e-05  |      ---           ---           ---     
n=06:                                2.8964e+06    -1.0550e+07   +1.3123e-04  |      ---           ---           ---     
