--- multipoles on reference trajectory (rz > 0) ---
effective_length:                   435.0341886499708 mm
perpendicular_grid:                 41 points in [-10.000000,+10.000000] mm
max_fitting_error_normal            0.040/4813.757 G/G
max_fitting_error_skew              343.098/343.098 G/G
r0_for_relative_multipoles          12 mm
main_monomial                       n = 0, skew:False
                                       Nn(s=0)      Integ_Nn     Nn/N0(@r0)   |    Sn(s=0)      Integ_Sn     Sn/S0(@r0)  
<multipole_order n>                    [T/m^n]      [T.m/m^n]        []       |    [T/m^n]      [T.m/m^n]        []      
n=00:                                5.5079e-01    -2.3961e-01   +1.0000e+00  |      ---           ---           ---     
n=01:                                7.2167e+00    +3.2188e+00   -1.6120e-01  |      ---           ---           ---     
n=02:                                5.8656e+00    +9.6513e-01   -5.8001e-04  |      ---           ---           ---     
n=03:                                2.6782e+00    -6.6336e+00   +4.7839e-05  |      ---           ---           ---     
n=04:                                4.7511e+03    -2.6724e+03   +2.3126e-04  |      ---           ---           ---     
n=05:                                2.1843e+05    -9.7493e+04   +1.0124e-04  |      ---           ---           ---     
n=06:                                2.2114e+07    +1.4089e+07   -1.7557e-04  |      ---           ---           ---     
