--- multipoles on reference trajectory (rz > 0) ---
effective_length:                   435.0417462519435 mm
perpendicular_grid:                 41 points in [-10.000000,+10.000000] mm
max_fitting_error_normal            0.040/6065.477 G/G
max_fitting_error_skew              318.059/318.059 G/G
r0_for_relative_multipoles          12 mm
main_monomial                       n = 0, skew:False
                                       Nn(s=0)      Integ_Nn     Nn/N0(@r0)   |    Sn(s=0)      Integ_Sn     Sn/S0(@r0)  
<multipole_order n>                    [T/m^n]      [T.m/m^n]        []       |    [T/m^n]      [T.m/m^n]        []      
n=00:                                5.2401e-01    -2.2797e-01   +1.0000e+00  |      ---           ---           ---     
n=01:                                6.8948e+00    +3.0618e+00   -1.6117e-01  |      ---           ---           ---     
n=02:                                4.2421e+00    +7.5001e-01   -4.7376e-04  |      ---           ---           ---     
n=03:                                4.5977e+01    -2.2116e+01   +1.6764e-04  |      ---           ---           ---     
n=04:                                8.0145e+03    +6.2704e+02   -5.7036e-05  |      ---           ---           ---     
n=05:                                1.3699e+04    -5.0480e+04   +5.5101e-05  |      ---           ---           ---     
n=06:                                3.1103e+07    +2.0969e+05   -2.7466e-06  |      ---           ---           ---     
