--- multipoles on reference trajectory (rz > 0) ---
effective_length:                   434.80688992626 mm
perpendicular_grid:                 41 points in [-10.000000,+10.000000] mm
max_fitting_error_normal            0.038/4866.394 G/G
max_fitting_error_skew              344.867/344.867 G/G
r0_for_relative_multipoles          12 mm
main_monomial                       n = 0, skew:False
                                       Nn(s=0)      Integ_Nn     Nn/N0(@r0)   |    Sn(s=0)      Integ_Sn     Sn/S0(@r0)  
<multipole_order n>                    [T/m^n]      [T.m/m^n]        []       |    [T/m^n]      [T.m/m^n]        []      
n=00:                                5.5186e-01    -2.3995e-01   +1.0000e+00  |      ---           ---           ---     
n=01:                                7.2528e+00    +3.2202e+00   -1.6104e-01  |      ---           ---           ---     
n=02:                                5.0699e+00    +7.6660e-01   -4.6005e-04  |      ---           ---           ---     
n=03:                                2.0821e+01    -6.8221e+00   +4.9129e-05  |      ---           ---           ---     
n=04:                                3.3928e+03    +3.9098e+03   -3.3787e-04  |      ---           ---           ---     
n=05:                                4.5463e+05    -1.5149e+05   +1.5709e-04  |      ---           ---           ---     
n=06:                                1.9469e+07    -2.0165e+07   +2.5093e-04  |      ---           ---           ---     
