--- multipoles on reference trajectory (rz > 0) ---
effective_length:                   433.7788415272545 mm
perpendicular_grid:                 41 points in [-10.000000,+10.000000] mm
max_fitting_error_normal            0.078/6705.963 G/G
max_fitting_error_skew              356.279/356.279 G/G
r0_for_relative_multipoles          12 mm
main_monomial                       n = 0, skew:False
                                       Nn(s=0)      Integ_Nn     Nn/N0(@r0)   |    Sn(s=0)      Integ_Sn     Sn/S0(@r0)  
<multipole_order n>                    [T/m^n]      [T.m/m^n]        []       |    [T/m^n]      [T.m/m^n]        []      
n=00:                                5.8140e-01    -2.5220e-01   +1.0000e+00  |      ---           ---           ---     
n=01:                                7.6349e+00    +3.3751e+00   -1.6060e-01  |      ---           ---           ---     
n=02:                                4.4551e+00    +8.1907e-01   -4.6767e-04  |      ---           ---           ---     
n=03:                                6.9689e+01    -3.9204e+01   +2.6862e-04  |      ---           ---           ---     
n=04:                                1.2013e+04    +5.2511e+03   -4.3175e-04  |      ---           ---           ---     
n=05:                                4.4325e+04    +6.7266e+04   -6.6368e-05  |      ---           ---           ---     
n=06:                                7.6000e+07    -3.6864e+07   +4.3647e-04  |      ---           ---           ---     
