--- multipoles on reference trajectory (rz > 0) ---
effective_length:                   434.77775007091145 mm
perpendicular_grid:                 41 points in [-10.000000,+10.000000] mm
max_fitting_error_normal            0.054/4570.197 G/G
max_fitting_error_skew              327.595/327.595 G/G
r0_for_relative_multipoles          12 mm
main_monomial                       n = 0, skew:False
                                       Nn(s=0)      Integ_Nn     Nn/N0(@r0)   |    Sn(s=0)      Integ_Sn     Sn/S0(@r0)  
<multipole_order n>                    [T/m^n]      [T.m/m^n]        []       |    [T/m^n]      [T.m/m^n]        []      
n=00:                                5.2473e-01    -2.2814e-01   +1.0000e+00  |      ---           ---           ---     
n=01:                                6.9045e+00    +3.0642e+00   -1.6117e-01  |      ---           ---           ---     
n=02:                                3.8095e+00    +9.6504e-01   -6.0912e-04  |      ---           ---           ---     
n=03:                                1.9501e+01    -3.8871e+01   +2.9442e-04  |      ---           ---           ---     
n=04:                                2.9599e+04    +9.6220e+02   -8.7455e-05  |      ---           ---           ---     
n=05:                                3.2894e+05    +8.5202e+04   -9.2929e-05  |      ---           ---           ---     
n=06:                                1.9219e+08    -1.1081e+07   +1.4503e-04  |      ---           ---           ---     
