--- multipoles on reference trajectory (rz > 0) ---
effective_length:                   435.6506013556708 mm
perpendicular_grid:                 41 points in [-10.000000,+10.000000] mm
max_fitting_error_normal            0.040/6065.499 G/G
max_fitting_error_skew              318.059/318.059 G/G
r0_for_relative_multipoles          12 mm
main_monomial                       n = 0, skew:False
                                       Nn(s=0)      Integ_Nn     Nn/N0(@r0)   |    Sn(s=0)      Integ_Sn     Sn/S0(@r0)  
<multipole_order n>                    [T/m^n]      [T.m/m^n]        []       |    [T/m^n]      [T.m/m^n]        []      
n=00:                                5.2401e-01    -2.2829e-01   +1.0000e+00  |      ---           ---           ---     
n=01:                                6.8948e+00    +3.0661e+00   -1.6117e-01  |      ---           ---           ---     
n=02:                                4.2421e+00    +7.5176e-01   -4.7420e-04  |      ---           ---           ---     
n=03:                                4.5977e+01    -2.2152e+01   +1.6768e-04  |      ---           ---           ---     
n=04:                                8.0145e+03    +6.2898e+02   -5.7133e-05  |      ---           ---           ---     
n=05:                                1.3699e+04    -5.0539e+04   +5.5087e-05  |      ---           ---           ---     
n=06:                                3.1103e+07    +2.0497e+05   -2.6810e-06  |      ---           ---           ---     
