--- multipoles on reference trajectory (rz > 0) ---
effective_length:                   434.1903256900415 mm
perpendicular_grid:                 41 points in [-10.000000,+10.000000] mm
max_fitting_error_normal            0.053/4408.453 G/G
max_fitting_error_skew              339.387/339.387 G/G
r0_for_relative_multipoles          12 mm
main_monomial                       n = 0, skew:False
                                       Nn(s=0)      Integ_Nn     Nn/N0(@r0)   |    Sn(s=0)      Integ_Sn     Sn/S0(@r0)  
<multipole_order n>                    [T/m^n]      [T.m/m^n]        []       |    [T/m^n]      [T.m/m^n]        []      
n=00:                                5.5646e-01    -2.4161e-01   +1.0000e+00  |      ---           ---           ---     
n=01:                                7.2902e+00    +3.2343e+00   -1.6064e-01  |      ---           ---           ---     
n=02:                                5.7732e+00    +1.0787e+00   -6.4290e-04  |      ---           ---           ---     
n=03:                                9.7791e+01    -2.6944e+01   +1.9270e-04  |      ---           ---           ---     
n=04:                                7.3444e+03    -1.4196e+03   +1.2184e-04  |      ---           ---           ---     
n=05:                                2.4526e+05    -6.0982e+04   +6.2805e-05  |      ---           ---           ---     
n=06:                                4.6439e+07    +6.9137e+06   -8.5444e-05  |      ---           ---           ---     
