--- multipoles on reference trajectory (rz > 0) ---
effective_length:                   433.44087350823423 mm
perpendicular_grid:                 41 points in [-10.000000,+10.000000] mm
max_fitting_error_normal            0.034/4634.500 G/G
max_fitting_error_skew              321.209/321.209 G/G
r0_for_relative_multipoles          12 mm
main_monomial                       n = 0, skew:False
                                       Nn(s=0)      Integ_Nn     Nn/N0(@r0)   |    Sn(s=0)      Integ_Sn     Sn/S0(@r0)  
<multipole_order n>                    [T/m^n]      [T.m/m^n]        []       |    [T/m^n]      [T.m/m^n]        []      
n=00:                                5.2660e-01    -2.2825e-01   +1.0000e+00  |      ---           ---           ---     
n=01:                                6.9318e+00    +3.0590e+00   -1.6082e-01  |      ---           ---           ---     
n=02:                                4.5597e+00    +9.0176e-01   -5.6891e-04  |      ---           ---           ---     
n=03:                                1.4308e+02    -5.4796e+01   +4.1484e-04  |      ---           ---           ---     
n=04:                                8.0502e+03    -2.9193e+03   +2.6522e-04  |      ---           ---           ---     
n=05:                                5.4116e+05    +1.3798e+05   -1.5043e-04  |      ---           ---           ---     
n=06:                                5.2648e+07    +1.4429e+07   -1.8877e-04  |      ---           ---           ---     
