--- multipoles on reference trajectory (rz > 0) ---
effective_length:                   436.2672270143044 mm
perpendicular_grid:                 41 points in [-10.000000,+10.000000] mm
max_fitting_error_normal            0.060/3544.506 G/G
max_fitting_error_skew              315.734/315.734 G/G
r0_for_relative_multipoles          12 mm
main_monomial                       n = 0, skew:False
                                       Nn(s=0)      Integ_Nn     Nn/N0(@r0)   |    Sn(s=0)      Integ_Sn     Sn/S0(@r0)  
<multipole_order n>                    [T/m^n]      [T.m/m^n]        []       |    [T/m^n]      [T.m/m^n]        []      
n=00:                                5.2248e-01    -2.2794e-01   +1.0000e+00  |      ---           ---           ---     
n=01:                                6.8441e+00    +3.0599e+00   -1.6109e-01  |      ---           ---           ---     
n=02:                                5.2260e+00    +7.2645e-01   -4.5893e-04  |      ---           ---           ---     
n=03:                                1.6772e+02    -4.1605e+01   +3.1540e-04  |      ---           ---           ---     
n=04:                                3.0203e+03    +5.6276e+02   -5.1195e-05  |      ---           ---           ---     
n=05:                                7.7091e+05    +5.4031e+04   -5.8983e-05  |      ---           ---           ---     
n=06:                                2.5045e+07    -4.8218e+06   +6.3165e-05  |      ---           ---           ---     
