--- multipoles on reference trajectory (rz > 0) ---
effective_length:                   435.85316229708417 mm
perpendicular_grid:                 41 points in [-10.000000,+10.000000] mm
max_fitting_error_normal            0.036/4458.049 G/G
max_fitting_error_skew              337.930/337.930 G/G
r0_for_relative_multipoles          12 mm
main_monomial                       n = 0, skew:False
                                       Nn(s=0)      Integ_Nn     Nn/N0(@r0)   |    Sn(s=0)      Integ_Sn     Sn/S0(@r0)  
<multipole_order n>                    [T/m^n]      [T.m/m^n]        []       |    [T/m^n]      [T.m/m^n]        []      
n=00:                                5.5198e-01    -2.4058e-01   +1.0000e+00  |      ---           ---           ---     
n=01:                                7.2300e+00    +3.2307e+00   -1.6115e-01  |      ---           ---           ---     
n=02:                                5.0721e+00    +7.2922e-01   -4.3648e-04  |      ---           ---           ---     
n=03:                                1.4088e+01    -1.7176e+01   +1.2337e-04  |      ---           ---           ---     
n=04:                                4.5237e+03    +1.7333e+02   -1.4939e-05  |      ---           ---           ---     
n=05:                                2.6676e+05    -1.0123e+05   +1.0470e-04  |      ---           ---           ---     
n=06:                                4.5810e+06    +2.0516e+06   -2.5464e-05  |      ---           ---           ---     
