--- multipoles on reference trajectory (rz > 0) ---
effective_length:                   434.4017137751142 mm
perpendicular_grid:                 41 points in [-10.000000,+10.000000] mm
max_fitting_error_normal            0.031/6712.278 G/G
max_fitting_error_skew              361.553/361.553 G/G
r0_for_relative_multipoles          12 mm
main_monomial                       n = 0, skew:False
                                       Nn(s=0)      Integ_Nn     Nn/N0(@r0)   |    Sn(s=0)      Integ_Sn     Sn/S0(@r0)  
<multipole_order n>                    [T/m^n]      [T.m/m^n]        []       |    [T/m^n]      [T.m/m^n]        []      
n=00:                                5.8083e-01    -2.5231e-01   +1.0000e+00  |      ---           ---           ---     
n=01:                                7.6109e+00    +3.3750e+00   -1.6052e-01  |      ---           ---           ---     
n=02:                                6.0028e+00    +1.2443e+00   -7.1017e-04  |      ---           ---           ---     
n=03:                                3.0288e+01    -2.8388e+01   +1.9442e-04  |      ---           ---           ---     
n=04:                                5.0262e+02    -2.0841e+03   +1.7128e-04  |      ---           ---           ---     
n=05:                                1.9574e+05    +1.1102e+04   -1.0949e-05  |      ---           ---           ---     
n=06:                                1.0631e+07    +8.0323e+06   -9.5058e-05  |      ---           ---           ---     
