--- multipoles on reference trajectory (rz > 0) ---
effective_length:                   435.6158494406023 mm
perpendicular_grid:                 41 points in [-10.000000,+10.000000] mm
max_fitting_error_normal            0.036/6065.819 G/G
max_fitting_error_skew              320.699/320.699 G/G
r0_for_relative_multipoles          12 mm
main_monomial                       n = 0, skew:False
                                       Nn(s=0)      Integ_Nn     Nn/N0(@r0)   |    Sn(s=0)      Integ_Sn     Sn/S0(@r0)  
<multipole_order n>                    [T/m^n]      [T.m/m^n]        []       |    [T/m^n]      [T.m/m^n]        []      
n=00:                                5.2299e-01    -2.2782e-01   +1.0000e+00  |      ---           ---           ---     
n=01:                                6.8590e+00    +3.0630e+00   -1.6133e-01  |      ---           ---           ---     
n=02:                                5.0358e+00    +7.9692e-01   -5.0370e-04  |      ---           ---           ---     
n=03:                                2.0811e+01    -2.4292e+01   +1.8425e-04  |      ---           ---           ---     
n=04:                                1.5409e+03    -8.8737e+01   +8.0766e-06  |      ---           ---           ---     
n=05:                                5.1491e+05    -5.0671e+04   +5.5343e-05  |      ---           ---           ---     
n=06:                                9.4914e+05    +1.2307e+06   -1.6130e-05  |      ---           ---           ---     
