--- multipoles on reference trajectory (rz > 0) ---
effective_length:                   435.19134674717736 mm
perpendicular_grid:                 41 points in [-10.000000,+10.000000] mm
max_fitting_error_normal            0.035/2779.906 G/G
max_fitting_error_skew              338.594/338.594 G/G
r0_for_relative_multipoles          12 mm
main_monomial                       n = 0, skew:False
                                       Nn(s=0)      Integ_Nn     Nn/N0(@r0)   |    Sn(s=0)      Integ_Sn     Sn/S0(@r0)  
<multipole_order n>                    [T/m^n]      [T.m/m^n]        []       |    [T/m^n]      [T.m/m^n]        []      
n=00:                                5.5311e-01    -2.4071e-01   +1.0000e+00  |      ---           ---           ---     
n=01:                                7.2312e+00    +3.2172e+00   -1.6039e-01  |      ---           ---           ---     
n=02:                                5.2533e+00    +7.6558e-01   -4.5799e-04  |      ---           ---           ---     
n=03:                                5.2931e+01    -1.5184e+01   +1.0900e-04  |      ---           ---           ---     
n=04:                                5.9698e+03    -8.0779e+02   +6.9587e-05  |      ---           ---           ---     
n=05:                                1.0321e+05    -1.0669e+05   +1.1029e-04  |      ---           ---           ---     
n=06:                                4.4427e+07    +6.6422e+06   -8.2396e-05  |      ---           ---           ---     
