--- multipoles on reference trajectory (rz > 0) ---
effective_length:                   435.5173178387367 mm
perpendicular_grid:                 41 points in [-10.000000,+10.000000] mm
max_fitting_error_normal            0.038/4875.450 G/G
max_fitting_error_skew              345.986/345.986 G/G
r0_for_relative_multipoles          12 mm
main_monomial                       n = 0, skew:False
                                       Nn(s=0)      Integ_Nn     Nn/N0(@r0)   |    Sn(s=0)      Integ_Sn     Sn/S0(@r0)  
<multipole_order n>                    [T/m^n]      [T.m/m^n]        []       |    [T/m^n]      [T.m/m^n]        []      
n=00:                                5.5276e-01    -2.4074e-01   +1.0000e+00  |      ---           ---           ---     
n=01:                                7.2481e+00    +3.2202e+00   -1.6052e-01  |      ---           ---           ---     
n=02:                                5.5641e+00    +8.8184e-01   -5.2749e-04  |      ---           ---           ---     
n=03:                                1.2381e+02    -2.1981e+01   +1.5778e-04  |      ---           ---           ---     
n=04:                                7.5910e+02    +4.5196e+03   -3.8930e-04  |      ---           ---           ---     
n=05:                                1.1401e+06    -4.0120e+04   +4.1469e-05  |      ---           ---           ---     
n=06:                                3.1726e+06    -2.4423e+07   +3.0293e-04  |      ---           ---           ---     
