--- multipoles on reference trajectory (rz > 0) ---
effective_length:                   433.4289309195353 mm
perpendicular_grid:                 41 points in [-10.000000,+10.000000] mm
max_fitting_error_normal            0.035/4622.785 G/G
max_fitting_error_skew              320.572/320.572 G/G
r0_for_relative_multipoles          12 mm
main_monomial                       n = 0, skew:False
                                       Nn(s=0)      Integ_Nn     Nn/N0(@r0)   |    Sn(s=0)      Integ_Sn     Sn/S0(@r0)  
<multipole_order n>                    [T/m^n]      [T.m/m^n]        []       |    [T/m^n]      [T.m/m^n]        []      
n=00:                                5.2547e-01    -2.2775e-01   +1.0000e+00  |      ---           ---           ---     
n=01:                                6.9332e+00    +3.0593e+00   -1.6119e-01  |      ---           ---           ---     
n=02:                                4.4672e+00    +8.6951e-01   -5.4976e-04  |      ---           ---           ---     
n=03:                                1.4572e+02    -5.6123e+01   +4.2581e-04  |      ---           ---           ---     
n=04:                                6.8175e+03    -2.6128e+03   +2.3788e-04  |      ---           ---           ---     
n=05:                                5.6613e+05    +1.4633e+05   -1.5987e-04  |      ---           ---           ---     
n=06:                                4.6133e+07    +1.2838e+07   -1.6832e-04  |      ---           ---           ---     
