--- multipoles on reference trajectory (rz > 0) ---
effective_length:                   435.02516324045536 mm
perpendicular_grid:                 41 points in [-10.000000,+10.000000] mm
max_fitting_error_normal            0.037/4802.901 G/G
max_fitting_error_skew              342.795/342.795 G/G
r0_for_relative_multipoles          12 mm
main_monomial                       n = 0, skew:False
                                       Nn(s=0)      Integ_Nn     Nn/N0(@r0)   |    Sn(s=0)      Integ_Sn     Sn/S0(@r0)  
<multipole_order n>                    [T/m^n]      [T.m/m^n]        []       |    [T/m^n]      [T.m/m^n]        []      
n=00:                                5.5028e-01    -2.3939e-01   +1.0000e+00  |      ---           ---           ---     
n=01:                                7.2175e+00    +3.2190e+00   -1.6136e-01  |      ---           ---           ---     
n=02:                                5.8630e+00    +9.6253e-01   -5.7900e-04  |      ---           ---           ---     
n=03:                                3.7542e+00    -7.2241e+00   +5.2147e-05  |      ---           ---           ---     
n=04:                                4.7590e+03    -2.6734e+03   +2.3157e-04  |      ---           ---           ---     
n=05:                                2.1203e+05    -9.3347e+04   +9.7030e-05  |      ---           ---           ---     
n=06:                                2.1544e+07    +1.3816e+07   -1.7234e-04  |      ---           ---           ---     
