--- multipoles on reference trajectory (rz > 0) ---
effective_length:                   435.9434887294955 mm
perpendicular_grid:                 41 points in [-10.000000,+10.000000] mm
max_fitting_error_normal            0.060/6396.781 G/G
max_fitting_error_skew              356.115/356.115 G/G
r0_for_relative_multipoles          12 mm
main_monomial                       n = 0, skew:False
                                       Nn(s=0)      Integ_Nn     Nn/N0(@r0)   |    Sn(s=0)      Integ_Sn     Sn/S0(@r0)  
<multipole_order n>                    [T/m^n]      [T.m/m^n]        []       |    [T/m^n]      [T.m/m^n]        []      
n=00:                                5.5207e-01    -2.4067e-01   +1.0000e+00  |      ---           ---           ---     
n=01:                                7.2062e+00    +3.2159e+00   -1.6035e-01  |      ---           ---           ---     
n=02:                                5.2370e+00    +6.8267e-01   -4.0846e-04  |      ---           ---           ---     
n=03:                                1.1716e+02    -5.1388e+01   +3.6897e-04  |      ---           ---           ---     
n=04:                                3.4778e+03    +1.5935e+03   -1.3730e-04  |      ---           ---           ---     
n=05:                                2.3720e+05    +1.0236e+05   -1.0583e-04  |      ---           ---           ---     
n=06:                                1.7631e+07    -1.2087e+07   +1.4997e-04  |      ---           ---           ---     
