--- multipoles on reference trajectory (rz > 0) ---
effective_length:                   436.6421894285052 mm
perpendicular_grid:                 41 points in [-10.000000,+10.000000] mm
max_fitting_error_normal            0.034/3942.386 G/G
max_fitting_error_skew              319.658/319.658 G/G
r0_for_relative_multipoles          12 mm
main_monomial                       n = 0, skew:False
                                       Nn(s=0)      Integ_Nn     Nn/N0(@r0)   |    Sn(s=0)      Integ_Sn     Sn/S0(@r0)  
<multipole_order n>                    [T/m^n]      [T.m/m^n]        []       |    [T/m^n]      [T.m/m^n]        []      
n=00:                                5.2439e-01    -2.2897e-01   +1.0000e+00  |      ---           ---           ---     
n=01:                                6.8519e+00    +3.0650e+00   -1.6063e-01  |      ---           ---           ---     
n=02:                                5.5132e+00    +1.0160e+00   -6.3894e-04  |      ---           ---           ---     
n=03:                                2.8159e+01    -2.2510e+01   +1.6988e-04  |      ---           ---           ---     
n=04:                                5.3188e+03    -2.8497e+03   +2.5807e-04  |      ---           ---           ---     
n=05:                                6.2172e+05    -4.8493e+04   +5.2699e-05  |      ---           ---           ---     
n=06:                                2.6623e+07    +1.1082e+07   -1.4452e-04  |      ---           ---           ---     
