--- multipoles on reference trajectory (rz > 0) ---
effective_length:                   434.74742905709564 mm
perpendicular_grid:                 41 points in [-10.000000,+10.000000] mm
max_fitting_error_normal            0.049/4597.883 G/G
max_fitting_error_skew              352.356/352.356 G/G
r0_for_relative_multipoles          12 mm
main_monomial                       n = 0, skew:False
                                       Nn(s=0)      Integ_Nn     Nn/N0(@r0)   |    Sn(s=0)      Integ_Sn     Sn/S0(@r0)  
<multipole_order n>                    [T/m^n]      [T.m/m^n]        []       |    [T/m^n]      [T.m/m^n]        []      
n=00:                                5.7983e-01    -2.5208e-01   +1.0000e+00  |      ---           ---           ---     
n=01:                                7.5899e+00    +3.3677e+00   -1.6031e-01  |      ---           ---           ---     
n=02:                                5.2980e+00    +7.9364e-01   -4.5337e-04  |      ---           ---           ---     
n=03:                                5.5771e+01    -2.6206e+01   +1.7964e-04  |      ---           ---           ---     
n=04:                                5.8198e+03    +3.6012e+03   -2.9623e-04  |      ---           ---           ---     
n=05:                                1.0668e+05    -4.4538e+04   +4.3965e-05  |      ---           ---           ---     
n=06:                                3.7890e+07    -2.3345e+07   +2.7653e-04  |      ---           ---           ---     
