--- multipoles on reference trajectory (rz > 0) ---
effective_length:                   434.102322871503 mm
perpendicular_grid:                 41 points in [-10.000000,+10.000000] mm
max_fitting_error_normal            0.043/6069.581 G/G
max_fitting_error_skew              319.820/319.820 G/G
r0_for_relative_multipoles          12 mm
main_monomial                       n = 0, skew:False
                                       Nn(s=0)      Integ_Nn     Nn/N0(@r0)   |    Sn(s=0)      Integ_Sn     Sn/S0(@r0)  
<multipole_order n>                    [T/m^n]      [T.m/m^n]        []       |    [T/m^n]      [T.m/m^n]        []      
n=00:                                5.2515e-01    -2.2797e-01   +1.0000e+00  |      ---           ---           ---     
n=01:                                6.9079e+00    +3.0629e+00   -1.6123e-01  |      ---           ---           ---     
n=02:                                4.3466e+00    +8.8748e-01   -5.6059e-04  |      ---           ---           ---     
n=03:                                4.8752e+01    -2.0885e+01   +1.5831e-04  |      ---           ---           ---     
n=04:                                1.4044e+04    +5.4982e+02   -5.0012e-05  |      ---           ---           ---     
n=05:                                6.2983e+04    -4.8883e+04   +5.3357e-05  |      ---           ---           ---     
n=06:                                7.4506e+07    -3.4445e+06   +4.5117e-05  |      ---           ---           ---     
