--- multipoles on reference trajectory (rz > 0) ---
effective_length:                   436.62697618327763 mm
perpendicular_grid:                 41 points in [-10.000000,+10.000000] mm
max_fitting_error_normal            0.034/4841.915 G/G
max_fitting_error_skew              328.382/328.382 G/G
r0_for_relative_multipoles          12 mm
main_monomial                       n = 0, skew:False
                                       Nn(s=0)      Integ_Nn     Nn/N0(@r0)   |    Sn(s=0)      Integ_Sn     Sn/S0(@r0)  
<multipole_order n>                    [T/m^n]      [T.m/m^n]        []       |    [T/m^n]      [T.m/m^n]        []      
n=00:                                5.4917e-01    -2.3978e-01   +1.0000e+00  |      ---           ---           ---     
n=01:                                7.1952e+00    +3.2199e+00   -1.6114e-01  |      ---           ---           ---     
n=02:                                5.4146e+00    +8.6510e-01   -5.1953e-04  |      ---           ---           ---     
n=03:                                6.3341e+01    -3.2137e+01   +2.3160e-04  |      ---           ---           ---     
n=04:                                4.2252e+03    -2.5627e+03   +2.2161e-04  |      ---           ---           ---     
n=05:                                9.7560e+04    +1.2634e+04   -1.3111e-05  |      ---           ---           ---     
n=06:                                4.7757e+07    +1.7577e+07   -2.1889e-04  |      ---           ---           ---     
