--- multipoles on reference trajectory (rz > 0) ---
effective_length:                   435.5370967944886 mm
perpendicular_grid:                 41 points in [-10.000000,+10.000000] mm
max_fitting_error_normal            0.041/6689.052 G/G
max_fitting_error_skew              361.782/361.782 G/G
r0_for_relative_multipoles          12 mm
main_monomial                       n = 0, skew:False
                                       Nn(s=0)      Integ_Nn     Nn/N0(@r0)   |    Sn(s=0)      Integ_Sn     Sn/S0(@r0)  
<multipole_order n>                    [T/m^n]      [T.m/m^n]        []       |    [T/m^n]      [T.m/m^n]        []      
n=00:                                5.7742e-01    -2.5149e-01   +1.0000e+00  |      ---           ---           ---     
n=01:                                7.6037e+00    +3.3766e+00   -1.6112e-01  |      ---           ---           ---     
n=02:                                5.8615e+00    +1.1976e+00   -6.8576e-04  |      ---           ---           ---     
n=03:                                5.0020e+01    -3.1103e+01   +2.1371e-04  |      ---           ---           ---     
n=04:                                8.8796e+03    -3.2589e+02   +2.6870e-05  |      ---           ---           ---     
n=05:                                8.8810e+04    +5.1056e+04   -5.0517e-05  |      ---           ---           ---     
n=06:                                5.6894e+07    -3.4904e+06   +4.1442e-05  |      ---           ---           ---     
