--- multipoles on reference trajectory (rz > 0) ---
effective_length:                   435.7877829650252 mm
perpendicular_grid:                 41 points in [-10.000000,+10.000000] mm
max_fitting_error_normal            0.035/6696.903 G/G
max_fitting_error_skew              364.308/364.308 G/G
r0_for_relative_multipoles          12 mm
main_monomial                       n = 0, skew:False
                                       Nn(s=0)      Integ_Nn     Nn/N0(@r0)   |    Sn(s=0)      Integ_Sn     Sn/S0(@r0)  
<multipole_order n>                    [T/m^n]      [T.m/m^n]        []       |    [T/m^n]      [T.m/m^n]        []      
n=00:                                5.7789e-01    -2.5184e-01   +1.0000e+00  |      ---           ---           ---     
n=01:                                7.5734e+00    +3.3781e+00   -1.6096e-01  |      ---           ---           ---     
n=02:                                6.3925e+00    +1.2646e+00   -7.2309e-04  |      ---           ---           ---     
n=03:                                3.9972e+01    -1.6191e+01   +1.1109e-04  |      ---           ---           ---     
n=04:                                7.9897e+03    -3.4699e+03   +2.8571e-04  |      ---           ---           ---     
n=05:                                1.6987e+05    -9.4479e+04   +9.3351e-05  |      ---           ---           ---     
n=06:                                5.0954e+07    +1.5709e+07   -1.8625e-04  |      ---           ---           ---     
