--- multipoles on reference trajectory (rz > 0) ---
effective_length:                   436.2020444342383 mm
perpendicular_grid:                 41 points in [-10.000000,+10.000000] mm
max_fitting_error_normal            0.189/6271.267 G/G
max_fitting_error_skew              8.166/8.166 G/G
r0_for_relative_multipoles          12 mm
main_monomial                       n = 0, skew:False
                                       Nn(s=0)      Integ_Nn     Nn/N0(@r0)   |    Sn(s=0)      Integ_Sn     Sn/S0(@r0)  
<multipole_order n>                    [T/m^n]      [T.m/m^n]        []       |    [T/m^n]      [T.m/m^n]        []      
n=00:                                5.6096e-01    -2.4469e-01   +1.0000e+00  |      ---           ---           ---     
n=01:                                7.3532e+00    +3.2891e+00   -1.6130e-01  |      ---           ---           ---     
n=02:                                5.8343e+00    +7.2772e-01   -4.2826e-04  |      ---           ---           ---     
n=03:                                3.1715e+01    -1.4322e+01   +1.0114e-04  |      ---           ---           ---     
n=04:                                5.9937e+03    -8.6256e+02   +7.3096e-05  |      ---           ---           ---     
n=05:                                7.3756e+05    -7.6517e+04   +7.7812e-05  |      ---           ---           ---     
n=06:                                2.3004e+07    +1.1447e+06   -1.3969e-05  |      ---           ---           ---     
