--- multipoles on reference trajectory (rz > 0) ---
effective_length:                   434.23834165400285 mm
perpendicular_grid:                 41 points in [-10.000000,+10.000000] mm
max_fitting_error_normal            0.046/6399.449 G/G
max_fitting_error_skew              328.079/328.079 G/G
r0_for_relative_multipoles          12 mm
main_monomial                       n = 0, skew:False
                                       Nn(s=0)      Integ_Nn     Nn/N0(@r0)   |    Sn(s=0)      Integ_Sn     Sn/S0(@r0)  
<multipole_order n>                    [T/m^n]      [T.m/m^n]        []       |    [T/m^n]      [T.m/m^n]        []      
n=00:                                5.5365e-01    -2.4041e-01   +1.0000e+00  |      ---           ---           ---     
n=01:                                7.2752e+00    +3.2278e+00   -1.6111e-01  |      ---           ---           ---     
n=02:                                4.8931e+00    +7.0953e-01   -4.2498e-04  |      ---           ---           ---     
n=03:                                1.7288e+01    -1.2993e+01   +9.3390e-05  |      ---           ---           ---     
n=04:                                4.5575e+03    +7.0062e+02   -6.0429e-05  |      ---           ---           ---     
n=05:                                5.3386e+05    -1.7310e+05   +1.7916e-04  |      ---           ---           ---     
n=06:                                4.5854e+07    -2.4307e+06   +3.0190e-05  |      ---           ---           ---     
