--- multipoles on reference trajectory (rz > 0) ---
effective_length:                   435.53701497925226 mm
perpendicular_grid:                 41 points in [-10.000000,+10.000000] mm
max_fitting_error_normal            0.038/3801.936 G/G
max_fitting_error_skew              345.192/345.192 G/G
r0_for_relative_multipoles          12 mm
main_monomial                       n = 0, skew:False
                                       Nn(s=0)      Integ_Nn     Nn/N0(@r0)   |    Sn(s=0)      Integ_Sn     Sn/S0(@r0)  
<multipole_order n>                    [T/m^n]      [T.m/m^n]        []       |    [T/m^n]      [T.m/m^n]        []      
n=00:                                5.5454e-01    -2.4152e-01   +1.0000e+00  |      ---           ---           ---     
n=01:                                7.2592e+00    +3.2330e+00   -1.6063e-01  |      ---           ---           ---     
n=02:                                5.9513e+00    +1.0770e+00   -6.4211e-04  |      ---           ---           ---     
n=03:                                1.2589e+02    -3.0039e+01   +2.1491e-04  |      ---           ---           ---     
n=04:                                5.8818e+03    -2.5942e+03   +2.2273e-04  |      ---           ---           ---     
n=05:                                5.5729e+05    -5.4699e+03   +5.6354e-06  |      ---           ---           ---     
n=06:                                2.8408e+07    +1.0993e+07   -1.3590e-04  |      ---           ---           ---     
