--- multipoles on reference trajectory (rz > 0) ---
effective_length:                   435.99082403169683 mm
perpendicular_grid:                 41 points in [-10.000000,+10.000000] mm
max_fitting_error_normal            0.051/4438.325 G/G
max_fitting_error_skew              338.312/338.312 G/G
r0_for_relative_multipoles          12 mm
main_monomial                       n = 0, skew:False
                                       Nn(s=0)      Integ_Nn     Nn/N0(@r0)   |    Sn(s=0)      Integ_Sn     Sn/S0(@r0)  
<multipole_order n>                    [T/m^n]      [T.m/m^n]        []       |    [T/m^n]      [T.m/m^n]        []      
n=00:                                5.2259e-01    -2.2784e-01   +1.0000e+00  |      ---           ---           ---     
n=01:                                6.8496e+00    +3.0606e+00   -1.6120e-01  |      ---           ---           ---     
n=02:                                6.0502e+00    +1.0964e+00   -6.9291e-04  |      ---           ---           ---     
n=03:                                1.9982e+02    -3.0506e+01   +2.3136e-04  |      ---           ---           ---     
n=04:                                3.6167e+03    -2.7893e+03   +2.5385e-04  |      ---           ---           ---     
n=05:                                1.0863e+06    +3.2013e+04   -3.4962e-05  |      ---           ---           ---     
n=06:                                5.1474e+06    +9.3972e+06   -1.2315e-04  |      ---           ---           ---     
