--- multipoles on reference trajectory (rz > 0) ---
effective_length:                   435.50247003496025 mm
perpendicular_grid:                 41 points in [-10.000000,+10.000000] mm
max_fitting_error_normal            0.036/4883.202 G/G
max_fitting_error_skew              346.464/346.464 G/G
r0_for_relative_multipoles          12 mm
main_monomial                       n = 0, skew:False
                                       Nn(s=0)      Integ_Nn     Nn/N0(@r0)   |    Sn(s=0)      Integ_Sn     Sn/S0(@r0)  
<multipole_order n>                    [T/m^n]      [T.m/m^n]        []       |    [T/m^n]      [T.m/m^n]        []      
n=00:                                5.5342e-01    -2.4101e-01   +1.0000e+00  |      ---           ---           ---     
n=01:                                7.2912e+00    +3.2357e+00   -1.6110e-01  |      ---           ---           ---     
n=02:                                6.4571e+00    +1.1366e+00   -6.7908e-04  |      ---           ---           ---     
n=03:                                7.4646e+01    -1.7352e+01   +1.2441e-04  |      ---           ---           ---     
n=04:                                2.0547e+04    -2.0719e+03   +1.7826e-04  |      ---           ---           ---     
n=05:                                1.3689e+05    -1.0266e+05   +1.0598e-04  |      ---           ---           ---     
n=06:                                1.2557e+08    +1.1344e+07   -1.4055e-04  |      ---           ---           ---     
