--- multipoles on reference trajectory (rz > 0) ---
effective_length:                   436.32709577300824 mm
perpendicular_grid:                 41 points in [-10.000000,+10.000000] mm
max_fitting_error_normal            0.035/4900.088 G/G
max_fitting_error_skew              358.688/358.688 G/G
r0_for_relative_multipoles          12 mm
main_monomial                       n = 0, skew:False
                                       Nn(s=0)      Integ_Nn     Nn/N0(@r0)   |    Sn(s=0)      Integ_Sn     Sn/S0(@r0)  
<multipole_order n>                    [T/m^n]      [T.m/m^n]        []       |    [T/m^n]      [T.m/m^n]        []      
n=00:                                5.5385e-01    -2.4166e-01   +1.0000e+00  |      ---           ---           ---     
n=01:                                7.2200e+00    +3.2355e+00   -1.6066e-01  |      ---           ---           ---     
n=02:                                5.5252e+00    +8.7162e-01   -5.1938e-04  |      ---           ---           ---     
n=03:                                2.4899e+01    -2.8179e+01   +2.0150e-04  |      ---           ---           ---     
n=04:                                3.2891e+03    -6.9378e+02   +5.9531e-05  |      ---           ---           ---     
n=05:                                1.1025e+05    -8.1471e+03   +8.3889e-06  |      ---           ---           ---     
n=06:                                1.0961e+07    +6.3171e+06   -7.8055e-05  |      ---           ---           ---     
