--- multipoles on reference trajectory (rz > 0) ---
effective_length:                   434.29336575328546 mm
perpendicular_grid:                 41 points in [-10.000000,+10.000000] mm
max_fitting_error_normal            0.029/5787.326 G/G
max_fitting_error_skew              327.853/327.853 G/G
r0_for_relative_multipoles          12 mm
main_monomial                       n = 0, skew:False
                                       Nn(s=0)      Integ_Nn     Nn/N0(@r0)   |    Sn(s=0)      Integ_Sn     Sn/S0(@r0)  
<multipole_order n>                    [T/m^n]      [T.m/m^n]        []       |    [T/m^n]      [T.m/m^n]        []      
n=00:                                5.5344e-01    -2.4036e-01   +1.0000e+00  |      ---           ---           ---     
n=01:                                7.2424e+00    +3.2138e+00   -1.6045e-01  |      ---           ---           ---     
n=02:                                5.2852e+00    +6.7369e-01   -4.0361e-04  |      ---           ---           ---     
n=03:                                1.4519e+01    -2.3851e+01   +1.7147e-04  |      ---           ---           ---     
n=04:                                5.6502e+03    +2.0485e+03   -1.7672e-04  |      ---           ---           ---     
n=05:                                6.1881e+05    -9.1856e+04   +9.5095e-05  |      ---           ---           ---     
n=06:                                2.2043e+07    -1.2268e+07   +1.5241e-04  |      ---           ---           ---     
