--- multipoles on reference trajectory (rz > 0) ---
effective_length:                   436.6338255300616 mm
perpendicular_grid:                 41 points in [-10.000000,+10.000000] mm
max_fitting_error_normal            0.033/4846.417 G/G
max_fitting_error_skew              328.622/328.622 G/G
r0_for_relative_multipoles          12 mm
main_monomial                       n = 0, skew:False
                                       Nn(s=0)      Integ_Nn     Nn/N0(@r0)   |    Sn(s=0)      Integ_Sn     Sn/S0(@r0)  
<multipole_order n>                    [T/m^n]      [T.m/m^n]        []       |    [T/m^n]      [T.m/m^n]        []      
n=00:                                5.4960e-01    -2.3997e-01   +1.0000e+00  |      ---           ---           ---     
n=01:                                7.1946e+00    +3.2198e+00   -1.6101e-01  |      ---           ---           ---     
n=02:                                5.4331e+00    +8.7166e-01   -5.2305e-04  |      ---           ---           ---     
n=03:                                6.3448e+01    -3.1833e+01   +2.2922e-04  |      ---           ---           ---     
n=04:                                4.5079e+03    -2.5975e+03   +2.2445e-04  |      ---           ---           ---     
n=05:                                9.2308e+04    +9.5891e+03   -9.9430e-06  |      ---           ---           ---     
n=06:                                4.9872e+07    +1.7840e+07   -2.2198e-04  |      ---           ---           ---     
