--- multipoles on reference trajectory (rz > 0) ---
effective_length:                   433.360484271046 mm
perpendicular_grid:                 41 points in [-10.000000,+10.000000] mm
max_fitting_error_normal            0.045/4582.633 G/G
max_fitting_error_skew              315.375/315.375 G/G
r0_for_relative_multipoles          12 mm
main_monomial                       n = 0, skew:False
                                       Nn(s=0)      Integ_Nn     Nn/N0(@r0)   |    Sn(s=0)      Integ_Sn     Sn/S0(@r0)  
<multipole_order n>                    [T/m^n]      [T.m/m^n]        []       |    [T/m^n]      [T.m/m^n]        []      
n=00:                                5.2616e-01    -2.2802e-01   +1.0000e+00  |      ---           ---           ---     
n=01:                                6.9420e+00    +3.0644e+00   -1.6127e-01  |      ---           ---           ---     
n=02:                                4.5524e+00    +8.2825e-01   -5.2306e-04  |      ---           ---           ---     
n=03:                                3.3271e+01    -2.6763e+01   +2.0282e-04  |      ---           ---           ---     
n=04:                                5.5746e+02    +2.8018e+03   -2.5479e-04  |      ---           ---           ---     
n=05:                                9.3423e+04    -2.8855e+04   +3.1489e-05  |      ---           ---           ---     
n=06:                                4.2902e+06    -1.7669e+07   +2.3138e-04  |      ---           ---           ---     
