--- multipoles on reference trajectory (rz > 0) ---
effective_length:                   436.6132623086175 mm
perpendicular_grid:                 41 points in [-10.000000,+10.000000] mm
max_fitting_error_normal            0.029/3912.211 G/G
max_fitting_error_skew              318.630/318.630 G/G
r0_for_relative_multipoles          12 mm
main_monomial                       n = 0, skew:False
                                       Nn(s=0)      Integ_Nn     Nn/N0(@r0)   |    Sn(s=0)      Integ_Sn     Sn/S0(@r0)  
<multipole_order n>                    [T/m^n]      [T.m/m^n]        []       |    [T/m^n]      [T.m/m^n]        []      
n=00:                                5.2265e-01    -2.2820e-01   +1.0000e+00  |      ---           ---           ---     
n=01:                                6.8547e+00    +3.0656e+00   -1.6121e-01  |      ---           ---           ---     
n=02:                                5.5581e+00    +9.9810e-01   -6.2984e-04  |      ---           ---           ---     
n=03:                                2.2835e+01    -2.5056e+01   +1.8973e-04  |      ---           ---           ---     
n=04:                                6.9791e+03    -2.9115e+03   +2.6457e-04  |      ---           ---           ---     
n=05:                                5.8529e+05    -3.5591e+04   +3.8809e-05  |      ---           ---           ---     
n=06:                                3.4049e+07    +1.1152e+07   -1.4593e-04  |      ---           ---           ---     
