--- multipoles on reference trajectory (rz > 0) ---
effective_length:                   435.91138166653377 mm
perpendicular_grid:                 41 points in [-10.000000,+10.000000] mm
max_fitting_error_normal            0.032/4872.760 G/G
max_fitting_error_skew              356.304/356.304 G/G
r0_for_relative_multipoles          12 mm
main_monomial                       n = 0, skew:False
                                       Nn(s=0)      Integ_Nn     Nn/N0(@r0)   |    Sn(s=0)      Integ_Sn     Sn/S0(@r0)  
<multipole_order n>                    [T/m^n]      [T.m/m^n]        []       |    [T/m^n]      [T.m/m^n]        []      
n=00:                                5.5221e-01    -2.4071e-01   +1.0000e+00  |      ---           ---           ---     
n=01:                                7.2358e+00    +3.2290e+00   -1.6097e-01  |      ---           ---           ---     
n=02:                                5.4874e+00    +7.5947e-01   -4.5433e-04  |      ---           ---           ---     
n=03:                                7.2165e+01    -4.3100e+01   +3.0940e-04  |      ---           ---           ---     
n=04:                                2.1703e+03    -9.9352e+02   +8.5586e-05  |      ---           ---           ---     
n=05:                                9.1771e+04    +6.7708e+04   -6.9991e-05  |      ---           ---           ---     
n=06:                                1.1236e+07    +2.6914e+06   -3.3386e-05  |      ---           ---           ---     
