--- multipoles on reference trajectory (rz > 0) ---
effective_length:                   434.91326567819834 mm
perpendicular_grid:                 41 points in [-10.000000,+10.000000] mm
max_fitting_error_normal            0.044/4697.945 G/G
max_fitting_error_skew              356.224/356.224 G/G
r0_for_relative_multipoles          12 mm
main_monomial                       n = 0, skew:False
                                       Nn(s=0)      Integ_Nn     Nn/N0(@r0)   |    Sn(s=0)      Integ_Sn     Sn/S0(@r0)  
<multipole_order n>                    [T/m^n]      [T.m/m^n]        []       |    [T/m^n]      [T.m/m^n]        []      
n=00:                                5.5138e-01    -2.3980e-01   +1.0000e+00  |      ---           ---           ---     
n=01:                                7.2498e+00    +3.2187e+00   -1.6107e-01  |      ---           ---           ---     
n=02:                                4.1829e+00    +8.3745e-01   -5.0289e-04  |      ---           ---           ---     
n=03:                                3.7322e+01    -2.6022e+01   +1.8752e-04  |      ---           ---           ---     
n=04:                                1.5385e+04    -4.2183e+01   +3.6476e-06  |      ---           ---           ---     
n=05:                                5.7455e+05    -9.2046e+03   +9.5512e-06  |      ---           ---           ---     
n=06:                                8.4675e+07    +1.6466e+06   -2.0503e-05  |      ---           ---           ---     
