--- multipoles on reference trajectory (rz > 0) ---
effective_length:                   434.64738460903703 mm
perpendicular_grid:                 41 points in [-10.000000,+10.000000] mm
max_fitting_error_normal            0.038/3761.424 G/G
max_fitting_error_skew              339.377/339.377 G/G
r0_for_relative_multipoles          12 mm
main_monomial                       n = 0, skew:False
                                       Nn(s=0)      Integ_Nn     Nn/N0(@r0)   |    Sn(s=0)      Integ_Sn     Sn/S0(@r0)  
<multipole_order n>                    [T/m^n]      [T.m/m^n]        []       |    [T/m^n]      [T.m/m^n]        []      
n=00:                                5.5227e-01    -2.4004e-01   +1.0000e+00  |      ---           ---           ---     
n=01:                                7.2598e+00    +3.2180e+00   -1.6087e-01  |      ---           ---           ---     
n=02:                                4.9222e+00    +8.9236e-01   -5.3532e-04  |      ---           ---           ---     
n=03:                                6.6073e+01    -3.1406e+01   +2.2609e-04  |      ---           ---           ---     
n=04:                                9.2117e+01    -1.2039e+03   +1.0400e-04  |      ---           ---           ---     
n=05:                                2.3338e+04    -1.5275e+04   +1.5835e-05  |      ---           ---           ---     
n=06:                                2.6659e+06    +4.7456e+06   -5.9032e-05  |      ---           ---           ---     
