--- multipoles on reference trajectory (rz > 0) ---
effective_length:                   433.5151657648959 mm
perpendicular_grid:                 41 points in [-10.000000,+10.000000] mm
max_fitting_error_normal            0.043/3209.082 G/G
max_fitting_error_skew              339.232/339.232 G/G
r0_for_relative_multipoles          12 mm
main_monomial                       n = 0, skew:False
                                       Nn(s=0)      Integ_Nn     Nn/N0(@r0)   |    Sn(s=0)      Integ_Sn     Sn/S0(@r0)  
<multipole_order n>                    [T/m^n]      [T.m/m^n]        []       |    [T/m^n]      [T.m/m^n]        []      
n=00:                                5.5227e-01    -2.3942e-01   +1.0000e+00  |      ---           ---           ---     
n=01:                                7.2598e+00    +3.2129e+00   -1.6104e-01  |      ---           ---           ---     
n=02:                                4.9222e+00    +8.0500e-01   -4.8418e-04  |      ---           ---           ---     
n=03:                                6.6073e+01    -4.3208e+01   +3.1185e-04  |      ---           ---           ---     
n=04:                                9.2117e+01    -2.1228e+03   +1.8385e-04  |      ---           ---           ---     
n=05:                                2.3338e+04    +1.2328e+04   -1.2813e-05  |      ---           ---           ---     
n=06:                                2.6659e+06    +1.1768e+07   -1.4677e-04  |      ---           ---           ---     
