--- multipoles on reference trajectory (rz > 0) ---
effective_length:                   437.15308819135385 mm
perpendicular_grid:                 41 points in [-10.000000,+10.000000] mm
max_fitting_error_normal            0.023/6716.272 G/G
max_fitting_error_skew              357.733/357.733 G/G
r0_for_relative_multipoles          12 mm
main_monomial                       n = 0, skew:False
                                       Nn(s=0)      Integ_Nn     Nn/N0(@r0)   |    Sn(s=0)      Integ_Sn     Sn/S0(@r0)  
<multipole_order n>                    [T/m^n]      [T.m/m^n]        []       |    [T/m^n]      [T.m/m^n]        []      
n=00:                                5.7824e-01    -2.5278e-01   +1.0000e+00  |      ---           ---           ---     
n=01:                                7.5262e+00    +3.3769e+00   -1.6031e-01  |      ---           ---           ---     
n=02:                                7.2862e+00    +1.1105e+00   -6.3263e-04  |      ---           ---           ---     
n=03:                                2.6176e+01    -7.1569e+00   +4.8925e-05  |      ---           ---           ---     
n=04:                                7.6460e+03    -5.2644e+02   +4.3185e-05  |      ---           ---           ---     
n=05:                                2.9857e+05    -1.8567e+05   +1.8277e-04  |      ---           ---           ---     
n=06:                                4.3192e+07    -1.7285e+06   +2.0418e-05  |      ---           ---           ---     
