--- multipoles on reference trajectory (rz > 0) ---
effective_length:                   435.96104665671555 mm
perpendicular_grid:                 41 points in [-10.000000,+10.000000] mm
max_fitting_error_normal            0.029/6055.006 G/G
max_fitting_error_skew              335.920/335.920 G/G
r0_for_relative_multipoles          12 mm
main_monomial                       n = 0, skew:False
                                       Nn(s=0)      Integ_Nn     Nn/N0(@r0)   |    Sn(s=0)      Integ_Sn     Sn/S0(@r0)  
<multipole_order n>                    [T/m^n]      [T.m/m^n]        []       |    [T/m^n]      [T.m/m^n]        []      
n=00:                                5.2280e-01    -2.2792e-01   +1.0000e+00  |      ---           ---           ---     
n=01:                                6.8615e+00    +3.0640e+00   -1.6132e-01  |      ---           ---           ---     
n=02:                                4.3477e+00    +7.8888e-01   -4.9841e-04  |      ---           ---           ---     
n=03:                                1.3780e+02    -4.1159e+01   +3.1205e-04  |      ---           ---           ---     
n=04:                                7.0792e+03    -2.2677e+03   +2.0632e-04  |      ---           ---           ---     
n=05:                                4.5350e+05    +6.3101e+04   -6.8891e-05  |      ---           ---           ---     
n=06:                                3.4699e+07    +1.0172e+07   -1.3326e-04  |      ---           ---           ---     
