--- multipoles on reference trajectory (rz > 0) ---
effective_length:                   434.21686530418873 mm
perpendicular_grid:                 41 points in [-10.000000,+10.000000] mm
max_fitting_error_normal            0.061/6073.672 G/G
max_fitting_error_skew              311.079/311.079 G/G
r0_for_relative_multipoles          12 mm
main_monomial                       n = 0, skew:False
                                       Nn(s=0)      Integ_Nn     Nn/N0(@r0)   |    Sn(s=0)      Integ_Sn     Sn/S0(@r0)  
<multipole_order n>                    [T/m^n]      [T.m/m^n]        []       |    [T/m^n]      [T.m/m^n]        []      
n=00:                                5.2581e-01    -2.2832e-01   +1.0000e+00  |      ---           ---           ---     
n=01:                                6.8906e+00    +3.0561e+00   -1.6062e-01  |      ---           ---           ---     
n=02:                                4.9061e+00    +6.5677e-01   -4.1423e-04  |      ---           ---           ---     
n=03:                                2.7389e+01    -6.0976e+00   +4.6149e-05  |      ---           ---           ---     
n=04:                                1.4537e+04    -3.2475e+02   +2.9494e-05  |      ---           ---           ---     
n=05:                                1.1854e+05    -2.2021e+05   +2.4000e-04  |      ---           ---           ---     
n=06:                                1.0061e+08    +5.3346e+06   -6.9767e-05  |      ---           ---           ---     
