--- multipoles on reference trajectory (rz > 0) ---
effective_length:                   434.7991529919191 mm
perpendicular_grid:                 41 points in [-10.000000,+10.000000] mm
max_fitting_error_normal            0.044/5479.335 G/G
max_fitting_error_skew              357.091/357.091 G/G
r0_for_relative_multipoles          12 mm
main_monomial                       n = 0, skew:False
                                       Nn(s=0)      Integ_Nn     Nn/N0(@r0)   |    Sn(s=0)      Integ_Sn     Sn/S0(@r0)  
<multipole_order n>                    [T/m^n]      [T.m/m^n]        []       |    [T/m^n]      [T.m/m^n]        []      
n=00:                                5.5264e-01    -2.4029e-01   +1.0000e+00  |      ---           ---           ---     
n=01:                                7.2483e+00    +3.2163e+00   -1.6062e-01  |      ---           ---           ---     
n=02:                                4.1492e+00    +5.7252e-01   -3.4310e-04  |      ---           ---           ---     
n=03:                                2.9392e+01    -4.5537e+01   +3.2747e-04  |      ---           ---           ---     
n=04:                                1.6432e+04    +6.2704e+03   -5.4112e-04  |      ---           ---           ---     
n=05:                                5.1692e+05    +1.0851e+05   -1.1237e-04  |      ---           ---           ---     
n=06:                                8.9427e+07    -3.5179e+07   +4.3716e-04  |      ---           ---           ---     
