--- multipoles on reference trajectory (rz > 0) ---
effective_length:                   435.06898596590173 mm
perpendicular_grid:                 41 points in [-10.000000,+10.000000] mm
max_fitting_error_normal            0.034/6393.603 G/G
max_fitting_error_skew              338.563/338.563 G/G
r0_for_relative_multipoles          12 mm
main_monomial                       n = 0, skew:False
                                       Nn(s=0)      Integ_Nn     Nn/N0(@r0)   |    Sn(s=0)      Integ_Sn     Sn/S0(@r0)  
<multipole_order n>                    [T/m^n]      [T.m/m^n]        []       |    [T/m^n]      [T.m/m^n]        []      
n=00:                                5.5254e-01    -2.4039e-01   +1.0000e+00  |      ---           ---           ---     
n=01:                                7.2320e+00    +3.2186e+00   -1.6067e-01  |      ---           ---           ---     
n=02:                                5.2321e+00    +9.8557e-01   -5.9038e-04  |      ---           ---           ---     
n=03:                                5.3727e+01    -1.2688e+01   +9.1205e-05  |      ---           ---           ---     
n=04:                                5.6325e+03    -2.3885e+03   +2.0603e-04  |      ---           ---           ---     
n=05:                                1.1273e+05    -9.7602e+04   +1.0103e-04  |      ---           ---           ---     
n=06:                                4.1982e+07    +1.3300e+07   -1.6521e-04  |      ---           ---           ---     
