--- multipoles on reference trajectory (rz > 0) ---
effective_length:                   435.5296095085909 mm
perpendicular_grid:                 41 points in [-10.000000,+10.000000] mm
max_fitting_error_normal            0.059/6080.963 G/G
max_fitting_error_skew              326.553/326.553 G/G
r0_for_relative_multipoles          12 mm
main_monomial                       n = 0, skew:False
                                       Nn(s=0)      Integ_Nn     Nn/N0(@r0)   |    Sn(s=0)      Integ_Sn     Sn/S0(@r0)  
<multipole_order n>                    [T/m^n]      [T.m/m^n]        []       |    [T/m^n]      [T.m/m^n]        []      
n=00:                                5.2550e-01    -2.2887e-01   +1.0000e+00  |      ---           ---           ---     
n=01:                                6.8772e+00    +3.0614e+00   -1.6051e-01  |      ---           ---           ---     
n=02:                                4.9523e+00    +1.0765e+00   -6.7730e-04  |      ---           ---           ---     
n=03:                                1.4418e+02    -2.6659e+01   +2.0128e-04  |      ---           ---           ---     
n=04:                                7.3194e+03    -8.0100e+03   +7.2572e-04  |      ---           ---           ---     
n=05:                                7.4238e+05    -3.0573e+04   +3.3239e-05  |      ---           ---           ---     
n=06:                                7.3333e+07    +4.8094e+07   -6.2746e-04  |      ---           ---           ---     
