--- multipoles on reference trajectory (rz > 0) ---
effective_length:                   435.35093253316546 mm
perpendicular_grid:                 41 points in [-10.000000,+10.000000] mm
max_fitting_error_normal            0.071/4623.461 G/G
max_fitting_error_skew              326.585/326.585 G/G
r0_for_relative_multipoles          12 mm
main_monomial                       n = 0, skew:False
                                       Nn(s=0)      Integ_Nn     Nn/N0(@r0)   |    Sn(s=0)      Integ_Sn     Sn/S0(@r0)  
<multipole_order n>                    [T/m^n]      [T.m/m^n]        []       |    [T/m^n]      [T.m/m^n]        []      
n=00:                                5.2376e-01    -2.2802e-01   +1.0000e+00  |      ---           ---           ---     
n=01:                                6.8795e+00    +3.0643e+00   -1.6127e-01  |      ---           ---           ---     
n=02:                                4.7783e+00    +9.3368e-01   -5.8964e-04  |      ---           ---           ---     
n=03:                                1.4314e+02    -2.2198e+01   +1.6822e-04  |      ---           ---           ---     
n=04:                                4.0933e+03    -2.3842e+03   +2.1682e-04  |      ---           ---           ---     
n=05:                                7.6761e+05    -4.1422e+04   +4.5203e-05  |      ---           ---           ---     
n=06:                                5.4509e+07    +1.4286e+07   -1.8708e-04  |      ---           ---           ---     
