--- multipoles on reference trajectory (rz > 0) ---
effective_length:                   434.8278498549347 mm
perpendicular_grid:                 41 points in [-10.000000,+10.000000] mm
max_fitting_error_normal            0.065/6425.758 G/G
max_fitting_error_skew              347.090/347.090 G/G
r0_for_relative_multipoles          12 mm
main_monomial                       n = 0, skew:False
                                       Nn(s=0)      Integ_Nn     Nn/N0(@r0)   |    Sn(s=0)      Integ_Sn     Sn/S0(@r0)  
<multipole_order n>                    [T/m^n]      [T.m/m^n]        []       |    [T/m^n]      [T.m/m^n]        []      
n=00:                                5.5548e-01    -2.4154e-01   +1.0000e+00  |      ---           ---           ---     
n=01:                                7.2840e+00    +3.2336e+00   -1.6065e-01  |      ---           ---           ---     
n=02:                                5.8122e+00    +1.1867e+00   -7.0748e-04  |      ---           ---           ---     
n=03:                                8.9565e+01    -2.9560e+01   +2.1148e-04  |      ---           ---           ---     
n=04:                                2.3553e+03    -8.1004e+02   +6.9542e-05  |      ---           ---           ---     
n=05:                                3.2728e+05    +7.0061e+04   -7.2176e-05  |      ---           ---           ---     
n=06:                                4.8614e+06    -3.5409e+06   +4.3773e-05  |      ---           ---           ---     
