--- multipoles on reference trajectory (rz > 0) ---
effective_length:                   434.60489490530273 mm
perpendicular_grid:                 41 points in [-10.000000,+10.000000] mm
max_fitting_error_normal            0.048/4889.300 G/G
max_fitting_error_skew              345.104/345.104 G/G
r0_for_relative_multipoles          12 mm
main_monomial                       n = 0, skew:False
                                       Nn(s=0)      Integ_Nn     Nn/N0(@r0)   |    Sn(s=0)      Integ_Sn     Sn/S0(@r0)  
<multipole_order n>                    [T/m^n]      [T.m/m^n]        []       |    [T/m^n]      [T.m/m^n]        []      
n=00:                                5.5545e-01    -2.4140e-01   +1.0000e+00  |      ---           ---           ---     
n=01:                                7.2925e+00    +3.2378e+00   -1.6095e-01  |      ---           ---           ---     
n=02:                                4.1312e+00    +7.1860e-01   -4.2866e-04  |      ---           ---           ---     
n=03:                                7.0429e+00    -2.8236e+01   +2.0212e-04  |      ---           ---           ---     
n=04:                                2.2013e+04    +4.7591e+03   -4.0880e-04  |      ---           ---           ---     
n=05:                                1.5272e+05    +2.9659e+04   -3.0572e-05  |      ---           ---           ---     
n=06:                                1.1567e+08    -2.3774e+07   +2.9407e-04  |      ---           ---           ---     
