--- multipoles on reference trajectory (rz > 0) ---
effective_length:                   436.53562094249514 mm
perpendicular_grid:                 41 points in [-10.000000,+10.000000] mm
max_fitting_error_normal            0.034/4874.508 G/G
max_fitting_error_skew              358.205/358.205 G/G
r0_for_relative_multipoles          12 mm
main_monomial                       n = 0, skew:False
                                       Nn(s=0)      Integ_Nn     Nn/N0(@r0)   |    Sn(s=0)      Integ_Sn     Sn/S0(@r0)  
<multipole_order n>                    [T/m^n]      [T.m/m^n]        []       |    [T/m^n]      [T.m/m^n]        []      
n=00:                                5.5159e-01    -2.4079e-01   +1.0000e+00  |      ---           ---           ---     
n=01:                                7.2234e+00    +3.2363e+00   -1.6128e-01  |      ---           ---           ---     
n=02:                                5.4882e+00    +1.1647e+00   -6.9656e-04  |      ---           ---           ---     
n=03:                                1.6853e+01    -2.3607e+01   +1.6941e-04  |      ---           ---           ---     
n=04:                                3.7109e+03    -3.5999e+03   +3.1001e-04  |      ---           ---           ---     
n=05:                                1.3309e+05    +1.0026e+04   -1.0361e-05  |      ---           ---           ---     
n=06:                                5.8840e+06    +1.9731e+07   -2.4468e-04  |      ---           ---           ---     
