--- multipoles on reference trajectory (rz > 0) ---
effective_length:                   435.9531890023503 mm
perpendicular_grid:                 41 points in [-10.000000,+10.000000] mm
max_fitting_error_normal            0.046/4633.258 G/G
max_fitting_error_skew              334.639/334.639 G/G
r0_for_relative_multipoles          12 mm
main_monomial                       n = 0, skew:False
                                       Nn(s=0)      Integ_Nn     Nn/N0(@r0)   |    Sn(s=0)      Integ_Sn     Sn/S0(@r0)  
<multipole_order n>                    [T/m^n]      [T.m/m^n]        []       |    [T/m^n]      [T.m/m^n]        []      
n=00:                                5.2539e-01    -2.2904e-01   +1.0000e+00  |      ---           ---           ---     
n=01:                                6.8653e+00    +3.0624e+00   -1.6044e-01  |      ---           ---           ---     
n=02:                                5.6253e+00    +9.6857e-01   -6.0894e-04  |      ---           ---           ---     
n=03:                                4.0531e+00    -2.0410e+01   +1.5398e-04  |      ---           ---           ---     
n=04:                                6.6390e+03    -2.2541e+03   +2.0407e-04  |      ---           ---           ---     
n=05:                                3.9998e+05    -2.3885e+04   +2.5948e-05  |      ---           ---           ---     
n=06:                                3.1139e+07    +6.4649e+06   -8.4281e-05  |      ---           ---           ---     
