--- multipoles on reference trajectory (rz > 0) ---
effective_length:                   436.65010324651035 mm
perpendicular_grid:                 41 points in [-10.000000,+10.000000] mm
max_fitting_error_normal            0.043/6402.538 G/G
max_fitting_error_skew              357.732/357.732 G/G
r0_for_relative_multipoles          12 mm
main_monomial                       n = 0, skew:False
                                       Nn(s=0)      Integ_Nn     Nn/N0(@r0)   |    Sn(s=0)      Integ_Sn     Sn/S0(@r0)  
<multipole_order n>                    [T/m^n]      [T.m/m^n]        []       |    [T/m^n]      [T.m/m^n]        []      
n=00:                                5.5141e-01    -2.4077e-01   +1.0000e+00  |      ---           ---           ---     
n=01:                                7.2276e+00    +3.2363e+00   -1.6129e-01  |      ---           ---           ---     
n=02:                                6.5245e+00    +1.1782e+00   -7.0467e-04  |      ---           ---           ---     
n=03:                                1.0890e+02    -2.8292e+01   +2.0305e-04  |      ---           ---           ---     
n=04:                                1.3289e+04    -3.8082e+03   +3.2797e-04  |      ---           ---           ---     
n=05:                                2.7701e+05    -4.1319e+04   +4.2702e-05  |      ---           ---           ---     
n=06:                                9.2473e+07    +2.0218e+07   -2.5074e-04  |      ---           ---           ---     
