--- multipoles on reference trajectory (rz > 0) ---
effective_length:                   436.0316480447514 mm
perpendicular_grid:                 41 points in [-10.000000,+10.000000] mm
max_fitting_error_normal            0.031/6078.300 G/G
max_fitting_error_skew              337.158/337.158 G/G
r0_for_relative_multipoles          12 mm
main_monomial                       n = 0, skew:False
                                       Nn(s=0)      Integ_Nn     Nn/N0(@r0)   |    Sn(s=0)      Integ_Sn     Sn/S0(@r0)  
<multipole_order n>                    [T/m^n]      [T.m/m^n]        []       |    [T/m^n]      [T.m/m^n]        []      
n=00:                                5.2495e-01    -2.2889e-01   +1.0000e+00  |      ---           ---           ---     
n=01:                                6.8587e+00    +3.0634e+00   -1.6060e-01  |      ---           ---           ---     
n=02:                                4.5179e+00    +8.3191e-01   -5.2337e-04  |      ---           ---           ---     
n=03:                                1.4451e+02    -3.8415e+01   +2.9001e-04  |      ---           ---           ---     
n=04:                                5.0103e+03    -2.5485e+03   +2.3087e-04  |      ---           ---           ---     
n=05:                                4.9918e+05    +4.5823e+04   -4.9814e-05  |      ---           ---           ---     
n=06:                                2.3710e+07    +1.1814e+07   -1.5411e-04  |      ---           ---           ---     
