--- multipoles on reference trajectory (rz > 0) ---
effective_length:                   434.60512606862744 mm
perpendicular_grid:                 41 points in [-10.000000,+10.000000] mm
max_fitting_error_normal            0.049/6090.252 G/G
max_fitting_error_skew              326.917/326.917 G/G
r0_for_relative_multipoles          12 mm
main_monomial                       n = 0, skew:False
                                       Nn(s=0)      Integ_Nn     Nn/N0(@r0)   |    Sn(s=0)      Integ_Sn     Sn/S0(@r0)  
<multipole_order n>                    [T/m^n]      [T.m/m^n]        []       |    [T/m^n]      [T.m/m^n]        []      
n=00:                                5.2647e-01    -2.2881e-01   +1.0000e+00  |      ---           ---           ---     
n=01:                                6.9118e+00    +3.0667e+00   -1.6084e-01  |      ---           ---           ---     
n=02:                                4.6759e+00    +1.0280e+00   -6.4697e-04  |      ---           ---           ---     
n=03:                                8.0699e+01    -3.7461e+01   +2.8292e-04  |      ---           ---           ---     
n=04:                                8.0374e+03    -5.7990e+02   +5.2554e-05  |      ---           ---           ---     
n=05:                                2.8150e+05    +1.1405e+05   -1.2404e-04  |      ---           ---           ---     
n=06:                                5.7325e+07    -2.3946e+06   +3.1250e-05  |      ---           ---           ---     
