--- multipoles on reference trajectory (rz > 0) ---
effective_length:                   435.21060095269917 mm
perpendicular_grid:                 41 points in [-10.000000,+10.000000] mm
max_fitting_error_normal            0.025/6423.310 G/G
max_fitting_error_skew              336.023/336.023 G/G
r0_for_relative_multipoles          12 mm
main_monomial                       n = 0, skew:False
                                       Nn(s=0)      Integ_Nn     Nn/N0(@r0)   |    Sn(s=0)      Integ_Sn     Sn/S0(@r0)  
<multipole_order n>                    [T/m^n]      [T.m/m^n]        []       |    [T/m^n]      [T.m/m^n]        []      
n=00:                                5.5551e-01    -2.4176e-01   +1.0000e+00  |      ---           ---           ---     
n=01:                                7.2868e+00    +3.2393e+00   -1.6078e-01  |      ---           ---           ---     
n=02:                                6.0521e+00    +1.0434e+00   -6.2145e-04  |      ---           ---           ---     
n=03:                                2.3973e+01    -1.0791e+01   +7.7128e-05  |      ---           ---           ---     
n=04:                                1.2004e+04    -1.5063e+02   +1.2919e-05  |      ---           ---           ---     
n=05:                                4.7859e+05    -1.2260e+05   +1.2619e-04  |      ---           ---           ---     
n=06:                                7.1346e+07    +5.1643e+05   -6.3783e-06  |      ---           ---           ---     
