--- multipoles on reference trajectory (rz > 0) ---
effective_length:                   435.8991935830043 mm
perpendicular_grid:                 41 points in [-10.000000,+10.000000] mm
max_fitting_error_normal            0.038/3742.437 G/G
max_fitting_error_skew              333.462/333.462 G/G
r0_for_relative_multipoles          12 mm
main_monomial                       n = 0, skew:False
                                       Nn(s=0)      Integ_Nn     Nn/N0(@r0)   |    Sn(s=0)      Integ_Sn     Sn/S0(@r0)  
<multipole_order n>                    [T/m^n]      [T.m/m^n]        []       |    [T/m^n]      [T.m/m^n]        []      
n=00:                                5.5045e-01    -2.3994e-01   +1.0000e+00  |      ---           ---           ---     
n=01:                                7.2273e+00    +3.2223e+00   -1.6116e-01  |      ---           ---           ---     
n=02:                                5.9697e+00    +1.0371e+00   -6.2243e-04  |      ---           ---           ---     
n=03:                                4.1887e+01    -1.7085e+01   +1.2304e-04  |      ---           ---           ---     
n=04:                                2.7322e+03    -8.8892e+02   +7.6822e-05  |      ---           ---           ---     
n=05:                                6.5183e+05    -4.6276e+04   +4.7991e-05  |      ---           ---           ---     
n=06:                                3.8143e+06    +2.6118e+06   -3.2503e-05  |      ---           ---           ---     
