--- multipoles on reference trajectory (rz > 0) ---
effective_length:                   434.80662927258857 mm
perpendicular_grid:                 41 points in [-10.000000,+10.000000] mm
max_fitting_error_normal            0.035/5108.285 G/G
max_fitting_error_skew              359.749/359.749 G/G
r0_for_relative_multipoles          12 mm
main_monomial                       n = 0, skew:False
                                       Nn(s=0)      Integ_Nn     Nn/N0(@r0)   |    Sn(s=0)      Integ_Sn     Sn/S0(@r0)  
<multipole_order n>                    [T/m^n]      [T.m/m^n]        []       |    [T/m^n]      [T.m/m^n]        []      
n=00:                                5.7707e-01    -2.5091e-01   +1.0000e+00  |      ---           ---           ---     
n=01:                                7.5539e+00    +3.3661e+00   -1.6099e-01  |      ---           ---           ---     
n=02:                                5.4891e+00    +9.4823e-01   -5.4420e-04  |      ---           ---           ---     
n=03:                                1.1147e+02    -5.1792e+01   +3.5669e-04  |      ---           ---           ---     
n=04:                                2.0016e+03    -3.1466e+03   +2.6004e-04  |      ---           ---           ---     
n=05:                                2.8839e+05    +9.1343e+04   -9.0586e-05  |      ---           ---           ---     
n=06:                                3.0103e+06    +1.7900e+07   -2.1302e-04  |      ---           ---           ---     
