--- multipoles on reference trajectory (rz > 0) ---
effective_length:                   433.3063626283833 mm
perpendicular_grid:                 41 points in [-10.000000,+10.000000] mm
max_fitting_error_normal            0.044/4861.220 G/G
max_fitting_error_skew              331.462/331.462 G/G
r0_for_relative_multipoles          12 mm
main_monomial                       n = 0, skew:False
                                       Nn(s=0)      Integ_Nn     Nn/N0(@r0)   |    Sn(s=0)      Integ_Sn     Sn/S0(@r0)  
<multipole_order n>                    [T/m^n]      [T.m/m^n]        []       |    [T/m^n]      [T.m/m^n]        []      
n=00:                                5.5344e-01    -2.3981e-01   +1.0000e+00  |      ---           ---           ---     
n=01:                                7.2911e+00    +3.2185e+00   -1.6106e-01  |      ---           ---           ---     
n=02:                                4.0001e+00    +9.4514e-01   -5.6754e-04  |      ---           ---           ---     
n=03:                                4.3206e+01    -3.0777e+01   +2.2177e-04  |      ---           ---           ---     
n=04:                                2.5569e+04    -1.5161e+01   +1.3110e-06  |      ---           ---           ---     
n=05:                                5.7151e+05    +3.1557e+04   -3.2744e-05  |      ---           ---           ---     
n=06:                                1.4703e+08    +1.2872e+06   -1.6027e-05  |      ---           ---           ---     
