--- multipoles on reference trajectory (rz > 0) ---
effective_length:                   435.13007855924207 mm
perpendicular_grid:                 41 points in [-10.000000,+10.000000] mm
max_fitting_error_normal            0.032/4878.293 G/G
max_fitting_error_skew              346.897/346.897 G/G
r0_for_relative_multipoles          12 mm
main_monomial                       n = 0, skew:False
                                       Nn(s=0)      Integ_Nn     Nn/N0(@r0)   |    Sn(s=0)      Integ_Sn     Sn/S0(@r0)  
<multipole_order n>                    [T/m^n]      [T.m/m^n]        []       |    [T/m^n]      [T.m/m^n]        []      
n=00:                                5.5089e-01    -2.3971e-01   +1.0000e+00  |      ---           ---           ---     
n=01:                                7.2255e+00    +3.2178e+00   -1.6108e-01  |      ---           ---           ---     
n=02:                                5.9782e+00    +9.2942e-01   -5.5833e-04  |      ---           ---           ---     
n=03:                                2.1471e+01    -1.4792e+01   +1.0663e-04  |      ---           ---           ---     
n=04:                                1.1956e+04    -7.9699e+02   +6.8943e-05  |      ---           ---           ---     
n=05:                                2.3455e+05    -9.3900e+04   +9.7474e-05  |      ---           ---           ---     
n=06:                                7.7080e+07    +7.5847e+06   -9.4480e-05  |      ---           ---           ---     
