--- multipoles on reference trajectory (rz > 0) ---
effective_length:                   436.72938929538645 mm
perpendicular_grid:                 41 points in [-10.000000,+10.000000] mm
max_fitting_error_normal            0.033/4636.031 G/G
max_fitting_error_skew              320.372/320.372 G/G
r0_for_relative_multipoles          12 mm
main_monomial                       n = 0, skew:False
                                       Nn(s=0)      Integ_Nn     Nn/N0(@r0)   |    Sn(s=0)      Integ_Sn     Sn/S0(@r0)  
<multipole_order n>                    [T/m^n]      [T.m/m^n]        []       |    [T/m^n]      [T.m/m^n]        []      
n=00:                                5.2464e-01    -2.2913e-01   +1.0000e+00  |      ---           ---           ---     
n=01:                                6.8586e+00    +3.0676e+00   -1.6066e-01  |      ---           ---           ---     
n=02:                                5.1061e+00    +8.3082e-01   -5.2215e-04  |      ---           ---           ---     
n=03:                                3.7913e+01    -1.6206e+01   +1.2222e-04  |      ---           ---           ---     
n=04:                                3.4149e+02    +4.8603e+02   -4.3985e-05  |      ---           ---           ---     
n=05:                                6.3793e+05    -5.1758e+04   +5.6210e-05  |      ---           ---           ---     
n=06:                                1.1110e+07    -1.2996e+06   +1.6936e-05  |      ---           ---           ---     
