--- multipoles on reference trajectory (rz > 0) ---
effective_length:                   435.7652884614552 mm
perpendicular_grid:                 41 points in [-10.000000,+10.000000] mm
max_fitting_error_normal            0.028/4890.736 G/G
max_fitting_error_skew              347.569/347.569 G/G
r0_for_relative_multipoles          12 mm
main_monomial                       n = 0, skew:False
                                       Nn(s=0)      Integ_Nn     Nn/N0(@r0)   |    Sn(s=0)      Integ_Sn     Sn/S0(@r0)  
<multipole_order n>                    [T/m^n]      [T.m/m^n]        []       |    [T/m^n]      [T.m/m^n]        []      
n=00:                                5.5206e-01    -2.4057e-01   +1.0000e+00  |      ---           ---           ---     
n=01:                                7.2237e+00    +3.2219e+00   -1.6071e-01  |      ---           ---           ---     
n=02:                                5.9897e+00    +9.3805e-01   -5.6150e-04  |      ---           ---           ---     
n=03:                                1.6704e+01    -1.4913e+01   +1.0712e-04  |      ---           ---           ---     
n=04:                                1.1827e+04    -6.8988e+02   +5.9464e-05  |      ---           ---           ---     
n=05:                                2.7870e+05    -9.5338e+04   +9.8612e-05  |      ---           ---           ---     
n=06:                                7.7729e+07    +7.3346e+06   -9.1038e-05  |      ---           ---           ---     
