--- multipoles on reference trajectory (rz > 0) ---
effective_length:                   435.6458718856565 mm
perpendicular_grid:                 41 points in [-10.000000,+10.000000] mm
max_fitting_error_normal            0.034/5497.159 G/G
max_fitting_error_skew              321.687/321.687 G/G
r0_for_relative_multipoles          12 mm
main_monomial                       n = 0, skew:False
                                       Nn(s=0)      Integ_Nn     Nn/N0(@r0)   |    Sn(s=0)      Integ_Sn     Sn/S0(@r0)  
<multipole_order n>                    [T/m^n]      [T.m/m^n]        []       |    [T/m^n]      [T.m/m^n]        []      
n=00:                                5.2474e-01    -2.2860e-01   +1.0000e+00  |      ---           ---           ---     
n=01:                                6.8565e+00    +3.0626e+00   -1.6076e-01  |      ---           ---           ---     
n=02:                                5.0034e+00    +8.0987e-01   -5.1016e-04  |      ---           ---           ---     
n=03:                                1.8574e+01    -2.4690e+01   +1.8664e-04  |      ---           ---           ---     
n=04:                                2.8013e+03    +1.7386e+02   -1.5770e-05  |      ---           ---           ---     
n=05:                                5.0927e+05    -4.7528e+04   +5.1735e-05  |      ---           ---           ---     
n=06:                                6.0167e+06    -4.2997e+05   +5.6164e-06  |      ---           ---           ---     
