--- multipoles on reference trajectory (rz > 0) ---
effective_length:                   434.5627957533149 mm
perpendicular_grid:                 41 points in [-10.000000,+10.000000] mm
max_fitting_error_normal            0.030/3594.918 G/G
max_fitting_error_skew              340.663/340.663 G/G
r0_for_relative_multipoles          12 mm
main_monomial                       n = 0, skew:False
                                       Nn(s=0)      Integ_Nn     Nn/N0(@r0)   |    Sn(s=0)      Integ_Sn     Sn/S0(@r0)  
<multipole_order n>                    [T/m^n]      [T.m/m^n]        []       |    [T/m^n]      [T.m/m^n]        []      
n=00:                                5.5201e-01    -2.3988e-01   +1.0000e+00  |      ---           ---           ---     
n=01:                                7.2483e+00    +3.2161e+00   -1.6088e-01  |      ---           ---           ---     
n=02:                                5.4459e+00    +1.0675e+00   -6.4083e-04  |      ---           ---           ---     
n=03:                                1.1857e+02    -3.7856e+01   +2.7270e-04  |      ---           ---           ---     
n=04:                                3.2495e+03    -1.5193e+03   +1.3133e-04  |      ---           ---           ---     
n=05:                                3.5796e+05    +4.6549e+04   -4.8286e-05  |      ---           ---           ---     
n=06:                                1.6917e+07    +2.4129e+06   -3.0035e-05  |      ---           ---           ---     
