--- multipoles on reference trajectory (rz > 0) ---
effective_length:                   436.19079805641036 mm
perpendicular_grid:                 41 points in [-10.000000,+10.000000] mm
max_fitting_error_normal            0.053/4881.846 G/G
max_fitting_error_skew              356.584/356.584 G/G
r0_for_relative_multipoles          12 mm
main_monomial                       n = 0, skew:False
                                       Nn(s=0)      Integ_Nn     Nn/N0(@r0)   |    Sn(s=0)      Integ_Sn     Sn/S0(@r0)  
<multipole_order n>                    [T/m^n]      [T.m/m^n]        []       |    [T/m^n]      [T.m/m^n]        []      
n=00:                                5.5184e-01    -2.4071e-01   +1.0000e+00  |      ---           ---           ---     
n=01:                                7.2269e+00    +3.2370e+00   -1.6137e-01  |      ---           ---           ---     
n=02:                                6.5520e+00    +1.1340e+00   -6.7843e-04  |      ---           ---           ---     
n=03:                                1.0723e+02    -4.0393e+01   +2.8998e-04  |      ---           ---           ---     
n=04:                                1.3662e+04    -3.7317e+03   +3.2147e-04  |      ---           ---           ---     
n=05:                                2.5982e+05    +5.9173e+04   -6.1170e-05  |      ---           ---           ---     
n=06:                                9.4907e+07    +2.0679e+07   -2.5652e-04  |      ---           ---           ---     
