--- multipoles on reference trajectory (rz > 0) ---
effective_length:                   435.9480709622712 mm
perpendicular_grid:                 41 points in [-10.000000,+10.000000] mm
max_fitting_error_normal            0.033/5072.538 G/G
max_fitting_error_skew              357.625/357.625 G/G
r0_for_relative_multipoles          12 mm
main_monomial                       n = 0, skew:False
                                       Nn(s=0)      Integ_Nn     Nn/N0(@r0)   |    Sn(s=0)      Integ_Sn     Sn/S0(@r0)  
<multipole_order n>                    [T/m^n]      [T.m/m^n]        []       |    [T/m^n]      [T.m/m^n]        []      
n=00:                                5.5447e-01    -2.4172e-01   +1.0000e+00  |      ---           ---           ---     
n=01:                                7.2323e+00    +3.2284e+00   -1.6027e-01  |      ---           ---           ---     
n=02:                                5.5805e+00    +8.0839e-01   -4.8158e-04  |      ---           ---           ---     
n=03:                                7.0311e+01    -4.1746e+01   +2.9843e-04  |      ---           ---           ---     
n=04:                                3.2251e+03    -1.4134e+03   +1.2125e-04  |      ---           ---           ---     
n=05:                                7.9585e+04    +6.1803e+04   -6.3621e-05  |      ---           ---           ---     
n=06:                                1.8879e+07    +5.3354e+06   -6.5908e-05  |      ---           ---           ---     
