--- multipoles on reference trajectory (rz > 0) ---
effective_length:                   436.70695762318206 mm
perpendicular_grid:                 41 points in [-10.000000,+10.000000] mm
max_fitting_error_normal            0.038/6071.217 G/G
max_fitting_error_skew              375.250/375.250 G/G
r0_for_relative_multipoles          12 mm
main_monomial                       n = 0, skew:False
                                       Nn(s=0)      Integ_Nn     Nn/N0(@r0)   |    Sn(s=0)      Integ_Sn     Sn/S0(@r0)  
<multipole_order n>                    [T/m^n]      [T.m/m^n]        []       |    [T/m^n]      [T.m/m^n]        []      
n=00:                                5.7765e-01    -2.5226e-01   +1.0000e+00  |      ---           ---           ---     
n=01:                                7.5373e+00    +3.3775e+00   -1.6067e-01  |      ---           ---           ---     
n=02:                                5.8479e+00    +1.1010e+00   -6.2847e-04  |      ---           ---           ---     
n=03:                                1.0245e+02    -4.9459e+01   +3.3879e-04  |      ---           ---           ---     
n=04:                                1.3178e+04    +7.1601e+02   -5.8856e-05  |      ---           ---           ---     
n=05:                                1.9672e+05    +1.3067e+05   -1.2890e-04  |      ---           ---           ---     
n=06:                                5.7916e+07    -7.3465e+06   +8.6959e-05  |      ---           ---           ---     
