--- multipoles on reference trajectory (rz > 0) ---
effective_length:                   434.83653404764055 mm
perpendicular_grid:                 41 points in [-10.000000,+10.000000] mm
max_fitting_error_normal            0.065/6431.988 G/G
max_fitting_error_skew              347.410/347.410 G/G
r0_for_relative_multipoles          12 mm
main_monomial                       n = 0, skew:False
                                       Nn(s=0)      Integ_Nn     Nn/N0(@r0)   |    Sn(s=0)      Integ_Sn     Sn/S0(@r0)  
<multipole_order n>                    [T/m^n]      [T.m/m^n]        []       |    [T/m^n]      [T.m/m^n]        []      
n=00:                                5.5606e-01    -2.4180e-01   +1.0000e+00  |      ---           ---           ---     
n=01:                                7.2830e+00    +3.2334e+00   -1.6047e-01  |      ---           ---           ---     
n=02:                                5.8403e+00    +1.1985e+00   -7.1374e-04  |      ---           ---           ---     
n=03:                                8.8262e+01    -2.9035e+01   +2.0750e-04  |      ---           ---           ---     
n=04:                                2.7240e+03    -1.0048e+03   +8.6172e-05  |      ---           ---           ---     
n=05:                                3.2396e+05    +6.8952e+04   -7.0959e-05  |      ---           ---           ---     
n=06:                                2.8765e+06    -2.1542e+06   +2.6602e-05  |      ---           ---           ---     
