--- multipoles on reference trajectory (rz > 0) ---
effective_length:                   435.53038760532706 mm
perpendicular_grid:                 41 points in [-10.000000,+10.000000] mm
max_fitting_error_normal            0.043/3264.786 G/G
max_fitting_error_skew              332.402/332.402 G/G
r0_for_relative_multipoles          12 mm
main_monomial                       n = 0, skew:False
                                       Nn(s=0)      Integ_Nn     Nn/N0(@r0)   |    Sn(s=0)      Integ_Sn     Sn/S0(@r0)  
<multipole_order n>                    [T/m^n]      [T.m/m^n]        []       |    [T/m^n]      [T.m/m^n]        []      
n=00:                                5.4993e-01    -2.3951e-01   +1.0000e+00  |      ---           ---           ---     
n=01:                                7.2281e+00    +3.2223e+00   -1.6144e-01  |      ---           ---           ---     
n=02:                                5.9883e+00    +9.0718e-01   -5.4542e-04  |      ---           ---           ---     
n=03:                                4.0650e+01    -2.3336e+01   +1.6836e-04  |      ---           ---           ---     
n=04:                                3.3085e+03    +2.1607e+03   -1.8707e-04  |      ---           ---           ---     
n=05:                                6.4560e+05    -2.0181e+04   +2.0967e-05  |      ---           ---           ---     
n=06:                                6.6906e+06    -1.5961e+07   +1.9898e-04  |      ---           ---           ---     
