--- multipoles on reference trajectory (rz > 0) ---
effective_length:                   426.2599097261963 mm
perpendicular_grid:                 41 points in [-10.000000,+10.000000] mm
max_fitting_error_normal            0.019/5064.404 G/G
max_fitting_error_skew              0.000/0.000 G/G
r0_for_relative_multipoles          12 mm
main_monomial                       n = 0, skew:False
                                       Nn(s=0)      Integ_Nn     Nn/N0(@r0)   |    Sn(s=0)      Integ_Sn     Sn/S0(@r0)  
<multipole_order n>                    [T/m^n]      [T.m/m^n]        []       |    [T/m^n]      [T.m/m^n]        []      
n=00:                                5.6365e-01    -2.4026e-01   +1.0000e+00  |      ---           ---           ---     
n=01:                                7.6671e+00    +3.2544e+00   -1.6254e-01  |      ---           ---           ---     
n=02:                                2.8971e+00    -1.0676e+00   +6.3985e-04  |      ---           ---           ---     
n=03:                                2.0604e+02    -1.0040e+02   +7.2207e-04  |      ---           ---           ---     
n=04:                                4.2175e+03    -1.4771e+03   +1.2749e-04  |      ---           ---           ---     
n=05:                                1.0400e+05    -1.9715e+04   +2.0419e-05  |      ---           ---           ---     
n=06:                                7.0622e+06    +8.4889e+05   -1.0550e-05  |      ---           ---           ---     
