--- multipoles on reference trajectory (rz > 0) ---
effective_length:                   435.7603111865931 mm
perpendicular_grid:                 41 points in [-10.000000,+10.000000] mm
max_fitting_error_normal            0.052/6691.559 G/G
max_fitting_error_skew              352.005/352.005 G/G
r0_for_relative_multipoles          12 mm
main_monomial                       n = 0, skew:False
                                       Nn(s=0)      Integ_Nn     Nn/N0(@r0)   |    Sn(s=0)      Integ_Sn     Sn/S0(@r0)  
<multipole_order n>                    [T/m^n]      [T.m/m^n]        []       |    [T/m^n]      [T.m/m^n]        []      
n=00:                                5.7790e-01    -2.5183e-01   +1.0000e+00  |      ---           ---           ---     
n=01:                                7.5926e+00    +3.3798e+00   -1.6105e-01  |      ---           ---           ---     
n=02:                                5.2648e+00    +1.0011e+00   -5.7246e-04  |      ---           ---           ---     
n=03:                                5.3174e+01    -3.2036e+01   +2.1983e-04  |      ---           ---           ---     
n=04:                                5.3763e+03    -1.3124e+03   +1.0807e-04  |      ---           ---           ---     
n=05:                                1.2989e+05    -4.4797e+04   +4.4264e-05  |      ---           ---           ---     
n=06:                                3.5460e+07    +7.5944e+06   -9.0050e-05  |      ---           ---           ---     
