--- multipoles on reference trajectory (rz > 0) ---
effective_length:                   436.12862421858006 mm
perpendicular_grid:                 41 points in [-10.000000,+10.000000] mm
max_fitting_error_normal            0.029/6426.944 G/G
max_fitting_error_skew              330.403/330.403 G/G
r0_for_relative_multipoles          12 mm
main_monomial                       n = 0, skew:False
                                       Nn(s=0)      Integ_Nn     Nn/N0(@r0)   |    Sn(s=0)      Integ_Sn     Sn/S0(@r0)  
<multipole_order n>                    [T/m^n]      [T.m/m^n]        []       |    [T/m^n]      [T.m/m^n]        []      
n=00:                                5.5391e-01    -2.4158e-01   +1.0000e+00  |      ---           ---           ---     
n=01:                                7.2195e+00    +3.2304e+00   -1.6047e-01  |      ---           ---           ---     
n=02:                                6.6833e+00    +1.0885e+00   -6.4886e-04  |      ---           ---           ---     
n=03:                                4.1682e+01    -3.7870e+01   +2.7088e-04  |      ---           ---           ---     
n=04:                                1.5440e+04    -1.7628e+03   +1.5131e-04  |      ---           ---           ---     
n=05:                                1.9470e+05    +1.9975e+04   -2.0575e-05  |      ---           ---           ---     
n=06:                                8.2859e+07    +3.4862e+06   -4.3090e-05  |      ---           ---           ---     
