--- multipoles on reference trajectory (rz > 0) ---
effective_length:                   436.6442593234756 mm
perpendicular_grid:                 41 points in [-10.000000,+10.000000] mm
max_fitting_error_normal            0.050/5793.256 G/G
max_fitting_error_skew              329.993/329.993 G/G
r0_for_relative_multipoles          12 mm
main_monomial                       n = 0, skew:False
                                       Nn(s=0)      Integ_Nn     Nn/N0(@r0)   |    Sn(s=0)      Integ_Sn     Sn/S0(@r0)  
<multipole_order n>                    [T/m^n]      [T.m/m^n]        []       |    [T/m^n]      [T.m/m^n]        []      
n=00:                                5.5217e-01    -2.4110e-01   +1.0000e+00  |      ---           ---           ---     
n=01:                                7.2226e+00    +3.2314e+00   -1.6083e-01  |      ---           ---           ---     
n=02:                                6.6488e+00    +1.0805e+00   -6.4536e-04  |      ---           ---           ---     
n=03:                                5.2618e+01    -3.7918e+00   +2.7176e-05  |      ---           ---           ---     
n=04:                                1.5620e+04    -2.1506e+03   +1.8497e-04  |      ---           ---           ---     
n=05:                                1.1780e+05    -1.8459e+05   +1.9051e-04  |      ---           ---           ---     
n=06:                                8.2791e+07    +7.5045e+06   -9.2941e-05  |      ---           ---           ---     
