--- multipoles on reference trajectory (rz > 0) ---
effective_length:                   435.21800054556746 mm
perpendicular_grid:                 41 points in [-10.000000,+10.000000] mm
max_fitting_error_normal            0.040/3148.790 G/G
max_fitting_error_skew              343.222/343.222 G/G
r0_for_relative_multipoles          12 mm
main_monomial                       n = 0, skew:False
                                       Nn(s=0)      Integ_Nn     Nn/N0(@r0)   |    Sn(s=0)      Integ_Sn     Sn/S0(@r0)  
<multipole_order n>                    [T/m^n]      [T.m/m^n]        []       |    [T/m^n]      [T.m/m^n]        []      
n=00:                                5.5615e-01    -2.4205e-01   +1.0000e+00  |      ---           ---           ---     
n=01:                                7.2707e+00    +3.2334e+00   -1.6030e-01  |      ---           ---           ---     
n=02:                                5.2870e+00    +9.9668e-01   -5.9295e-04  |      ---           ---           ---     
n=03:                                4.5874e+00    -2.7086e+01   +1.9337e-04  |      ---           ---           ---     
n=04:                                3.3336e+03    -1.3898e+03   +1.1906e-04  |      ---           ---           ---     
n=05:                                2.8505e+05    +9.4284e+03   -9.6927e-06  |      ---           ---           ---     
n=06:                                3.4028e+07    +4.6819e+06   -5.7757e-05  |      ---           ---           ---     
