--- multipoles on reference trajectory (rz > 0) ---
effective_length:                   435.7257259110243 mm
perpendicular_grid:                 41 points in [-10.000000,+10.000000] mm
max_fitting_error_normal            0.044/4906.689 G/G
max_fitting_error_skew              337.155/337.155 G/G
r0_for_relative_multipoles          12 mm
main_monomial                       n = 0, skew:False
                                       Nn(s=0)      Integ_Nn     Nn/N0(@r0)   |    Sn(s=0)      Integ_Sn     Sn/S0(@r0)  
<multipole_order n>                    [T/m^n]      [T.m/m^n]        []       |    [T/m^n]      [T.m/m^n]        []      
n=00:                                5.5455e-01    -2.4163e-01   +1.0000e+00  |      ---           ---           ---     
n=01:                                7.2723e+00    +3.2363e+00   -1.6072e-01  |      ---           ---           ---     
n=02:                                6.4148e+00    +1.1179e+00   -6.6619e-04  |      ---           ---           ---     
n=03:                                1.5924e+01    -1.0132e+01   +7.2460e-05  |      ---           ---           ---     
n=04:                                2.7588e+04    -4.8251e+03   +4.1407e-04  |      ---           ---           ---     
n=05:                                1.9068e+05    -1.3559e+05   +1.3963e-04  |      ---           ---           ---     
n=06:                                1.6106e+08    +2.6306e+07   -3.2507e-04  |      ---           ---           ---     
