--- multipoles on reference trajectory (rz > 0) ---
effective_length:                   435.0732913863064 mm
perpendicular_grid:                 41 points in [-10.000000,+10.000000] mm
max_fitting_error_normal            0.071/5099.820 G/G
max_fitting_error_skew              355.094/355.094 G/G
r0_for_relative_multipoles          12 mm
main_monomial                       n = 0, skew:False
                                       Nn(s=0)      Integ_Nn     Nn/N0(@r0)   |    Sn(s=0)      Integ_Sn     Sn/S0(@r0)  
<multipole_order n>                    [T/m^n]      [T.m/m^n]        []       |    [T/m^n]      [T.m/m^n]        []      
n=00:                                5.7841e-01    -2.5165e-01   +1.0000e+00  |      ---           ---           ---     
n=01:                                7.5857e+00    +3.3757e+00   -1.6097e-01  |      ---           ---           ---     
n=02:                                6.1704e+00    +1.0861e+00   -6.2150e-04  |      ---           ---           ---     
n=03:                                1.1955e+02    -2.2210e+01   +1.5251e-04  |      ---           ---           ---     
n=04:                                1.4908e+04    -6.1469e+02   +5.0650e-05  |      ---           ---           ---     
n=05:                                3.9177e+05    -1.3607e+05   +1.3455e-04  |      ---           ---           ---     
n=06:                                1.0503e+08    +2.4088e+06   -2.8582e-05  |      ---           ---           ---     
