--- multipoles on reference trajectory (rz > 0) ---
effective_length:                   433.96653052162253 mm
perpendicular_grid:                 41 points in [-10.000000,+10.000000] mm
max_fitting_error_normal            0.056/6707.968 G/G
max_fitting_error_skew              356.379/356.379 G/G
r0_for_relative_multipoles          12 mm
main_monomial                       n = 0, skew:False
                                       Nn(s=0)      Integ_Nn     Nn/N0(@r0)   |    Sn(s=0)      Integ_Sn     Sn/S0(@r0)  
<multipole_order n>                    [T/m^n]      [T.m/m^n]        []       |    [T/m^n]      [T.m/m^n]        []      
n=00:                                5.8027e-01    -2.5182e-01   +1.0000e+00  |      ---           ---           ---     
n=01:                                7.5914e+00    +3.3713e+00   -1.6065e-01  |      ---           ---           ---     
n=02:                                6.0018e+00    +1.0081e+00   -5.7649e-04  |      ---           ---           ---     
n=03:                                3.4743e+01    -3.1227e+01   +2.1428e-04  |      ---           ---           ---     
n=04:                                8.6175e+03    -2.8454e+03   +2.3431e-04  |      ---           ---           ---     
n=05:                                2.7382e+05    -5.9922e+04   +5.9211e-05  |      ---           ---           ---     
n=06:                                6.7033e+07    +1.8548e+07   -2.1994e-04  |      ---           ---           ---     
