--- multipoles on reference trajectory (rz > 0) ---
effective_length:                   434.43138151899535 mm
perpendicular_grid:                 41 points in [-10.000000,+10.000000] mm
max_fitting_error_normal            0.044/4520.487 G/G
max_fitting_error_skew              335.000/335.000 G/G
r0_for_relative_multipoles          12 mm
main_monomial                       n = 0, skew:False
                                       Nn(s=0)      Integ_Nn     Nn/N0(@r0)   |    Sn(s=0)      Integ_Sn     Sn/S0(@r0)  
<multipole_order n>                    [T/m^n]      [T.m/m^n]        []       |    [T/m^n]      [T.m/m^n]        []      
n=00:                                5.5546e-01    -2.4131e-01   +1.0000e+00  |      ---           ---           ---     
n=01:                                7.2766e+00    +3.2319e+00   -1.6072e-01  |      ---           ---           ---     
n=02:                                6.4891e+00    +1.3355e+00   -7.9693e-04  |      ---           ---           ---     
n=03:                                1.7106e+02    -3.5481e+01   +2.5408e-04  |      ---           ---           ---     
n=04:                                1.9207e+04    -7.3507e+03   +6.3165e-04  |      ---           ---           ---     
n=05:                                8.4261e+05    +1.7833e+04   -1.8389e-05  |      ---           ---           ---     
n=06:                                1.1401e+08    +3.9813e+07   -4.9265e-04  |      ---           ---           ---     
