--- multipoles on reference trajectory (rz > 0) ---
effective_length:                   436.31567902034527 mm
perpendicular_grid:                 41 points in [-10.000000,+10.000000] mm
max_fitting_error_normal            0.036/4893.906 G/G
max_fitting_error_skew              358.362/358.362 G/G
r0_for_relative_multipoles          12 mm
main_monomial                       n = 0, skew:False
                                       Nn(s=0)      Integ_Nn     Nn/N0(@r0)   |    Sn(s=0)      Integ_Sn     Sn/S0(@r0)  
<multipole_order n>                    [T/m^n]      [T.m/m^n]        []       |    [T/m^n]      [T.m/m^n]        []      
n=00:                                5.5327e-01    -2.4140e-01   +1.0000e+00  |      ---           ---           ---     
n=01:                                7.2209e+00    +3.2356e+00   -1.6084e-01  |      ---           ---           ---     
n=02:                                5.5159e+00    +8.6491e-01   -5.1593e-04  |      ---           ---           ---     
n=03:                                2.2855e+01    -2.8182e+01   +2.0173e-04  |      ---           ---           ---     
n=04:                                3.3718e+03    -6.9886e+02   +6.0031e-05  |      ---           ---           ---     
n=05:                                1.1559e+05    -7.4358e+03   +7.6647e-06  |      ---           ---           ---     
n=06:                                9.8985e+06    +6.3329e+06   -7.8335e-05  |      ---           ---           ---     
