--- multipoles on reference trajectory (rz > 0) ---
effective_length:                   435.3827683227595 mm
perpendicular_grid:                 41 points in [-10.000000,+10.000000] mm
max_fitting_error_normal            0.029/4872.255 G/G
max_fitting_error_skew              343.484/343.484 G/G
r0_for_relative_multipoles          12 mm
main_monomial                       n = 0, skew:False
                                       Nn(s=0)      Integ_Nn     Nn/N0(@r0)   |    Sn(s=0)      Integ_Sn     Sn/S0(@r0)  
<multipole_order n>                    [T/m^n]      [T.m/m^n]        []       |    [T/m^n]      [T.m/m^n]        []      
n=00:                                5.5256e-01    -2.4057e-01   +1.0000e+00  |      ---           ---           ---     
n=01:                                7.2315e+00    +3.2213e+00   -1.6068e-01  |      ---           ---           ---     
n=02:                                5.8610e+00    +1.2278e+00   -7.3490e-04  |      ---           ---           ---     
n=03:                                8.3677e+01    -3.0156e+01   +2.1661e-04  |      ---           ---           ---     
n=04:                                1.3316e+03    -3.1491e+03   +2.7144e-04  |      ---           ---           ---     
n=05:                                3.0365e+05    +6.3313e+04   -6.5486e-05  |      ---           ---           ---     
n=06:                                7.0539e+06    +1.2387e+07   -1.5374e-04  |      ---           ---           ---     
