--- multipoles on reference trajectory (rz > 0) ---
effective_length:                   436.59912495446724 mm
perpendicular_grid:                 41 points in [-10.000000,+10.000000] mm
max_fitting_error_normal            0.042/5115.276 G/G
max_fitting_error_skew              376.112/376.112 G/G
r0_for_relative_multipoles          12 mm
main_monomial                       n = 0, skew:False
                                       Nn(s=0)      Integ_Nn     Nn/N0(@r0)   |    Sn(s=0)      Integ_Sn     Sn/S0(@r0)  
<multipole_order n>                    [T/m^n]      [T.m/m^n]        []       |    [T/m^n]      [T.m/m^n]        []      
n=00:                                5.7849e-01    -2.5257e-01   +1.0000e+00  |      ---           ---           ---     
n=01:                                7.5363e+00    +3.3781e+00   -1.6050e-01  |      ---           ---           ---     
n=02:                                6.9021e+00    +1.2517e+00   -7.1367e-04  |      ---           ---           ---     
n=03:                                6.1892e+01    -2.8138e+01   +1.9252e-04  |      ---           ---           ---     
n=04:                                8.1045e+03    -2.5174e+03   +2.0668e-04  |      ---           ---           ---     
n=05:                                5.1604e+04    -8.9696e+03   +8.8369e-06  |      ---           ---           ---     
n=06:                                5.0749e+07    +1.2469e+07   -1.4742e-04  |      ---           ---           ---     
