--- multipoles on reference trajectory (rz > 0) ---
effective_length:                   434.0720181663315 mm
perpendicular_grid:                 41 points in [-10.000000,+10.000000] mm
max_fitting_error_normal            0.037/3755.604 G/G
max_fitting_error_skew              321.715/321.715 G/G
r0_for_relative_multipoles          12 mm
main_monomial                       n = 0, skew:False
                                       Nn(s=0)      Integ_Nn     Nn/N0(@r0)   |    Sn(s=0)      Integ_Sn     Sn/S0(@r0)  
<multipole_order n>                    [T/m^n]      [T.m/m^n]        []       |    [T/m^n]      [T.m/m^n]        []      
n=00:                                5.2464e-01    -2.2773e-01   +1.0000e+00  |      ---           ---           ---     
n=01:                                6.9084e+00    +3.0600e+00   -1.6124e-01  |      ---           ---           ---     
n=02:                                5.0162e+00    +8.2455e-01   -5.2139e-04  |      ---           ---           ---     
n=03:                                3.8774e+01    -2.8770e+01   +2.1831e-04  |      ---           ---           ---     
n=04:                                1.1133e+04    -3.9868e+03   +3.6302e-04  |      ---           ---           ---     
n=05:                                1.4851e+05    -3.9017e+04   +4.2632e-05  |      ---           ---           ---     
n=06:                                6.9273e+07    +2.2246e+07   -2.9169e-04  |      ---           ---           ---     
