--- multipoles on reference trajectory (rz > 0) ---
effective_length:                   435.0619711114019 mm
perpendicular_grid:                 41 points in [-10.000000,+10.000000] mm
max_fitting_error_normal            0.039/6066.915 G/G
max_fitting_error_skew              331.733/331.733 G/G
r0_for_relative_multipoles          12 mm
main_monomial                       n = 0, skew:False
                                       Nn(s=0)      Integ_Nn     Nn/N0(@r0)   |    Sn(s=0)      Integ_Sn     Sn/S0(@r0)  
<multipole_order n>                    [T/m^n]      [T.m/m^n]        []       |    [T/m^n]      [T.m/m^n]        []      
n=00:                                5.2384e-01    -2.2790e-01   +1.0000e+00  |      ---           ---           ---     
n=01:                                6.8762e+00    +3.0616e+00   -1.6120e-01  |      ---           ---           ---     
n=02:                                4.4299e+00    +7.8476e-01   -4.9585e-04  |      ---           ---           ---     
n=03:                                5.1198e+01    -2.5163e+01   +1.9079e-04  |      ---           ---           ---     
n=04:                                1.3689e+04    +4.1663e+02   -3.7908e-05  |      ---           ---           ---     
n=05:                                2.9170e+03    -4.0538e+04   +4.4261e-05  |      ---           ---           ---     
n=06:                                7.0827e+07    -3.1039e+06   +4.0668e-05  |      ---           ---           ---     
