--- multipoles on reference trajectory (rz > 0) ---
effective_length:                   435.6471220761677 mm
perpendicular_grid:                 41 points in [-10.000000,+10.000000] mm
max_fitting_error_normal            0.057/4871.766 G/G
max_fitting_error_skew              335.169/335.169 G/G
r0_for_relative_multipoles          12 mm
main_monomial                       n = 0, skew:False
                                       Nn(s=0)      Integ_Nn     Nn/N0(@r0)   |    Sn(s=0)      Integ_Sn     Sn/S0(@r0)  
<multipole_order n>                    [T/m^n]      [T.m/m^n]        []       |    [T/m^n]      [T.m/m^n]        []      
n=00:                                5.5243e-01    -2.4067e-01   +1.0000e+00  |      ---           ---           ---     
n=01:                                7.2459e+00    +3.2255e+00   -1.6083e-01  |      ---           ---           ---     
n=02:                                5.3217e+00    +9.8575e-01   -5.8982e-04  |      ---           ---           ---     
n=03:                                8.6935e+01    -2.8877e+01   +2.0734e-04  |      ---           ---           ---     
n=04:                                1.2304e+03    +2.8413e+02   -2.4481e-05  |      ---           ---           ---     
n=05:                                2.0126e+05    -3.2906e+04   +3.4023e-05  |      ---           ---           ---     
n=06:                                2.4779e+07    -2.8544e+06   +3.5415e-05  |      ---           ---           ---     
