--- multipoles on reference trajectory (rz > 0) ---
effective_length:                   434.9998365296525 mm
perpendicular_grid:                 41 points in [-10.000000,+10.000000] mm
max_fitting_error_normal            0.042/4643.862 G/G
max_fitting_error_skew              318.393/318.393 G/G
r0_for_relative_multipoles          12 mm
main_monomial                       n = 0, skew:False
                                       Nn(s=0)      Integ_Nn     Nn/N0(@r0)   |    Sn(s=0)      Integ_Sn     Sn/S0(@r0)  
<multipole_order n>                    [T/m^n]      [T.m/m^n]        []       |    [T/m^n]      [T.m/m^n]        []      
n=00:                                5.2526e-01    -2.2849e-01   +1.0000e+00  |      ---           ---           ---     
n=01:                                6.8734e+00    +3.0567e+00   -1.6054e-01  |      ---           ---           ---     
n=02:                                3.9299e+00    +7.2068e-01   -4.5419e-04  |      ---           ---           ---     
n=03:                                6.5898e-01    -3.2669e+01   +2.4707e-04  |      ---           ---           ---     
n=04:                                1.9013e+04    +2.4815e+03   -2.2521e-04  |      ---           ---           ---     
n=05:                                5.7308e+05    -5.6860e+04   +6.1923e-05  |      ---           ---           ---     
n=06:                                9.8555e+07    -1.7361e+07   +2.2688e-04  |      ---           ---           ---     
