--- multipoles on reference trajectory (rz > 0) ---
effective_length:                   436.1144301590431 mm
perpendicular_grid:                 41 points in [-10.000000,+10.000000] mm
max_fitting_error_normal            0.044/4623.290 G/G
max_fitting_error_skew              337.012/337.012 G/G
r0_for_relative_multipoles          12 mm
main_monomial                       n = 0, skew:False
                                       Nn(s=0)      Integ_Nn     Nn/N0(@r0)   |    Sn(s=0)      Integ_Sn     Sn/S0(@r0)  
<multipole_order n>                    [T/m^n]      [T.m/m^n]        []       |    [T/m^n]      [T.m/m^n]        []      
n=00:                                5.2251e-01    -2.2787e-01   +1.0000e+00  |      ---           ---           ---     
n=01:                                6.8497e+00    +3.0657e+00   -1.6144e-01  |      ---           ---           ---     
n=02:                                6.0399e+00    +1.0570e+00   -6.6798e-04  |      ---           ---           ---     
n=03:                                1.9996e+02    -3.9819e+01   +3.0195e-04  |      ---           ---           ---     
n=04:                                3.4419e+03    -3.9016e+03   +3.5504e-04  |      ---           ---           ---     
n=05:                                1.0864e+06    +8.6133e+04   -9.4055e-05  |      ---           ---           ---     
n=06:                                4.2354e+06    +1.9065e+07   -2.4982e-04  |      ---           ---           ---     
