--- multipoles on reference trajectory (rz > 0) ---
effective_length:                   434.83543921983437 mm
perpendicular_grid:                 41 points in [-10.000000,+10.000000] mm
max_fitting_error_normal            0.043/4852.872 G/G
max_fitting_error_skew              342.841/342.841 G/G
r0_for_relative_multipoles          12 mm
main_monomial                       n = 0, skew:False
                                       Nn(s=0)      Integ_Nn     Nn/N0(@r0)   |    Sn(s=0)      Integ_Sn     Sn/S0(@r0)  
<multipole_order n>                    [T/m^n]      [T.m/m^n]        []       |    [T/m^n]      [T.m/m^n]        []      
n=00:                                5.5049e-01    -2.3937e-01   +1.0000e+00  |      ---           ---           ---     
n=01:                                7.2517e+00    +3.2211e+00   -1.6148e-01  |      ---           ---           ---     
n=02:                                5.7458e+00    +8.8673e-01   -5.3344e-04  |      ---           ---           ---     
n=03:                                1.2157e+02    -2.3722e+01   +1.7124e-04  |      ---           ---           ---     
n=04:                                3.3329e+03    +3.6297e+03   -3.1443e-04  |      ---           ---           ---     
n=05:                                1.1094e+06    -2.3639e+04   +2.4573e-05  |      ---           ---           ---     
n=06:                                2.2530e+07    -2.0842e+07   +2.5998e-04  |      ---           ---           ---     
