--- multipoles on reference trajectory (rz > 0) ---
effective_length:                   435.8465018728603 mm
perpendicular_grid:                 41 points in [-10.000000,+10.000000] mm
max_fitting_error_normal            0.038/6368.283 G/G
max_fitting_error_skew              336.152/336.152 G/G
r0_for_relative_multipoles          12 mm
main_monomial                       n = 0, skew:False
                                       Nn(s=0)      Integ_Nn     Nn/N0(@r0)   |    Sn(s=0)      Integ_Sn     Sn/S0(@r0)  
<multipole_order n>                    [T/m^n]      [T.m/m^n]        []       |    [T/m^n]      [T.m/m^n]        []      
n=00:                                5.4921e-01    -2.3937e-01   +1.0000e+00  |      ---           ---           ---     
n=01:                                7.2057e+00    +3.2194e+00   -1.6139e-01  |      ---           ---           ---     
n=02:                                5.8452e+00    +1.0139e+00   -6.0994e-04  |      ---           ---           ---     
n=03:                                8.4451e+01    -5.5507e+01   +4.0070e-04  |      ---           ---           ---     
n=04:                                9.4379e+03    -2.9701e+03   +2.5729e-04  |      ---           ---           ---     
n=05:                                5.7162e+04    +1.0411e+05   -1.0822e-04  |      ---           ---           ---     
n=06:                                6.7098e+07    +1.2630e+07   -1.5755e-04  |      ---           ---           ---     
