--- multipoles on reference trajectory (rz > 0) ---
effective_length:                   436.5982655488154 mm
perpendicular_grid:                 41 points in [-10.000000,+10.000000] mm
max_fitting_error_normal            0.048/3925.005 G/G
max_fitting_error_skew              340.749/340.749 G/G
r0_for_relative_multipoles          12 mm
main_monomial                       n = 0, skew:False
                                       Nn(s=0)      Integ_Nn     Nn/N0(@r0)   |    Sn(s=0)      Integ_Sn     Sn/S0(@r0)  
<multipole_order n>                    [T/m^n]      [T.m/m^n]        []       |    [T/m^n]      [T.m/m^n]        []      
n=00:                                5.4966e-01    -2.3998e-01   +1.0000e+00  |      ---           ---           ---     
n=01:                                7.1956e+00    +3.2219e+00   -1.6111e-01  |      ---           ---           ---     
n=02:                                5.3314e+00    +9.6330e-01   -5.7803e-04  |      ---           ---           ---     
n=03:                                7.3254e+01    -3.1861e+01   +2.2942e-04  |      ---           ---           ---     
n=04:                                9.7795e+03    +1.5105e+02   -1.3052e-05  |      ---           ---           ---     
n=05:                                5.8422e+04    -3.4684e+03   +3.5964e-06  |      ---           ---           ---     
n=06:                                3.7802e+07    -3.9757e+06   +4.9468e-05  |      ---           ---           ---     
