--- multipoles on reference trajectory (rz > 0) ---
effective_length:                   436.93840616028393 mm
perpendicular_grid:                 41 points in [-10.000000,+10.000000] mm
max_fitting_error_normal            0.071/3810.215 G/G
max_fitting_error_skew              316.694/316.694 G/G
r0_for_relative_multipoles          12 mm
main_monomial                       n = 0, skew:False
                                       Nn(s=0)      Integ_Nn     Nn/N0(@r0)   |    Sn(s=0)      Integ_Sn     Sn/S0(@r0)  
<multipole_order n>                    [T/m^n]      [T.m/m^n]        []       |    [T/m^n]      [T.m/m^n]        []      
n=00:                                5.2413e-01    -2.2901e-01   +1.0000e+00  |      ---           ---           ---     
n=01:                                6.8416e+00    +3.0638e+00   -1.6054e-01  |      ---           ---           ---     
n=02:                                5.3975e+00    +7.6003e-01   -4.7789e-04  |      ---           ---           ---     
n=03:                                1.6622e+02    -4.1886e+01   +3.1605e-04  |      ---           ---           ---     
n=04:                                5.7069e+03    +4.5276e+02   -4.0995e-05  |      ---           ---           ---     
n=05:                                7.5260e+05    +5.7928e+04   -6.2941e-05  |      ---           ---           ---     
n=06:                                3.9705e+07    -4.4598e+06   +5.8148e-05  |      ---           ---           ---     
