--- multipoles on reference trajectory (rz > 0) ---
effective_length:                   433.77035242905305 mm
perpendicular_grid:                 41 points in [-10.000000,+10.000000] mm
max_fitting_error_normal            0.050/4872.403 G/G
max_fitting_error_skew              339.473/339.473 G/G
r0_for_relative_multipoles          12 mm
main_monomial                       n = 0, skew:False
                                       Nn(s=0)      Integ_Nn     Nn/N0(@r0)   |    Sn(s=0)      Integ_Sn     Sn/S0(@r0)  
<multipole_order n>                    [T/m^n]      [T.m/m^n]        []       |    [T/m^n]      [T.m/m^n]        []      
n=00:                                5.5477e-01    -2.4064e-01   +1.0000e+00  |      ---           ---           ---     
n=01:                                7.2855e+00    +3.2206e+00   -1.6060e-01  |      ---           ---           ---     
n=02:                                3.3050e+00    +8.7951e-01   -5.2630e-04  |      ---           ---           ---     
n=03:                                1.0202e+02    -6.3577e+01   +4.5653e-04  |      ---           ---           ---     
n=04:                                2.4741e+04    +4.8512e+01   -4.1803e-06  |      ---           ---           ---     
n=05:                                2.2640e+05    +1.9848e+05   -2.0523e-04  |      ---           ---           ---     
n=06:                                1.4250e+08    -2.4222e+06   +3.0056e-05  |      ---           ---           ---     
