--- multipoles on reference trajectory (rz > 0) ---
effective_length:                   436.75518986243924 mm
perpendicular_grid:                 41 points in [-10.000000,+10.000000] mm
max_fitting_error_normal            0.023/6385.635 G/G
max_fitting_error_skew              337.119/337.119 G/G
r0_for_relative_multipoles          12 mm
main_monomial                       n = 0, skew:False
                                       Nn(s=0)      Integ_Nn     Nn/N0(@r0)   |    Sn(s=0)      Integ_Sn     Sn/S0(@r0)  
<multipole_order n>                    [T/m^n]      [T.m/m^n]        []       |    [T/m^n]      [T.m/m^n]        []      
n=00:                                5.5113e-01    -2.4071e-01   +1.0000e+00  |      ---           ---           ---     
n=01:                                7.2170e+00    +3.2279e+00   -1.6092e-01  |      ---           ---           ---     
n=02:                                5.3007e+00    +1.0546e+00   -6.3093e-04  |      ---           ---           ---     
n=03:                                1.1083e+02    -3.9522e+01   +2.8372e-04  |      ---           ---           ---     
n=04:                                3.7281e+03    -1.1099e+03   +9.5614e-05  |      ---           ---           ---     
n=05:                                1.6658e+05    +1.4891e+04   -1.5394e-05  |      ---           ---           ---     
n=06:                                1.1732e+07    +3.3676e+06   -4.1776e-05  |      ---           ---           ---     
