--- multipoles on reference trajectory (rz > 0) ---
effective_length:                   434.0415158213136 mm
perpendicular_grid:                 41 points in [-10.000000,+10.000000] mm
max_fitting_error_normal            0.038/3765.110 G/G
max_fitting_error_skew              339.377/339.377 G/G
r0_for_relative_multipoles          12 mm
main_monomial                       n = 0, skew:False
                                       Nn(s=0)      Integ_Nn     Nn/N0(@r0)   |    Sn(s=0)      Integ_Sn     Sn/S0(@r0)  
<multipole_order n>                    [T/m^n]      [T.m/m^n]        []       |    [T/m^n]      [T.m/m^n]        []      
n=00:                                5.5227e-01    -2.3971e-01   +1.0000e+00  |      ---           ---           ---     
n=01:                                7.2598e+00    +3.2136e+00   -1.6087e-01  |      ---           ---           ---     
n=02:                                4.9222e+00    +8.9013e-01   -5.3473e-04  |      ---           ---           ---     
n=03:                                6.6073e+01    -3.1359e+01   +2.2606e-04  |      ---           ---           ---     
n=04:                                9.2117e+01    -1.2060e+03   +1.0432e-04  |      ---           ---           ---     
n=05:                                2.3338e+04    -1.5258e+04   +1.5838e-05  |      ---           ---           ---     
n=06:                                2.6659e+06    +4.7582e+06   -5.9272e-05  |      ---           ---           ---     
