--- multipoles on reference trajectory (rz > 0) ---
effective_length:                   434.3077940420254 mm
perpendicular_grid:                 41 points in [-10.000000,+10.000000] mm
max_fitting_error_normal            0.075/4856.429 G/G
max_fitting_error_skew              343.061/343.061 G/G
r0_for_relative_multipoles          12 mm
main_monomial                       n = 0, skew:False
                                       Nn(s=0)      Integ_Nn     Nn/N0(@r0)   |    Sn(s=0)      Integ_Sn     Sn/S0(@r0)  
<multipole_order n>                    [T/m^n]      [T.m/m^n]        []       |    [T/m^n]      [T.m/m^n]        []      
n=00:                                5.5186e-01    -2.3968e-01   +1.0000e+00  |      ---           ---           ---     
n=01:                                7.2624e+00    +3.2195e+00   -1.6119e-01  |      ---           ---           ---     
n=02:                                4.7593e+00    +8.9105e-01   -5.3535e-04  |      ---           ---           ---     
n=03:                                3.6631e+00    -2.2059e+01   +1.5904e-04  |      ---           ---           ---     
n=04:                                1.7446e+04    +7.8875e+02   -6.8239e-05  |      ---           ---           ---     
n=05:                                4.2259e+05    -2.0717e+04   +2.1508e-05  |      ---           ---           ---     
n=06:                                1.2683e+08    -7.9128e+06   +9.8581e-05  |      ---           ---           ---     
