--- multipoles on reference trajectory (rz > 0) ---
effective_length:                   436.5987435290942 mm
perpendicular_grid:                 41 points in [-10.000000,+10.000000] mm
max_fitting_error_normal            0.042/4778.487 G/G
max_fitting_error_skew              343.186/343.186 G/G
r0_for_relative_multipoles          12 mm
main_monomial                       n = 0, skew:False
                                       Nn(s=0)      Integ_Nn     Nn/N0(@r0)   |    Sn(s=0)      Integ_Sn     Sn/S0(@r0)  
<multipole_order n>                    [T/m^n]      [T.m/m^n]        []       |    [T/m^n]      [T.m/m^n]        []      
n=00:                                5.5240e-01    -2.4118e-01   +1.0000e+00  |      ---           ---           ---     
n=01:                                7.2317e+00    +3.2345e+00   -1.6094e-01  |      ---           ---           ---     
n=02:                                5.5695e+00    +8.3123e-01   -4.9630e-04  |      ---           ---           ---     
n=03:                                4.5967e+01    -1.7587e+01   +1.2601e-04  |      ---           ---           ---     
n=04:                                4.2290e+03    +2.1876e+03   -1.8808e-04  |      ---           ---           ---     
n=05:                                1.4639e+05    -1.0014e+05   +1.0332e-04  |      ---           ---           ---     
n=06:                                2.4583e+07    -1.5530e+07   +1.9227e-04  |      ---           ---           ---     
