--- multipoles on reference trajectory (rz > 0) ---
effective_length:                   436.99521938376876 mm
perpendicular_grid:                 41 points in [-10.000000,+10.000000] mm
max_fitting_error_normal            0.027/6067.149 G/G
max_fitting_error_skew              322.127/322.127 G/G
r0_for_relative_multipoles          12 mm
main_monomial                       n = 0, skew:False
                                       Nn(s=0)      Integ_Nn     Nn/N0(@r0)   |    Sn(s=0)      Integ_Sn     Sn/S0(@r0)  
<multipole_order n>                    [T/m^n]      [T.m/m^n]        []       |    [T/m^n]      [T.m/m^n]        []      
n=00:                                5.2241e-01    -2.2829e-01   +1.0000e+00  |      ---           ---           ---     
n=01:                                6.8391e+00    +3.0654e+00   -1.6113e-01  |      ---           ---           ---     
n=02:                                5.8894e+00    +7.5247e-01   -4.7464e-04  |      ---           ---           ---     
n=03:                                1.1103e+01    -1.5546e+01   +1.1767e-04  |      ---           ---           ---     
n=04:                                1.5899e+03    -4.1633e+02   +3.7816e-05  |      ---           ---           ---     
n=05:                                1.7319e+05    -7.7820e+04   +8.4822e-05  |      ---           ---           ---     
n=06:                                5.0866e+06    +5.2594e+06   -6.8792e-05  |      ---           ---           ---     
