--- multipoles on reference trajectory (rz > 0) ---
effective_length:                   436.2730853393647 mm
perpendicular_grid:                 41 points in [-10.000000,+10.000000] mm
max_fitting_error_normal            0.042/3398.581 G/G
max_fitting_error_skew              341.490/341.490 G/G
r0_for_relative_multipoles          12 mm
main_monomial                       n = 0, skew:False
                                       Nn(s=0)      Integ_Nn     Nn/N0(@r0)   |    Sn(s=0)      Integ_Sn     Sn/S0(@r0)  
<multipole_order n>                    [T/m^n]      [T.m/m^n]        []       |    [T/m^n]      [T.m/m^n]        []      
n=00:                                5.5214e-01    -2.4088e-01   +1.0000e+00  |      ---           ---           ---     
n=01:                                7.2242e+00    +3.2351e+00   -1.6116e-01  |      ---           ---           ---     
n=02:                                6.6307e+00    +1.0771e+00   -6.4392e-04  |      ---           ---           ---     
n=03:                                5.3589e+01    -2.1142e+01   +1.5166e-04  |      ---           ---           ---     
n=04:                                1.1171e+04    -2.5386e+03   +2.1853e-04  |      ---           ---           ---     
n=05:                                2.9441e+04    -5.2541e+04   +5.4275e-05  |      ---           ---           ---     
n=06:                                5.9977e+07    +9.6893e+06   -1.2011e-04  |      ---           ---           ---     
