--- multipoles on reference trajectory (rz > 0) ---
effective_length:                   436.71164643449913 mm
perpendicular_grid:                 41 points in [-10.000000,+10.000000] mm
max_fitting_error_normal            0.034/6421.257 G/G
max_fitting_error_skew              357.303/357.303 G/G
r0_for_relative_multipoles          12 mm
main_monomial                       n = 0, skew:False
                                       Nn(s=0)      Integ_Nn     Nn/N0(@r0)   |    Sn(s=0)      Integ_Sn     Sn/S0(@r0)  
<multipole_order n>                    [T/m^n]      [T.m/m^n]        []       |    [T/m^n]      [T.m/m^n]        []      
n=00:                                5.5122e-01    -2.4072e-01   +1.0000e+00  |      ---           ---           ---     
n=01:                                7.1857e+00    +3.2205e+00   -1.6054e-01  |      ---           ---           ---     
n=02:                                7.1089e+00    +1.0871e+00   -6.5031e-04  |      ---           ---           ---     
n=03:                                8.4038e+01    -5.3542e+00   +3.8434e-05  |      ---           ---           ---     
n=04:                                2.1056e+04    -2.1676e+03   +1.8672e-04  |      ---           ---           ---     
n=05:                                8.8032e+05    -1.3295e+05   +1.3743e-04  |      ---           ---           ---     
n=06:                                1.2172e+08    +1.1483e+07   -1.4244e-04  |      ---           ---           ---     
