--- multipoles on reference trajectory (rz > 0) ---
effective_length:                   434.1567123602792 mm
perpendicular_grid:                 41 points in [-10.000000,+10.000000] mm
max_fitting_error_normal            0.050/4153.968 G/G
max_fitting_error_skew              336.902/336.902 G/G
r0_for_relative_multipoles          12 mm
main_monomial                       n = 0, skew:False
                                       Nn(s=0)      Integ_Nn     Nn/N0(@r0)   |    Sn(s=0)      Integ_Sn     Sn/S0(@r0)  
<multipole_order n>                    [T/m^n]      [T.m/m^n]        []       |    [T/m^n]      [T.m/m^n]        []      
n=00:                                5.5225e-01    -2.3976e-01   +1.0000e+00  |      ---           ---           ---     
n=01:                                7.2571e+00    +3.2203e+00   -1.6117e-01  |      ---           ---           ---     
n=02:                                5.0112e+00    +7.9694e-01   -4.7864e-04  |      ---           ---           ---     
n=03:                                2.0544e+01    -2.3488e+01   +1.6928e-04  |      ---           ---           ---     
n=04:                                6.0897e+02    +2.7502e+03   -2.3785e-04  |      ---           ---           ---     
n=05:                                5.1026e+05    -7.3253e+04   +7.6023e-05  |      ---           ---           ---     
n=06:                                1.8281e+07    -1.4309e+07   +1.7820e-04  |      ---           ---           ---     
