--- multipoles on reference trajectory (rz > 0) ---
effective_length:                   436.324760177307 mm
perpendicular_grid:                 41 points in [-10.000000,+10.000000] mm
max_fitting_error_normal            0.037/6695.764 G/G
max_fitting_error_skew              374.109/374.109 G/G
r0_for_relative_multipoles          12 mm
main_monomial                       n = 0, skew:False
                                       Nn(s=0)      Integ_Nn     Nn/N0(@r0)   |    Sn(s=0)      Integ_Sn     Sn/S0(@r0)  
<multipole_order n>                    [T/m^n]      [T.m/m^n]        []       |    [T/m^n]      [T.m/m^n]        []      
n=00:                                5.7657e-01    -2.5157e-01   +1.0000e+00  |      ---           ---           ---     
n=01:                                7.5397e+00    +3.3779e+00   -1.6113e-01  |      ---           ---           ---     
n=02:                                6.8334e+00    +1.2227e+00   -6.9989e-04  |      ---           ---           ---     
n=03:                                6.6892e+01    -2.9231e+01   +2.0078e-04  |      ---           ---           ---     
n=04:                                7.3193e+03    -4.9948e+03   +4.1170e-04  |      ---           ---           ---     
n=05:                                9.4568e+04    -9.2248e+03   +9.1243e-06  |      ---           ---           ---     
n=06:                                4.5000e+07    +2.5370e+07   -3.0112e-04  |      ---           ---           ---     
