--- multipoles on reference trajectory (rz > 0) ---
effective_length:                   435.39228559964516 mm
perpendicular_grid:                 41 points in [-10.000000,+10.000000] mm
max_fitting_error_normal            0.039/6393.408 G/G
max_fitting_error_skew              344.939/344.939 G/G
r0_for_relative_multipoles          12 mm
main_monomial                       n = 0, skew:False
                                       Nn(s=0)      Integ_Nn     Nn/N0(@r0)   |    Sn(s=0)      Integ_Sn     Sn/S0(@r0)  
<multipole_order n>                    [T/m^n]      [T.m/m^n]        []       |    [T/m^n]      [T.m/m^n]        []      
n=00:                                5.5256e-01    -2.4058e-01   +1.0000e+00  |      ---           ---           ---     
n=01:                                7.2315e+00    +3.2202e+00   -1.6062e-01  |      ---           ---           ---     
n=02:                                5.8610e+00    +9.6113e-01   -5.7529e-04  |      ---           ---           ---     
n=03:                                8.3677e+01    -2.2494e+01   +1.6157e-04  |      ---           ---           ---     
n=04:                                1.3316e+03    +7.1424e+02   -6.1562e-05  |      ---           ---           ---     
n=05:                                3.0365e+05    +1.6435e+04   -1.6998e-05  |      ---           ---           ---     
n=06:                                7.0539e+06    -5.2521e+06   +6.5188e-05  |      ---           ---           ---     
