--- multipoles on reference trajectory (rz > 0) ---
effective_length:                   435.8351633328969 mm
perpendicular_grid:                 41 points in [-10.000000,+10.000000] mm
max_fitting_error_normal            0.068/4055.902 G/G
max_fitting_error_skew              355.028/355.028 G/G
r0_for_relative_multipoles          12 mm
main_monomial                       n = 0, skew:False
                                       Nn(s=0)      Integ_Nn     Nn/N0(@r0)   |    Sn(s=0)      Integ_Sn     Sn/S0(@r0)  
<multipole_order n>                    [T/m^n]      [T.m/m^n]        []       |    [T/m^n]      [T.m/m^n]        []      
n=00:                                5.7756e-01    -2.5172e-01   +1.0000e+00  |      ---           ---           ---     
n=01:                                7.5505e+00    +3.3750e+00   -1.6089e-01  |      ---           ---           ---     
n=02:                                7.1532e+00    +1.0322e+00   -5.9049e-04  |      ---           ---           ---     
n=03:                                4.3673e+01    -6.9941e+00   +4.8012e-05  |      ---           ---           ---     
n=04:                                1.9815e+04    +8.7587e+02   -7.2151e-05  |      ---           ---           ---     
n=05:                                5.9998e+05    -1.5838e+05   +1.5657e-04  |      ---           ---           ---     
n=06:                                1.1883e+08    -4.5319e+06   +5.3758e-05  |      ---           ---           ---     
