--- multipoles on reference trajectory (rz > 0) ---
effective_length:                   435.25431812760127 mm
perpendicular_grid:                 41 points in [-10.000000,+10.000000] mm
max_fitting_error_normal            0.050/4637.175 G/G
max_fitting_error_skew              327.735/327.735 G/G
r0_for_relative_multipoles          12 mm
main_monomial                       n = 0, skew:False
                                       Nn(s=0)      Integ_Nn     Nn/N0(@r0)   |    Sn(s=0)      Integ_Sn     Sn/S0(@r0)  
<multipole_order n>                    [T/m^n]      [T.m/m^n]        []       |    [T/m^n]      [T.m/m^n]        []      
n=00:                                5.2533e-01    -2.2865e-01   +1.0000e+00  |      ---           ---           ---     
n=01:                                6.8782e+00    +3.0660e+00   -1.6091e-01  |      ---           ---           ---     
n=02:                                5.0634e+00    +9.7559e-01   -6.1440e-04  |      ---           ---           ---     
n=03:                                2.9241e+01    -3.0202e+01   +2.2824e-04  |      ---           ---           ---     
n=04:                                6.3526e+03    -1.0201e+03   +9.2514e-05  |      ---           ---           ---     
n=05:                                2.5215e+05    +7.3220e+03   -7.9681e-06  |      ---           ---           ---     
n=06:                                3.9033e+07    +3.1619e+06   -4.1291e-05  |      ---           ---           ---     
