--- multipoles on reference trajectory (rz > 0) ---
effective_length:                   435.65556996949874 mm
perpendicular_grid:                 41 points in [-10.000000,+10.000000] mm
max_fitting_error_normal            0.047/4811.907 G/G
max_fitting_error_skew              345.597/345.597 G/G
r0_for_relative_multipoles          12 mm
main_monomial                       n = 0, skew:False
                                       Nn(s=0)      Integ_Nn     Nn/N0(@r0)   |    Sn(s=0)      Integ_Sn     Sn/S0(@r0)  
<multipole_order n>                    [T/m^n]      [T.m/m^n]        []       |    [T/m^n]      [T.m/m^n]        []      
n=00:                                5.5430e-01    -2.4148e-01   +1.0000e+00  |      ---           ---           ---     
n=01:                                7.2543e+00    +3.2350e+00   -1.6076e-01  |      ---           ---           ---     
n=02:                                4.9452e+00    +7.9075e-01   -4.7154e-04  |      ---           ---           ---     
n=03:                                8.3488e+01    -1.7439e+01   +1.2479e-04  |      ---           ---           ---     
n=04:                                2.4901e+04    +3.1957e+03   -2.7441e-04  |      ---           ---           ---     
n=05:                                8.6624e+05    -3.7293e+04   +3.8428e-05  |      ---           ---           ---     
n=06:                                1.6483e+08    -2.1500e+07   +2.6585e-04  |      ---           ---           ---     
