--- multipoles on reference trajectory (rz > 0) ---
effective_length:                   434.3366249720475 mm
perpendicular_grid:                 41 points in [-10.000000,+10.000000] mm
max_fitting_error_normal            0.044/5120.831 G/G
max_fitting_error_skew              344.351/344.351 G/G
r0_for_relative_multipoles          12 mm
main_monomial                       n = 0, skew:False
                                       Nn(s=0)      Integ_Nn     Nn/N0(@r0)   |    Sn(s=0)      Integ_Sn     Sn/S0(@r0)  
<multipole_order n>                    [T/m^n]      [T.m/m^n]        []       |    [T/m^n]      [T.m/m^n]        []      
n=00:                                5.8062e-01    -2.5219e-01   +1.0000e+00  |      ---           ---           ---     
n=01:                                7.5841e+00    +3.3671e+00   -1.6022e-01  |      ---           ---           ---     
n=02:                                5.8350e+00    +1.0681e+00   -6.0989e-04  |      ---           ---           ---     
n=03:                                4.6813e+01    -7.2210e+00   +4.9479e-05  |      ---           ---           ---     
n=04:                                1.9871e+03    -1.8665e+03   +1.5347e-04  |      ---           ---           ---     
n=05:                                7.1110e+05    -1.8308e+05   +1.8064e-04  |      ---           ---           ---     
n=06:                                1.2739e+06    +6.2583e+06   -7.4100e-05  |      ---           ---           ---     
