--- multipoles on reference trajectory (rz > 0) ---
effective_length:                   435.7884382911725 mm
perpendicular_grid:                 41 points in [-10.000000,+10.000000] mm
max_fitting_error_normal            0.062/3510.721 G/G
max_fitting_error_skew              321.785/321.785 G/G
r0_for_relative_multipoles          12 mm
main_monomial                       n = 0, skew:False
                                       Nn(s=0)      Integ_Nn     Nn/N0(@r0)   |    Sn(s=0)      Integ_Sn     Sn/S0(@r0)  
<multipole_order n>                    [T/m^n]      [T.m/m^n]        []       |    [T/m^n]      [T.m/m^n]        []      
n=00:                                5.2531e-01    -2.2892e-01   +1.0000e+00  |      ---           ---           ---     
n=01:                                6.8599e+00    +3.0631e+00   -1.6057e-01  |      ---           ---           ---     
n=02:                                5.2553e+00    +1.0685e+00   -6.7213e-04  |      ---           ---           ---     
n=03:                                7.8365e+01    -1.8962e+01   +1.4313e-04  |      ---           ---           ---     
n=04:                                6.1977e+02    -2.1836e+03   +1.9779e-04  |      ---           ---           ---     
n=05:                                2.1769e+05    -3.9680e+04   +4.3130e-05  |      ---           ---           ---     
n=06:                                4.2113e+06    +7.3596e+06   -9.5995e-05  |      ---           ---           ---     
