--- multipoles on reference trajectory (rz > 0) ---
effective_length:                   436.20754614045904 mm
perpendicular_grid:                 41 points in [-10.000000,+10.000000] mm
max_fitting_error_normal            0.189/5167.246 G/G
max_fitting_error_skew              4.877/4.877 G/G
r0_for_relative_multipoles          12 mm
main_monomial                       n = 0, skew:False
                                       Nn(s=0)      Integ_Nn     Nn/N0(@r0)   |    Sn(s=0)      Integ_Sn     Sn/S0(@r0)  
<multipole_order n>                    [T/m^n]      [T.m/m^n]        []       |    [T/m^n]      [T.m/m^n]        []      
n=00:                                5.2865e-01    -2.3060e-01   +1.0000e+00  |      ---           ---           ---     
n=01:                                6.9366e+00    +3.1021e+00   -1.6143e-01  |      ---           ---           ---     
n=02:                                5.4931e+00    +5.5680e-01   -3.4770e-04  |      ---           ---           ---     
n=03:                                2.1749e+01    -1.8796e+01   +1.4085e-04  |      ---           ---           ---     
n=04:                                1.9793e+04    +1.4396e+03   -1.2945e-04  |      ---           ---           ---     
n=05:                                6.4966e+05    -1.2782e+05   +1.3793e-04  |      ---           ---           ---     
n=06:                                1.4194e+08    -1.2285e+07   +1.5908e-04  |      ---           ---           ---     
