--- multipoles on reference trajectory (rz > 0) ---
effective_length:                   435.5454243033293 mm
perpendicular_grid:                 41 points in [-10.000000,+10.000000] mm
max_fitting_error_normal            0.038/5007.782 G/G
max_fitting_error_skew              344.739/344.739 G/G
r0_for_relative_multipoles          12 mm
main_monomial                       n = 0, skew:False
                                       Nn(s=0)      Integ_Nn     Nn/N0(@r0)   |    Sn(s=0)      Integ_Sn     Sn/S0(@r0)  
<multipole_order n>                    [T/m^n]      [T.m/m^n]        []       |    [T/m^n]      [T.m/m^n]        []      
n=00:                                5.7670e-01    -2.5118e-01   +1.0000e+00  |      ---           ---           ---     
n=01:                                7.5403e+00    +3.3693e+00   -1.6096e-01  |      ---           ---           ---     
n=02:                                6.0193e+00    +9.0579e-01   -5.1928e-04  |      ---           ---           ---     
n=03:                                1.2626e+02    -4.1018e+01   +2.8219e-04  |      ---           ---           ---     
n=04:                                6.8835e+03    -6.7306e+02   +5.5565e-05  |      ---           ---           ---     
n=05:                                4.2026e+05    +1.5418e+04   -1.5274e-05  |      ---           ---           ---     
n=06:                                7.4093e+07    +6.6818e+06   -7.9432e-05  |      ---           ---           ---     
