--- multipoles on reference trajectory (rz > 0) ---
effective_length:                   435.29539010523627 mm
perpendicular_grid:                 41 points in [-10.000000,+10.000000] mm
max_fitting_error_normal            0.045/5108.480 G/G
max_fitting_error_skew              362.299/362.299 G/G
r0_for_relative_multipoles          12 mm
main_monomial                       n = 0, skew:False
                                       Nn(s=0)      Integ_Nn     Nn/N0(@r0)   |    Sn(s=0)      Integ_Sn     Sn/S0(@r0)  
<multipole_order n>                    [T/m^n]      [T.m/m^n]        []       |    [T/m^n]      [T.m/m^n]        []      
n=00:                                5.7897e-01    -2.5202e-01   +1.0000e+00  |      ---           ---           ---     
n=01:                                7.5772e+00    +3.3791e+00   -1.6090e-01  |      ---           ---           ---     
n=02:                                6.6849e+00    +1.0713e+00   -6.1213e-04  |      ---           ---           ---     
n=03:                                6.8305e+01    -2.0915e+01   +1.4340e-04  |      ---           ---           ---     
n=04:                                1.2868e+04    +2.1160e+02   -1.7410e-05  |      ---           ---           ---     
n=05:                                1.1354e+05    -9.9892e+04   +9.8627e-05  |      ---           ---           ---     
n=06:                                8.6093e+07    -1.5294e+06   +1.8120e-05  |      ---           ---           ---     
