--- multipoles on reference trajectory (rz > 0) ---
effective_length:                   436.6587872727234 mm
perpendicular_grid:                 41 points in [-10.000000,+10.000000] mm
max_fitting_error_normal            0.034/4614.124 G/G
max_fitting_error_skew              319.169/319.169 G/G
r0_for_relative_multipoles          12 mm
main_monomial                       n = 0, skew:False
                                       Nn(s=0)      Integ_Nn     Nn/N0(@r0)   |    Sn(s=0)      Integ_Sn     Sn/S0(@r0)  
<multipole_order n>                    [T/m^n]      [T.m/m^n]        []       |    [T/m^n]      [T.m/m^n]        []      
n=00:                                5.2250e-01    -2.2815e-01   +1.0000e+00  |      ---           ---           ---     
n=01:                                6.8618e+00    +3.0682e+00   -1.6137e-01  |      ---           ---           ---     
n=02:                                5.1723e+00    +8.1437e-01   -5.1400e-04  |      ---           ---           ---     
n=03:                                3.7286e+01    -1.5311e+01   +1.1597e-04  |      ---           ---           ---     
n=04:                                2.4101e+03    +4.5381e+02   -4.1245e-05  |      ---           ---           ---     
n=05:                                6.2024e+05    -5.7724e+04   +6.2956e-05  |      ---           ---           ---     
n=06:                                2.0112e+07    -1.7310e+06   +2.2655e-05  |      ---           ---           ---     
