--- multipoles on reference trajectory (rz > 0) ---
effective_length:                   435.0324921360849 mm
perpendicular_grid:                 41 points in [-10.000000,+10.000000] mm
max_fitting_error_normal            0.039/6695.612 G/G
max_fitting_error_skew              351.374/351.374 G/G
r0_for_relative_multipoles          12 mm
main_monomial                       n = 0, skew:False
                                       Nn(s=0)      Integ_Nn     Nn/N0(@r0)   |    Sn(s=0)      Integ_Sn     Sn/S0(@r0)  
<multipole_order n>                    [T/m^n]      [T.m/m^n]        []       |    [T/m^n]      [T.m/m^n]        []      
n=00:                                5.7756e-01    -2.5126e-01   +1.0000e+00  |      ---           ---           ---     
n=01:                                7.5684e+00    +3.3679e+00   -1.6085e-01  |      ---           ---           ---     
n=02:                                5.6548e+00    +8.5914e-01   -4.9239e-04  |      ---           ---           ---     
n=03:                                5.3401e+00    -3.0134e+01   +2.0725e-04  |      ---           ---           ---     
n=04:                                5.4814e+02    +1.5396e+03   -1.2706e-04  |      ---           ---           ---     
n=05:                                5.7229e+05    -4.6823e+04   +4.6372e-05  |      ---           ---           ---     
n=06:                                1.6040e+07    -9.8776e+06   +1.1739e-04  |      ---           ---           ---     
