--- multipoles on reference trajectory (rz > 0) ---
effective_length:                   436.20391669820617 mm
perpendicular_grid:                 41 points in [-10.000000,+10.000000] mm
max_fitting_error_normal            0.052/4882.789 G/G
max_fitting_error_skew              356.652/356.652 G/G
r0_for_relative_multipoles          12 mm
main_monomial                       n = 0, skew:False
                                       Nn(s=0)      Integ_Nn     Nn/N0(@r0)   |    Sn(s=0)      Integ_Sn     Sn/S0(@r0)  
<multipole_order n>                    [T/m^n]      [T.m/m^n]        []       |    [T/m^n]      [T.m/m^n]        []      
n=00:                                5.5192e-01    -2.4075e-01   +1.0000e+00  |      ---           ---           ---     
n=01:                                7.2267e+00    +3.2369e+00   -1.6134e-01  |      ---           ---           ---     
n=02:                                6.5574e+00    +1.1361e+00   -6.7951e-04  |      ---           ---           ---     
n=03:                                1.0689e+02    -4.0257e+01   +2.8895e-04  |      ---           ---           ---     
n=04:                                1.3734e+04    -3.7428e+03   +3.2237e-04  |      ---           ---           ---     
n=05:                                2.5627e+05    +5.8202e+04   -6.0156e-05  |      ---           ---           ---     
n=06:                                9.5379e+07    +2.0746e+07   -2.5731e-04  |      ---           ---           ---     
