--- multipoles on reference trajectory (rz > 0) ---
effective_length:                   436.5252992002687 mm
perpendicular_grid:                 41 points in [-10.000000,+10.000000] mm
max_fitting_error_normal            0.050/4132.645 G/G
max_fitting_error_skew              323.267/323.267 G/G
r0_for_relative_multipoles          12 mm
main_monomial                       n = 0, skew:False
                                       Nn(s=0)      Integ_Nn     Nn/N0(@r0)   |    Sn(s=0)      Integ_Sn     Sn/S0(@r0)  
<multipole_order n>                    [T/m^n]      [T.m/m^n]        []       |    [T/m^n]      [T.m/m^n]        []      
n=00:                                5.2224e-01    -2.2797e-01   +1.0000e+00  |      ---           ---           ---     
n=01:                                6.8499e+00    +3.0648e+00   -1.6133e-01  |      ---           ---           ---     
n=02:                                5.6073e+00    +8.3874e-01   -5.2979e-04  |      ---           ---           ---     
n=03:                                6.3023e+01    -1.1443e+01   +8.6739e-05  |      ---           ---           ---     
n=04:                                8.8076e+03    -2.1449e+03   +1.9509e-04  |      ---           ---           ---     
n=05:                                4.1398e+04    -1.3168e+05   +1.4373e-04  |      ---           ---           ---     
n=06:                                5.8136e+07    +1.1899e+07   -1.5585e-04  |      ---           ---           ---     
