--- multipoles on reference trajectory (rz > 0) ---
effective_length:                   434.5472639564391 mm
perpendicular_grid:                 41 points in [-10.000000,+10.000000] mm
max_fitting_error_normal            0.044/6064.501 G/G
max_fitting_error_skew              325.888/325.888 G/G
r0_for_relative_multipoles          12 mm
main_monomial                       n = 0, skew:False
                                       Nn(s=0)      Integ_Nn     Nn/N0(@r0)   |    Sn(s=0)      Integ_Sn     Sn/S0(@r0)  
<multipole_order n>                    [T/m^n]      [T.m/m^n]        []       |    [T/m^n]      [T.m/m^n]        []      
n=00:                                5.2472e-01    -2.2801e-01   +1.0000e+00  |      ---           ---           ---     
n=01:                                6.9142e+00    +3.0673e+00   -1.6143e-01  |      ---           ---           ---     
n=02:                                4.6050e+00    +9.8697e-01   -6.2331e-04  |      ---           ---           ---     
n=03:                                7.6040e+01    -3.8528e+01   +2.9198e-04  |      ---           ---           ---     
n=04:                                8.7598e+03    -7.7891e+00   +7.0836e-07  |      ---           ---           ---     
n=05:                                2.3262e+05    +1.1559e+05   -1.2615e-04  |      ---           ---           ---     
n=06:                                6.0621e+07    -5.9475e+06   +7.7886e-05  |      ---           ---           ---     
