--- multipoles on reference trajectory (rz > 0) ---
effective_length:                   435.9452822482517 mm
perpendicular_grid:                 41 points in [-10.000000,+10.000000] mm
max_fitting_error_normal            0.044/2145.291 G/G
max_fitting_error_skew              316.192/316.192 G/G
r0_for_relative_multipoles          12 mm
main_monomial                       n = 0, skew:False
                                       Nn(s=0)      Integ_Nn     Nn/N0(@r0)   |    Sn(s=0)      Integ_Sn     Sn/S0(@r0)  
<multipole_order n>                    [T/m^n]      [T.m/m^n]        []       |    [T/m^n]      [T.m/m^n]        []      
n=00:                                5.2494e-01    -2.2884e-01   +1.0000e+00  |      ---           ---           ---     
n=01:                                6.8573e+00    +3.0625e+00   -1.6059e-01  |      ---           ---           ---     
n=02:                                5.2764e+00    +7.6343e-01   -4.8039e-04  |      ---           ---           ---     
n=03:                                6.7246e+01    -1.3757e+01   +1.0388e-04  |      ---           ---           ---     
n=04:                                4.4627e+03    +1.8299e+02   -1.6581e-05  |      ---           ---           ---     
n=05:                                1.0852e+05    -8.9774e+04   +9.7615e-05  |      ---           ---           ---     
n=06:                                3.6498e+07    -2.0912e+06   +2.7286e-05  |      ---           ---           ---     
