--- multipoles on reference trajectory (rz > 0) ---
effective_length:                   434.1917756116 mm
perpendicular_grid:                 41 points in [-10.000000,+10.000000] mm
max_fitting_error_normal            0.059/4193.352 G/G
max_fitting_error_skew              337.924/337.924 G/G
r0_for_relative_multipoles          12 mm
main_monomial                       n = 0, skew:False
                                       Nn(s=0)      Integ_Nn     Nn/N0(@r0)   |    Sn(s=0)      Integ_Sn     Sn/S0(@r0)  
<multipole_order n>                    [T/m^n]      [T.m/m^n]        []       |    [T/m^n]      [T.m/m^n]        []      
n=00:                                5.5401e-01    -2.4055e-01   +1.0000e+00  |      ---           ---           ---     
n=01:                                7.2547e+00    +3.2199e+00   -1.6063e-01  |      ---           ---           ---     
n=02:                                4.9825e+00    +8.1080e-01   -4.8537e-04  |      ---           ---           ---     
n=03:                                1.7496e+01    -2.5688e+01   +1.8453e-04  |      ---           ---           ---     
n=04:                                1.7520e+03    +2.9697e+03   -2.5600e-04  |      ---           ---           ---     
n=05:                                5.1350e+05    -5.7707e+04   +5.9695e-05  |      ---           ---           ---     
n=06:                                1.3927e+07    -1.5478e+07   +1.9213e-04  |      ---           ---           ---     
