--- multipoles on reference trajectory (rz > 0) ---
effective_length:                   434.1220660133506 mm
perpendicular_grid:                 41 points in [-10.000000,+10.000000] mm
max_fitting_error_normal            0.044/3797.107 G/G
max_fitting_error_skew              340.682/340.682 G/G
r0_for_relative_multipoles          12 mm
main_monomial                       n = 0, skew:False
                                       Nn(s=0)      Integ_Nn     Nn/N0(@r0)   |    Sn(s=0)      Integ_Sn     Sn/S0(@r0)  
<multipole_order n>                    [T/m^n]      [T.m/m^n]        []       |    [T/m^n]      [T.m/m^n]        []      
n=00:                                5.5468e-01    -2.4080e-01   +1.0000e+00  |      ---           ---           ---     
n=01:                                7.2913e+00    +3.2303e+00   -1.6098e-01  |      ---           ---           ---     
n=02:                                5.3098e+00    +8.3473e-01   -4.9917e-04  |      ---           ---           ---     
n=03:                                1.2122e+02    -3.9439e+01   +2.8302e-04  |      ---           ---           ---     
n=04:                                6.1766e+03    -2.0286e+03   +1.7469e-04  |      ---           ---           ---     
n=05:                                3.5569e+05    +1.5815e+04   -1.6342e-05  |      ---           ---           ---     
n=06:                                4.6012e+07    +1.3350e+07   -1.6555e-04  |      ---           ---           ---     
