--- multipoles on reference trajectory (rz > 0) ---
effective_length:                   435.3832654957574 mm
perpendicular_grid:                 41 points in [-10.000000,+10.000000] mm
max_fitting_error_normal            0.049/5133.914 G/G
max_fitting_error_skew              360.990/360.990 G/G
r0_for_relative_multipoles          12 mm
main_monomial                       n = 0, skew:False
                                       Nn(s=0)      Integ_Nn     Nn/N0(@r0)   |    Sn(s=0)      Integ_Sn     Sn/S0(@r0)  
<multipole_order n>                    [T/m^n]      [T.m/m^n]        []       |    [T/m^n]      [T.m/m^n]        []      
n=00:                                5.7974e-01    -2.5241e-01   +1.0000e+00  |      ---           ---           ---     
n=01:                                7.5777e+00    +3.3772e+00   -1.6056e-01  |      ---           ---           ---     
n=02:                                5.8486e+00    +1.1463e+00   -6.5396e-04  |      ---           ---           ---     
n=03:                                4.0595e+00    -9.9871e+00   +6.8371e-05  |      ---           ---           ---     
n=04:                                1.2067e+04    +1.3737e+03   -1.1285e-04  |      ---           ---           ---     
n=05:                                3.5763e+05    -1.1285e+05   +1.1125e-04  |      ---           ---           ---     
n=06:                                8.1714e+07    -1.0746e+07   +1.2713e-04  |      ---           ---           ---     
