--- multipoles on reference trajectory (rz > 0) ---
effective_length:                   435.9166498407369 mm
perpendicular_grid:                 41 points in [-10.000000,+10.000000] mm
max_fitting_error_normal            0.044/6070.979 G/G
max_fitting_error_skew              315.208/315.208 G/G
r0_for_relative_multipoles          12 mm
main_monomial                       n = 0, skew:False
                                       Nn(s=0)      Integ_Nn     Nn/N0(@r0)   |    Sn(s=0)      Integ_Sn     Sn/S0(@r0)  
<multipole_order n>                    [T/m^n]      [T.m/m^n]        []       |    [T/m^n]      [T.m/m^n]        []      
n=00:                                5.2319e-01    -2.2807e-01   +1.0000e+00  |      ---           ---           ---     
n=01:                                6.8599e+00    +3.0629e+00   -1.6116e-01  |      ---           ---           ---     
n=02:                                5.2036e+00    +7.5796e-01   -4.7857e-04  |      ---           ---           ---     
n=03:                                6.8599e+01    -1.3882e+01   +1.0518e-04  |      ---           ---           ---     
n=04:                                3.5702e+03    -1.0895e+02   +9.9061e-06  |      ---           ---           ---     
n=05:                                1.3062e+05    -9.0122e+04   +9.8326e-05  |      ---           ---           ---     
n=06:                                3.0348e+07    -6.1676e+05   +8.0749e-06  |      ---           ---           ---     
