--- multipoles on reference trajectory (rz > 0) ---
effective_length:                   434.99092308746737 mm
perpendicular_grid:                 41 points in [-10.000000,+10.000000] mm
max_fitting_error_normal            0.034/4185.551 G/G
max_fitting_error_skew              320.512/320.512 G/G
r0_for_relative_multipoles          12 mm
main_monomial                       n = 0, skew:False
                                       Nn(s=0)      Integ_Nn     Nn/N0(@r0)   |    Sn(s=0)      Integ_Sn     Sn/S0(@r0)  
<multipole_order n>                    [T/m^n]      [T.m/m^n]        []       |    [T/m^n]      [T.m/m^n]        []      
n=00:                                5.2379e-01    -2.2785e-01   +1.0000e+00  |      ---           ---           ---     
n=01:                                6.8835e+00    +3.0611e+00   -1.6122e-01  |      ---           ---           ---     
n=02:                                4.5616e+00    +9.5711e-01   -6.0490e-04  |      ---           ---           ---     
n=03:                                9.6182e+01    -3.5936e+01   +2.7254e-04  |      ---           ---           ---     
n=04:                                6.9538e+03    -2.1953e+03   +1.9979e-04  |      ---           ---           ---     
n=05:                                2.1720e+05    +5.7784e+04   -6.3107e-05  |      ---           ---           ---     
n=06:                                5.0893e+07    +7.6914e+06   -1.0080e-04  |      ---           ---           ---     
